cell	Node 0	Node 1	Node 2	Node 3	Node 4	Node 5
Cell_0	1.67451e-40	7.58682e-23	8.02283e-13	8.64802e-14	5.84086e-12	1
Cell_1	1.10513e-37	4.79643e-11	5.43219e-05	0.994153	0.00142742	0.00436513
Cell_2	3.44035e-34	1.56006e-11	0.043141	0.000126127	0.956732	6.49429e-07
Cell_3	5.01387e-30	0.0010163	0.0447688	0.00164528	0.952563	7.04732e-06
Cell_4	1.84456e-35	8.36433e-13	6.23403e-11	1.72172e-11	8.78786e-12	1
Cell_5	1.79134e-16	6.62592e-08	0.182973	0.000512521	0.816512	2.19394e-06
Cell_6	5.27828e-18	0.873402	0.0634718	0.0254428	0.0375729	0.00011046
Cell_7	6.61307e-15	0.0137115	0.195333	0.00353958	0.7874	1.58525e-05
Cell_8	5.57759e-32	3.83859e-10	0.299257	5.29645e-05	0.700689	2.29945e-07
Cell_9	7.75268e-38	2.53318e-09	0.156992	0.000248896	0.842758	1.27938e-06
Cell_10	3.28337e-26	0.00148887	0.360109	0.455793	0.180664	0.00194508
Cell_11	2.14835e-27	2.06651e-06	0.0013721	0.986685	0.0077238	0.0042171
Cell_12	7.60055e-15	0.999858	2.13707e-05	1.74174e-06	0.000118426	7.4605e-09
Cell_13	4.27436e-19	1.58103e-10	0.234719	0.0094	0.75584	4.18317e-05
Cell_14	2.15692e-09	0.112662	0.887295	1.98481e-06	4.11997e-05	9.02883e-09
Cell_15	8.73334e-25	0.000840067	0.0299075	0.00597994	0.963246	2.60896e-05
Cell_16	2.08657e-07	0.0137691	0.526603	0.347012	0.111127	0.00148852
Cell_17	1.7174e-13	1.1333e-08	0.341689	0.00447273	0.653816	2.18751e-05
Cell_18	2.89573e-33	0.00136842	0.0211689	0.00313832	0.974311	1.33568e-05
Cell_19	9.01289e-42	8.42331e-16	2.44377e-07	0.995697	6.60464e-06	0.00429572
Cell_20	2.21839e-43	1.93751e-06	0.000194413	0.987796	0.00779847	0.00420885
Cell_21	2.23329e-17	8.26062e-09	0.043988	0.0129261	0.943028	5.82204e-05
Cell_22	1.08216e-27	5.4115e-11	0.451199	0.000235385	0.548565	1.09439e-06
Cell_23	9.97616e-21	0.000388241	0.0840772	0.0038926	0.911625	1.70916e-05
Cell_24	4.13383e-27	1.43788e-06	0.731067	0.0484399	0.220283	0.000208149
Cell_25	3.81403e-12	0.791133	0.149243	9.34051e-05	0.0595301	4.29153e-07
Cell_26	1.16603e-16	0.311453	0.232992	0.175548	0.279261	0.000746104
Cell_27	1.39808e-06	0.999999	1.05903e-17	2.48929e-19	1.74847e-16	1.06112e-21
Cell_28	1.50719e-37	0.00239965	0.0298609	0.0146271	0.95305	6.23003e-05
Cell_29	1.80511e-09	0.99999	6.06921e-07	2.16015e-08	8.99798e-06	9.29183e-11
Cell_30	2.85813e-22	0.00132592	0.0834762	0.000182666	0.915014	7.98381e-07
Cell_31	6.63471e-21	0.00300602	0.134021	0.0102883	0.85264	4.40684e-05
Cell_32	4.98441e-26	0.000129634	0.108282	0.493114	0.395295	0.00317955
Cell_33	5.1013e-06	0.0228221	0.10597	0.0380472	0.832986	0.000169361
Cell_34	5.35503e-23	0.00657822	0.142705	0.0101872	0.840482	4.76811e-05
Cell_35	7.73082e-29	1.13797e-10	0.366446	0.475961	0.155475	0.00211858
Cell_36	1.30035e-11	8.58094e-07	0.0973261	0.0111123	0.891514	4.72228e-05
Cell_37	5.03644e-31	5.69637e-08	0.841845	0.00784251	0.150278	3.36045e-05
Cell_38	3.58426e-06	0.999996	1.37141e-15	4.25104e-16	1.09074e-14	1.89179e-18
Cell_39	2.07599e-21	4.30435e-09	0.0497859	0.00540599	0.944783	2.5536e-05
Cell_40	6.06518e-58	2.66923e-19	0.0954779	0.00393452	0.900571	1.69118e-05
Cell_41	8.90827e-30	3.77003e-10	0.107022	0.00702785	0.885915	3.44184e-05
Cell_42	3.2637e-25	4.40777e-08	0.215744	0.00419812	0.780039	1.85894e-05
Cell_43	0.00114225	0.998858	8.12951e-17	1.10184e-19	1.0864e-16	4.71153e-22
Cell_44	3.94925e-26	1.83211e-07	7.77942e-06	0.995421	4.26715e-05	0.00452814
Cell_45	9.27164e-38	8.34704e-08	0.0484398	0.00432517	0.947217	1.84253e-05
Cell_46	5.73916e-18	0.00427473	0.69017	0.0283633	0.27706	0.000131668
Cell_47	9.5324e-30	0.0019322	0.0407897	0.00197394	0.955295	9.23902e-06
Cell_48	4.43689e-22	9.19941e-10	0.493694	0.0453319	0.460781	0.000192706
Cell_49	2.49627e-21	0.000337133	0.0479914	0.757942	0.19045	0.00327958
Cell_50	3.32482e-22	7.95547e-13	0.189335	0.141912	0.668135	0.000617527
Cell_51	3.34477e-23	0.000475126	0.0502006	0.00147927	0.947838	6.55027e-06
Cell_52	1.44302e-26	6.69437e-08	0.110425	7.68715e-05	0.889498	4.13741e-07
Cell_53	2.08023e-40	2.52741e-05	0.180089	0.00220891	0.817668	9.39899e-06
Cell_54	1.15075e-29	0.00499442	0.781523	0.136398	0.0764984	0.000585927
Cell_55	8.97222e-12	0.999884	7.79443e-05	3.65992e-05	6.30843e-07	6.77665e-07
Cell_56	2.39756e-25	0.00165004	0.678331	0.00140891	0.318604	5.98926e-06
Cell_57	8.3056e-31	0.000762323	0.0358974	0.00197553	0.961356	8.61891e-06
Cell_58	6.12895e-28	0.00517358	0.2864	0.00304343	0.70537	1.3213e-05
Cell_59	1.50511e-24	2.763e-10	0.311631	0.185848	0.501721	0.000799423
Cell_60	8.63762e-14	0.0012368	0.0315396	0.00228204	0.964931	1.01049e-05
Cell_61	3.42578e-64	2.94677e-07	0.250161	4.85603e-05	0.74979	2.06334e-07
Cell_62	1.09927e-43	7.56536e-22	2.80371e-10	0.995443	6.30261e-10	0.00455685
Cell_63	8.7388e-19	0.000650897	0.0375852	0.316442	0.643883	0.00143948
Cell_64	5.14228e-05	0.00920216	0.406085	0.158685	0.42529	0.0006863
Cell_65	3.16939e-25	4.6653e-07	0.189688	8.76822e-06	0.810303	3.74933e-08
Cell_66	2.8917e-41	1.87655e-09	0.903109	0.000476317	0.0964128	2.03013e-06
Cell_67	3.39014e-22	4.85424e-12	0.0450368	0.0185323	0.936351	7.97091e-05
Cell_68	3.57588e-07	1	4.57941e-16	6.43106e-17	1.6861e-16	2.82375e-19
Cell_69	1.24698e-28	2.58549e-16	0.706998	0.086275	0.206354	0.000372537
Cell_70	7.02076e-29	1.03345e-10	0.954211	0.00335502	0.0424192	1.44664e-05
Cell_71	2.40045e-09	0.996717	0.000839948	0.000168159	0.00227467	7.19835e-07
Cell_72	1.69186e-36	1.84138e-05	0.149519	0.259974	0.589358	0.00113127
Cell_73	5.58078e-34	0.00329805	0.170013	0.0557201	0.770722	0.000246731
Cell_74	1.14963e-34	4.98956e-08	0.366313	1.32109e-05	0.633674	7.85582e-08
Cell_75	2.73059e-19	6.53362e-10	2.82231e-08	0.8827	6.65411e-08	0.1173
Cell_76	9.70261e-12	1	1.41686e-10	2.24543e-11	9.74855e-12	9.55063e-14
Cell_77	4.21952e-51	8.09255e-24	0.0848773	0.0064528	0.908642	2.74621e-05
Cell_78	2.10981e-20	0.0978766	0.699052	0.0414747	0.16142	0.000177264
Cell_79	6.10532e-39	8.24552e-22	0.0224385	0.000193155	0.977368	8.20746e-07
Cell_80	4.52844e-22	0.0021008	0.418179	0.047634	0.531878	0.00020782
Cell_81	5.96798e-18	1.2374e-05	0.8622	0.000774275	0.137008	5.97191e-06
Cell_82	1.20603e-20	0.00546422	0.197024	0.000512498	0.796997	2.18285e-06
Cell_83	5.64893e-16	0.00548724	0.905696	0.0154854	0.0732499	8.1299e-05
Cell_84	4.45914e-31	2.02033e-13	4.48936e-11	2.46051e-12	8.10535e-10	1
Cell_85	3.94575e-42	2.3318e-11	0.0855709	0.00351821	0.910896	1.50189e-05
Cell_86	1.8618e-12	1	4.44729e-11	3.29559e-12	2.87243e-10	1.39983e-14
Cell_87	0.00114225	0.998858	1.20688e-16	6.7875e-19	9.99191e-17	3.00553e-21
Cell_88	9.6323e-41	3.06586e-10	0.0356037	0.0027031	0.961681	1.20324e-05
Cell_89	1.14228e-48	2.27163e-17	0.0235968	0.000989168	0.97541	4.20806e-06
Cell_90	5.92191e-21	1.07544e-05	0.820823	0.13834	0.0402108	0.000615635
Cell_91	3.20082e-26	2.47302e-08	0.0729503	0.0246852	0.902258	0.000105924
Cell_92	8.57606e-26	1.22798e-15	1.45531e-13	0.995757	5.81795e-13	0.00424347
Cell_93	4.90296e-36	0.000568444	0.0356304	0.000279573	0.96352	1.18791e-06
Cell_94	5.56336e-23	0.00962257	0.122829	0.00105899	0.866485	4.58827e-06
Cell_95	1.05653e-11	0.00390797	0.0352808	0.00390039	0.956894	1.66396e-05
Cell_96	2.75676e-33	1.01427e-08	0.166864	0.0314256	0.80156	0.000150751
Cell_97	6.27377e-27	0.00173814	0.0382026	0.011002	0.949009	4.78749e-05
Cell_98	7.94403e-12	0.00293839	0.082165	0.00153879	0.91335	7.5361e-06
Cell_99	4.09661e-26	0.00463339	0.311044	0.0581821	0.625841	0.000299068
Cell_100	7.59134e-07	0.0033962	0.116481	0.00608146	0.874015	2.62598e-05
Cell_101	1.39388e-29	0.0127936	0.719915	0.249025	0.0169856	0.00128004
Cell_102	1.72198e-47	1.73557e-08	0.121473	2.84158e-06	0.878524	1.21425e-08
Cell_103	2.85636e-18	0.00827297	0.285398	0.00329914	0.702806	0.00022368
Cell_104	8.5659e-13	1	9.88385e-09	1.42464e-09	9.22997e-10	6.06003e-12
Cell_105	8.81372e-27	3.43003e-10	0.14138	0.0022281	0.715508	0.140884
Cell_106	5.62422e-23	0.00690889	0.362339	0.000479968	0.63027	2.04824e-06
Cell_107	3.36356e-14	6.01912e-12	2.12088e-06	6.75792e-07	2.66584e-05	0.999971
Cell_108	2.36438e-11	1	1.09928e-14	5.04493e-16	1.08993e-13	2.16092e-18
Cell_109	1.84578e-23	8.36279e-06	0.546264	0.0145313	0.439129	6.67647e-05
Cell_110	2.38024e-21	0.0110423	0.725048	0.0151769	0.248661	7.15712e-05
Cell_111	8.95538e-24	0.0011001	0.0531982	0.00331342	0.942374	1.41514e-05
Cell_112	5.13536e-37	3.32031e-08	0.928727	0.000736628	0.0705331	3.29909e-06
Cell_113	1.47603e-12	0.0705917	0.251854	0.0394367	0.637929	0.000189181
Cell_114	3.46817e-19	0.0134971	0.0799831	0.016376	0.890072	7.14459e-05
Cell_115	2.50853e-18	0.00186844	0.0539255	0.0674191	0.872216	0.00457099
Cell_116	2.84543e-29	0.00265929	0.150488	0.0558273	0.790779	0.000246089
Cell_117	2.09137e-16	0.000433623	0.0467183	0.00064231	0.952203	2.75312e-06
Cell_118	0.00016225	0.999838	3.42736e-20	1.94365e-21	7.26303e-19	8.3931e-24
Cell_119	1.98587e-20	0.002682	0.0408505	0.0233387	0.933027	0.000101499
Cell_120	6.40912e-24	0.000271237	0.0338575	0.00631549	0.959529	2.71131e-05
Cell_121	3.91986e-38	7.47966e-13	0.0414714	0.000230253	0.958297	9.97419e-07
Cell_122	2.39909e-27	8.34485e-07	0.151561	0.00415492	0.844266	1.76909e-05
Cell_123	1.45446e-21	0.000658981	0.0792957	0.00331522	0.916711	1.9192e-05
Cell_124	1.93775e-22	0.000898947	0.0670087	0.00206876	0.930015	9.08349e-06
Cell_125	5.32563e-19	2.2324e-07	0.0834696	0.00147188	0.915052	6.29945e-06
Cell_126	3.23556e-21	1.35628e-09	0.0416042	0.0208611	0.937436	9.83769e-05
Cell_127	3.22134e-17	0.0787669	0.386275	0.0200884	0.514781	8.942e-05
Cell_128	9.77588e-24	0.00120089	0.1224	0.000510502	0.875886	2.17154e-06
Cell_129	1.76311e-31	3.36427e-06	0.0590999	0.00767062	0.933183	4.32897e-05
Cell_130	5.36735e-28	0.931372	0.044567	0.000718111	0.0233398	3.13302e-06
Cell_131	1.95839e-17	0.00976068	0.129442	0.000966953	0.859827	4.20767e-06
Cell_132	7.22538e-22	0.999937	4.32543e-05	3.39151e-06	1.58556e-05	1.44399e-08
Cell_133	7.00576e-19	0.00758009	0.471517	0.00259047	0.518289	2.3874e-05
Cell_134	2.38641e-12	0.998205	0.00178397	2.0607e-07	1.06398e-05	9.06454e-10
Cell_135	1.59727e-20	6.69544e-09	0.431203	0.0475619	0.52103	0.000204568
Cell_136	1.44642e-24	0.000503113	0.0389531	0.000295106	0.960247	1.2548e-06
Cell_137	5.32577e-14	3.87192e-08	5.20438e-07	0.995509	2.32575e-07	0.00449055
Cell_138	5.73351e-31	3.82403e-07	0.0541761	0.00480361	0.941	2.04038e-05
Cell_139	1.36083e-35	0.363106	0.0303531	0.00195384	0.604576	1.10266e-05
Cell_140	2.18868e-43	1.21935e-09	0.259969	0.00112119	0.738905	4.79376e-06
Cell_141	0.0523687	0.947631	5.13648e-23	2.42763e-24	3.7844e-24	1.03438e-26
Cell_142	8.30475e-29	3.85268e-10	7.80551e-09	0.994777	2.4061e-07	0.00522263
Cell_143	3.96441e-12	0.274965	0.0576818	0.00153783	0.665809	6.75233e-06
Cell_144	1.83011e-09	0.00133052	0.0347087	0.00608297	0.957851	2.6814e-05
Cell_145	1.96166e-28	4.0673e-16	0.0601027	5.35952e-05	0.939843	3.64186e-07
Cell_146	3.81983e-26	0.00432034	0.0437661	0.011531	0.940333	4.93324e-05
Cell_147	1.0255e-38	1.29907e-09	0.0319649	1.41692e-05	0.968021	6.05332e-08
Cell_148	1.04773e-40	4.15036e-13	0.0362356	0.00420065	0.959545	1.88369e-05
Cell_149	4.06456e-28	0.000112608	0.364318	0.000666482	0.634899	3.58716e-06
Cell_150	2.08736e-30	0.000726663	0.0416248	3.66994e-05	0.957612	1.56928e-07
Cell_151	1.0843e-15	5.6636e-08	0.0550892	0.020311	0.924512	8.75782e-05
Cell_152	1.46759e-18	0.00425063	0.268519	0.0126317	0.714545	5.40432e-05
Cell_153	4.17677e-24	1.62547e-07	0.90998	0.0484686	0.0413306	0.000220482
Cell_154	9.26375e-14	0.997599	0.000293004	1.62512e-07	0.00210753	8.74676e-10
Cell_155	1.54344e-21	1.66997e-05	0.332512	0.204023	0.462558	0.000890119
Cell_156	1.08558e-50	8.16826e-11	0.330268	0.000731796	0.668997	3.10779e-06
Cell_157	3.90772e-39	7.92088e-13	0.0319347	4.31299e-06	0.968061	1.83417e-08
Cell_158	7.8069e-06	0.999992	1.22116e-10	2.06796e-12	2.61652e-09	8.85778e-15
Cell_159	2.31125e-27	0.00364967	0.0282892	0.17099	0.790195	0.00687614
Cell_160	5.1689e-28	1.79792e-07	0.0280112	4.57684e-05	0.971943	1.94623e-07
Cell_161	6.99258e-35	5.65729e-07	0.112676	8.1764e-05	0.887241	3.4917e-07
Cell_162	1.92885e-27	0.00304582	0.115464	8.07244e-05	0.88141	3.43034e-07
Cell_163	2.0227e-29	1.50658e-14	0.0145339	0.952313	0.028725	0.00442763
Cell_164	2.9738e-16	4.2581e-06	0.969797	1.18792e-05	0.0301873	5.14689e-08
Cell_165	1.42654e-15	0.00295778	0.0459032	0.0169148	0.934146	7.77157e-05
Cell_166	1.28307e-15	0.0026603	0.0656285	0.000534855	0.931174	2.48672e-06
Cell_167	3.22099e-20	9.32908e-05	0.0462001	0.00109415	0.9489	0.0037121
Cell_168	6.63443e-34	5.33709e-15	0.0349446	0.000113278	0.964942	4.85211e-07
Cell_169	2.75247e-32	0.00348674	0.176336	0.0212136	0.798873	9.09819e-05
Cell_170	8.07026e-18	1.44418e-15	3.77634e-12	0.995306	8.27956e-11	0.00469367
Cell_171	7.91772e-32	0.00149639	0.0466867	0.000247568	0.951568	1.05427e-06
Cell_172	2.03397e-15	0.000852598	0.0619341	0.00521158	0.931923	7.88451e-05
Cell_173	1.81737e-18	0.961512	0.0286411	1.51081e-05	0.00983215	7.82678e-08
Cell_174	4.07213e-23	0.00500228	0.139935	4.31506e-05	0.85502	2.56594e-07
Cell_175	2.7882e-28	1.03132e-19	0.000227911	0.993532	0.00194965	0.00429008
Cell_176	3.45223e-45	7.41298e-08	0.830886	0.000468575	0.168644	1.98999e-06
Cell_177	2.02553e-19	1.61948e-08	0.0938915	0.00809378	0.897979	3.54172e-05
Cell_178	4.53516e-23	0.00557107	0.42886	0.371718	0.192186	0.00166479
Cell_179	6.22524e-28	9.16348e-10	3.51156e-05	0.995655	6.81566e-05	0.00424193
Cell_180	6.56991e-20	0.00255681	0.274142	0.00819891	0.715067	3.50003e-05
Cell_181	2.36987e-15	0.00491368	0.0706474	0.0010091	0.923426	4.30054e-06
Cell_182	7.38453e-21	0.0108699	0.38104	0.00250015	0.605552	3.78244e-05
Cell_183	0.164858	0.835142	5.26123e-27	6.63642e-29	6.2208e-27	4.50953e-31
Cell_184	1.2158e-31	3.16205e-10	0.00828534	0.956864	0.0306636	0.0041871
Cell_185	2.15089e-28	1.48028e-06	0.132616	0.0232711	0.843969	0.000143165
Cell_186	7.19331e-23	0.00304425	0.152692	0.000715229	0.843546	3.0569e-06
Cell_187	2.65062e-38	8.43665e-08	0.291926	0.000180674	0.707893	7.72569e-07
Cell_188	1.6142e-16	0.0296326	0.322122	1.20913e-05	0.648233	5.702e-08
Cell_189	6.89799e-32	5.82274e-07	0.70829	0.0457319	0.245782	0.000195764
Cell_190	1.69572e-45	6.11458e-14	0.0298962	0.0158933	0.95412	9.06129e-05
Cell_191	3.26288e-36	0.000378294	0.0268185	0.000211188	0.972591	8.98042e-07
Cell_192	8.24987e-25	0.00567771	0.0895783	0.000916627	0.903823	4.08021e-06
Cell_193	7.78243e-20	1.39267e-17	0.537962	0.116568	0.344781	0.00068862
Cell_194	7.35874e-15	4.86399e-08	4.90625e-05	0.994382	0.00130312	0.00426543
Cell_195	2.51464e-17	5.21385e-05	0.08433	0.0130289	0.902519	7.00651e-05
Cell_196	2.32787e-07	0.0771001	0.189993	0.064433	0.668088	0.000385789
Cell_197	7.83376e-16	0.995697	0.00400201	3.82214e-06	0.000296708	1.65569e-08
Cell_198	4.95094e-25	0.000476235	0.254109	0.000927484	0.744483	3.96818e-06
Cell_199	1.27883e-16	0.100259	0.891818	0.00567804	0.0022202	2.42393e-05
Cell_200	2.70245e-40	1.14369e-20	0.196705	0.137624	0.665077	0.000594261
Cell_201	9.36442e-09	0.00680809	0.292776	0.00721733	0.693167	3.14881e-05
Cell_202	1.12211e-43	4.98973e-09	0.0292316	0.000366615	0.9704	1.55948e-06
Cell_203	2.0674e-21	0.000279211	0.0331935	0.00439393	0.962115	1.87451e-05
Cell_204	1.05934e-20	0.00143068	0.0548986	0.00306167	0.940596	1.31873e-05
Cell_205	8.57772e-40	7.72232e-10	0.0312505	7.73301e-05	0.968672	3.31709e-07
Cell_206	1.8446e-21	2.64123e-11	0.0456392	0.0485064	0.905639	0.000215148
Cell_207	1.26758e-39	0.00066884	0.0311452	0.00373962	0.96443	1.60546e-05
Cell_208	8.02395e-51	1.5193e-12	1.86806e-10	0.995751	1.16603e-08	0.00424917
Cell_209	1.38047e-19	0.00537236	0.454286	0.00614548	0.534166	2.9329e-05
Cell_210	2.24615e-34	8.26404e-10	0.0418981	0.517254	0.43865	0.00219725
Cell_211	9.03298e-34	2.34929e-12	0.0547067	0.000277465	0.945015	1.21054e-06
Cell_212	7.37099e-30	0.00319911	0.060372	0.0660905	0.870052	0.000286349
Cell_213	1.76832e-20	0.0383243	0.218109	0.000440816	0.743124	1.88592e-06
Cell_214	2.16183e-26	2.91965e-09	0.000156164	0.994134	0.0014173	0.00429268
Cell_215	8.5279e-17	0.00368837	0.259993	0.00199686	0.734314	8.58945e-06
Cell_216	4.52848e-38	6.66586e-20	0.459832	0.000625455	0.53954	2.7154e-06
Cell_217	1.34951e-32	3.73881e-09	0.0950372	0.0836231	0.820983	0.000356747
Cell_218	2.48707e-05	0.999975	2.73182e-13	9.19093e-14	1.65099e-12	5.92621e-16
Cell_219	2.25701e-15	0.00467968	0.28549	0.428216	0.279783	0.00183107
Cell_220	2.79131e-33	0.0448667	0.614814	0.0530173	0.287077	0.000225178
Cell_221	4.01262e-26	5.90653e-08	0.682661	0.0062282	0.311083	2.74201e-05
Cell_222	8.76089e-25	0.000304733	0.0519374	0.00879138	0.938926	4.00051e-05
Cell_223	4.26332e-22	0.00019316	0.596981	0.00173349	0.401085	7.41248e-06
Cell_224	7.13666e-12	4.7172e-05	0.0710447	0.0100613	0.918793	5.41522e-05
Cell_225	1.17363e-15	9.38353e-05	0.00123041	0.994073	0.000355745	0.00424684
Cell_226	1.04339e-30	1.86146e-08	0.122456	0.00852923	0.868979	3.65337e-05
Cell_227	1.32915e-17	1.78692e-05	0.931377	0.00311409	0.0654782	1.32221e-05
Cell_228	2.18003e-19	1.743e-08	0.0546024	0.00358873	0.941793	1.55804e-05
Cell_229	2.20411e-28	2.70757e-08	0.971199	0.00137478	0.0274111	1.52328e-05
Cell_230	1.26886e-14	0.957822	0.00160461	0.000256896	0.0403154	1.10113e-06
Cell_231	0.00272503	0.487647	0.313122	0.0330774	0.163288	0.000140538
Cell_232	1.8935e-25	0.00130314	0.151502	0.0165679	0.830509	0.000118035
Cell_233	1.26295e-06	0.000226007	0.0843453	0.0016441	0.913672	0.000111469
Cell_234	7.83884e-19	3.28588e-07	0.213823	0.0124082	0.773715	5.32254e-05
Cell_235	1.06092e-34	9.55124e-05	0.113624	0.00454936	0.881711	1.99073e-05
Cell_236	1.46475e-60	2.22217e-21	0.618647	9.56572e-05	0.381257	4.06506e-07
Cell_237	3.23193e-42	1.17096e-09	0.0438988	0.00171285	0.954381	7.45341e-06
Cell_238	1.43095e-23	1.54826e-07	0.0746139	0.0454719	0.879395	0.000519281
Cell_239	4.77459e-26	0.000851813	0.0368384	8.66336e-07	0.962309	3.68871e-09
Cell_240	1.23611e-22	9.20699e-08	0.139313	0.00103573	0.859646	4.51873e-06
Cell_241	2.72175e-40	1.51634e-06	7.59202e-05	0.995454	4.71707e-06	0.0044639
Cell_242	5.5742e-20	0.00216931	0.382547	0.000233496	0.615049	9.93532e-07
Cell_243	1.78935e-24	8.301e-06	0.225041	0.0218202	0.753036	9.40857e-05
Cell_244	5.85869e-29	3.90752e-05	0.0490164	0.000517791	0.950424	2.22981e-06
Cell_245	4.99001e-19	1.03463e-06	0.0498268	9.59361e-08	0.950172	6.78923e-10
Cell_246	8.9672e-17	0.000871053	0.0585307	0.0184461	0.922073	7.9191e-05
Cell_247	3.74966e-08	6.71006e-06	0.000158411	0.991433	0.00326542	0.00513612
Cell_248	4.2307e-48	3.69502e-11	0.104707	0.102634	0.792219	0.000440619
Cell_249	1.23421e-30	0.00113281	0.0327229	0.00442093	0.961701	2.22045e-05
Cell_250	1.23136e-24	0.00118446	0.178186	0.115448	0.704664	0.000517702
Cell_251	1.68183e-19	0.00275802	0.0485281	0.000907341	0.947803	3.86528e-06
Cell_252	0.00245533	0.439385	0.232304	0.0080454	0.317777	3.4199e-05
Cell_253	1.16428e-06	0.999999	4.0877e-17	1.90082e-16	4.56772e-17	8.37888e-19
Cell_254	1.79191e-22	0.00758344	0.209516	0.000428997	0.782415	5.70082e-05
Cell_255	2.71474e-24	0.00706045	0.209914	0.014156	0.76877	0.000100179
Cell_256	1.14617e-21	0.0485064	0.56924	0.32694	0.0538582	0.00145532
Cell_257	8.90904e-21	0.013114	0.431912	0.0180651	0.536829	8.04136e-05
Cell_258	1.14028e-14	0.000911688	0.284021	0.00201762	0.713041	8.68866e-06
Cell_259	1.23856e-06	0.999999	2.6087e-08	1.75512e-08	8.30915e-09	7.91702e-11
Cell_260	8.30915e-20	0.000899033	0.226755	0.024703	0.747535	0.000107494
Cell_261	3.78508e-18	0.999987	2.20979e-06	7.83657e-09	1.0431e-05	4.6921e-11
Cell_262	4.36875e-15	2.28192e-07	0.0427363	8.46421e-06	0.957255	3.67472e-08
Cell_263	6.24143e-32	0.000504958	0.0433545	0.000452103	0.955687	1.92072e-06
Cell_264	1.46932e-29	0.0029783	0.0739272	0.000982377	0.922108	4.31342e-06
Cell_265	2.39085e-20	0.000930445	0.062184	0.0142939	0.92253	6.12678e-05
Cell_266	5.2954e-30	7.15167e-13	0.000182192	0.000272897	0.00407879	0.995466
Cell_267	6.38846e-51	7.9106e-33	0.0224008	2.30105e-06	0.977597	1.02967e-08
Cell_268	3.49982e-34	0.00206827	0.0869831	0.051057	0.859635	0.000256438
Cell_269	1.24843e-21	0.017734	0.561373	0.0185477	0.402267	7.89727e-05
Cell_270	7.06317e-38	2.98917e-18	0.74272	0.0913638	0.165469	0.000447447
Cell_271	2.95024e-14	0.0240813	0.218726	6.93945e-06	0.757186	2.97241e-08
Cell_272	1.46619e-29	3.81325e-08	0.256053	0.00791254	0.736001	3.36148e-05
Cell_273	2.87e-28	9.92568e-10	0.0608746	0.000165531	0.938959	7.11964e-07
Cell_274	6.36352e-36	5.84071e-09	0.0427537	0.00592528	0.951296	2.5278e-05
Cell_275	1.66742e-56	5.67186e-17	3.98101e-10	1.28928e-12	1.08428e-08	1
Cell_276	1.67488e-23	0.00070882	0.031842	0.0018315	0.965609	8.57234e-06
Cell_277	1.44783e-15	0.00300193	0.373713	0.010304	0.612937	4.41657e-05
Cell_278	3.31204e-25	4.06857e-05	0.231197	0.00594929	0.762788	2.53067e-05
Cell_279	9.425e-32	0.00307961	0.182194	0.0113128	0.803366	4.81809e-05
Cell_280	2.72022e-17	0.00499364	0.179691	0.0756995	0.739293	0.000323044
Cell_281	5.38274e-15	1.991e-06	0.0405831	0.00260181	0.956795	1.84125e-05
Cell_282	8.25074e-35	9.33184e-12	0.0309785	0.000143735	0.968877	6.2065e-07
Cell_283	4.28208e-09	0.998201	0.000292191	2.34609e-05	0.00148346	1.95789e-07
Cell_284	7.6998e-26	0.0087087	0.676156	0.015186	0.299883	6.66787e-05
Cell_285	2.16086e-20	0.000840941	0.0291141	0.000256307	0.969788	1.11823e-06
Cell_286	2.33676e-35	1.10427e-05	0.00727483	0.957579	0.0286278	0.00650687
Cell_287	3.99356e-20	0.00539348	0.0413238	0.00612554	0.947131	2.65401e-05
Cell_288	2.03896e-14	0.000291953	0.0498393	0.00745014	0.942386	3.24191e-05
Cell_289	1.33155e-39	3.46309e-18	0.142585	0.000444122	0.856969	1.91968e-06
Cell_290	3.00146e-17	0.000291555	0.0291217	0.000648159	0.969936	2.76904e-06
Cell_291	5.39406e-10	0.00356538	0.058213	5.21337e-05	0.938169	2.26338e-07
Cell_292	5.93801e-07	0.000106261	0.0718203	0.00974215	0.917036	0.00129461
Cell_293	5.866e-24	8.63468e-06	0.257516	0.000927496	0.741544	4.08844e-06
Cell_294	4.23177e-06	0.000757281	0.0598705	0.00028559	0.939081	1.31215e-06
Cell_295	8.48049e-31	1.04176e-10	0.037762	0.00118466	0.961048	5.11537e-06
Cell_296	1.91817e-44	0.00633404	0.121306	0.00265678	0.869692	1.14411e-05
Cell_297	2.6974e-23	1.78293e-16	6.73627e-10	0.995536	3.38958e-09	0.00446427
Cell_298	1.6657e-25	0.00114636	0.0949241	0.0015965	0.902326	6.89369e-06
Cell_299	4.74886e-12	8.49813e-10	0.749612	0.00114456	0.249238	5.74866e-06
Cell_300	2.59329e-42	3.00663e-10	0.37079	0.000826304	0.628376	7.34785e-06
Cell_301	2.83585e-31	0.00229432	0.0616642	0.000862551	0.935175	3.6752e-06
Cell_302	2.38047e-14	0.231234	0.377795	0.000982485	0.389984	4.93462e-06
Cell_303	1.3556e-31	0.0022157	0.20831	0.0115904	0.777832	5.13229e-05
Cell_304	2.99131e-09	0.00217473	0.051605	1.54129e-05	0.946205	9.1051e-08
Cell_305	1.51321e-65	2.07672e-28	0.263619	0.0382065	0.69801	0.000164025
Cell_306	1.11579e-21	0.000150693	0.0589365	0.0243659	0.916438	0.000108461
Cell_307	2.01792e-44	1.85213e-17	1.44128e-10	1.54486e-13	1.31259e-09	1
Cell_308	1.63839e-48	1.05931e-19	0.0343355	0.00172916	0.963928	7.42796e-06
Cell_309	9.59162e-31	0.00183956	0.267018	0.0202256	0.710828	8.82411e-05
Cell_310	1.39218e-37	0.0169145	0.0241942	8.65689e-05	0.958804	3.71059e-07
Cell_311	1.95737e-09	0.00142304	0.0539775	0.000148006	0.944451	6.34877e-07
Cell_312	1.58389e-20	0.00213911	0.0438873	1.56693e-05	0.953958	7.1303e-08
Cell_313	7.48436e-25	0.00194652	0.370962	0.217381	0.408773	0.000937318
Cell_314	8.10239e-15	0.0167995	0.592819	0.148442	0.241309	0.000630898
Cell_315	4.73759e-07	1	4.21678e-11	3.52584e-14	1.13661e-11	1.56126e-16
Cell_316	1.00474e-31	4.25212e-12	0.120822	0.0359099	0.843114	0.00015348
Cell_317	6.35788e-12	4.20244e-05	0.0134729	0.768114	0.215047	0.00332389
Cell_318	4.63333e-18	1.7138e-09	0.0709561	0.00178058	0.927256	7.73037e-06
Cell_319	1.29327e-26	0.00146273	0.176415	0.491808	0.328218	0.00209644
Cell_320	4.08368e-21	0.00185022	0.15219	0.000533463	0.845421	5.91086e-06
Cell_321	3.97966e-33	5.85801e-15	0.0317228	0.000231352	0.968045	9.84773e-07
Cell_322	1.02708e-30	0.00830955	0.149244	0.000281068	0.842164	1.19759e-06
Cell_323	5.74713e-31	0.000249434	0.00764911	0.957667	0.0298403	0.00459401
Cell_324	2.95639e-28	0.000591082	0.0190477	3.29127e-05	0.980328	1.39793e-07
Cell_325	1.1814e-54	3.15228e-20	0.571393	0.0649526	0.363379	0.000276013
Cell_326	0.00096789	0.999032	7.82143e-10	2.24616e-11	4.9001e-11	9.67283e-14
Cell_327	1.12837e-26	4.72989e-15	0.0318678	0.000189693	0.967942	8.17931e-07
Cell_328	3.70331e-35	4.18856e-12	0.1981	0.00488043	0.796999	2.09122e-05
Cell_329	1.40686e-27	3.66865e-15	0.0260023	1.304e-05	0.973985	5.57597e-08
Cell_330	1.65651e-54	3.7977e-13	0.0219311	5.66035e-06	0.978063	2.40429e-08
Cell_331	6.3251e-19	0.992365	0.000667065	6.16158e-06	0.00696168	2.62651e-08
Cell_332	1.05274e-43	3.43982e-15	0.0761867	4.57199e-06	0.923809	1.9762e-08
Cell_333	5.24614e-18	0.000963061	0.0790525	0.0140329	0.905891	6.01076e-05
Cell_334	8.06351e-34	7.40104e-07	0.15107	0.00019152	0.848737	8.1856e-07
Cell_335	1.6504e-24	0.00158754	0.0559837	0.00506981	0.937337	2.16017e-05
Cell_336	1.57544e-15	0.00326651	0.183091	0.000158429	0.813483	1.02154e-06
Cell_337	1.20562e-18	0.058162	0.765081	0.0120166	0.164676	6.46759e-05
Cell_338	3.24207e-23	0.00398262	0.348661	0.00149313	0.645856	7.12587e-06
Cell_339	5.94716e-38	1.64765e-14	0.0262838	4.9512e-05	0.973666	2.11463e-07
Cell_340	3.82097e-12	0.00019958	0.00359017	0.883363	0.108307	0.00454067
Cell_341	3.32772e-12	2.19956e-05	0.908483	0.0896816	0.0011791	0.000634661
Cell_342	2.20638e-32	0.000720934	0.0654481	0.00312817	0.930671	3.17869e-05
Cell_343	7.8728e-26	0.000204755	0.0400027	0.00169581	0.95809	7.24478e-06
Cell_344	4.18051e-10	0.021836	0.0850389	0.0815148	0.811261	0.000349156
Cell_345	2.15459e-24	0.000264673	0.0849025	0.000656935	0.914173	2.85208e-06
Cell_346	1.26267e-39	5.36906e-14	1.13924e-12	0.995763	1.96717e-13	0.00423749
Cell_347	0.000763893	0.136699	0.55311	0.0177168	0.291623	8.67666e-05
Cell_348	3.80651e-23	1.40797e-14	0.0257332	0.445934	0.526023	0.00231016
Cell_349	1.44345e-22	0.0177316	0.581065	0.00277907	0.398055	0.000369303
Cell_350	1.24324e-19	1.20765e-06	0.432016	0.00173711	0.566226	1.98375e-05
Cell_351	1.11687e-27	3.88486e-07	0.0107198	0.0090493	0.26088	0.71935
Cell_352	2.4257e-13	0.00260113	0.140056	0.00147925	0.855857	6.28463e-06
Cell_353	9.92085e-18	0.00182122	0.185608	0.00603971	0.806506	2.57742e-05
Cell_354	1.10723e-36	1.0348e-10	0.0963105	3.49997e-05	0.903654	1.49823e-07
Cell_355	2.55407e-09	0.0168819	0.278121	0.00673751	0.698229	3.01748e-05
Cell_356	2.43972e-31	1.81719e-16	0.0287203	1.33034e-07	0.97128	5.81455e-10
Cell_357	8.73035e-17	3.65959e-05	0.000578118	0.985291	0.0097088	0.00438586
Cell_358	1.25359e-13	0.00179497	0.10563	0.0324126	0.860022	0.000141042
Cell_359	4.47164e-36	2.02599e-18	0.706205	0.0640841	0.229432	0.00027886
Cell_360	6.99953e-29	0.000257526	0.0255692	1.75919e-06	0.974171	7.47647e-09
Cell_361	1.59158e-19	0.00172206	0.0518426	1.46526e-05	0.946421	6.43365e-08
Cell_362	1.12661e-29	0.00228362	0.0970666	0.0190833	0.881485	8.11548e-05
Cell_363	1.3874e-22	0.0013133	0.107355	0.0103981	0.880879	5.45908e-05
Cell_364	7.05613e-19	0.00763459	0.825768	0.0620285	0.104187	0.000381602
Cell_365	2.96938e-20	0.0134535	0.70777	0.013827	0.26489	5.95445e-05
Cell_366	9.77841e-22	7.81815e-11	4.9588e-09	4.76547e-09	5.69064e-08	1
Cell_367	7.23226e-16	0.00702525	0.111955	0.00139134	0.879622	6.07019e-06
Cell_368	5.62697e-23	6.08827e-07	0.175143	0.0125199	0.812283	5.41475e-05
Cell_369	1.85701e-24	2.50798e-07	0.254564	0.127748	0.617139	0.000547978
Cell_370	6.37192e-47	4.11982e-18	0.108952	0.000472296	0.890573	2.00609e-06
Cell_371	8.0404e-12	0.0192387	0.306182	0.0176435	0.656853	8.20306e-05
Cell_372	2.72917e-24	0.00262521	0.144988	0.0351277	0.81711	0.000149906
Cell_373	7.39139e-41	1.04995e-21	0.31548	0.0928692	0.591239	0.000411228
Cell_374	1.85411e-32	8.60144e-14	0.884224	0.000527867	0.115246	2.24279e-06
Cell_375	4.1516e-23	8.6079e-11	0.0462	0.00410948	0.949673	1.75266e-05
Cell_376	1.26362e-29	1.4292e-06	0.0522075	0.00379087	0.943983	1.67103e-05
Cell_377	2.86697e-13	0.0229223	0.78705	0.000448395	0.189577	1.96881e-06
Cell_378	2.48624e-21	7.20099e-06	0.0468193	0.00093141	0.952237	5.0088e-06
Cell_379	0.101141	0.898859	2.81063e-09	3.36359e-12	4.39758e-09	1.47186e-14
Cell_380	6.9351e-35	3.27729e-05	0.00391665	0.985595	0.00626108	0.00419422
Cell_381	4.54674e-35	5.1425e-12	3.5598e-08	2.43126e-08	5.34678e-07	0.999999
Cell_382	2.23223e-27	0.00148881	0.041675	5.87843e-05	0.956777	2.56042e-07
Cell_383	4.41454e-16	3.52956e-05	0.978776	0.000749762	0.0204355	3.26257e-06
Cell_384	1.71816e-20	4.97637e-05	0.0518935	0.20836	0.738807	0.000888892
Cell_385	9.89527e-13	1	3.76363e-10	5.09585e-11	2.66141e-09	2.20788e-13
Cell_386	9.40545e-11	0.999829	2.2097e-05	1.45681e-07	0.000148761	6.37481e-10
Cell_387	2.02532e-20	0.000788194	0.172897	0.140035	0.685649	0.000630732
Cell_388	8.2758e-14	0.00661676	0.164967	8.23552e-05	0.828334	3.66495e-07
Cell_389	2.12201e-31	0.000194767	0.0295245	0.000402906	0.969876	1.8328e-06
Cell_390	2.28458e-25	0.063294	0.673354	0.0726273	0.190401	0.000323288
Cell_391	2.17044e-28	7.54951e-08	0.0536667	0.0012077	0.945103	2.23616e-05
Cell_392	1.33459e-44	1.47066e-11	0.0363583	0.00460411	0.959017	2.03037e-05
Cell_393	1.36612e-34	0.00148685	0.0335524	0.000194152	0.964766	8.5971e-07
Cell_394	8.84979e-16	0.000370965	0.0550815	0.0142975	0.930186	6.40332e-05
Cell_395	7.31517e-16	0.149884	0.599098	0.182704	0.067483	0.000831114
Cell_396	4.16953e-22	6.14513e-08	0.0575767	0.864612	0.0740831	0.00372809
Cell_397	1.91434e-29	0.0758323	0.816567	0.00147134	0.106123	6.27193e-06
Cell_398	2.16622e-28	9.16757e-09	0.19806	0.013996	0.787883	6.12447e-05
Cell_399	1.05372e-53	9.48642e-24	0.725771	0.11977	0.153611	0.000847592
Cell_400	7.14907e-23	0.00302552	0.102931	0.00903572	0.884969	3.93187e-05
Cell_401	1.54302e-16	0.00149885	0.101442	0.00889682	0.888124	3.81343e-05
Cell_402	9.73853e-19	2.33019e-09	0.0502588	1.35527e-05	0.949727	1.39458e-07
Cell_403	6.28663e-37	0.0167745	0.617936	0.00286782	0.36241	1.23118e-05
Cell_404	1.49531e-07	0.108711	0.364715	0.0033153	0.523244	1.42121e-05
Cell_405	5.68551e-41	9.29289e-13	8.10616e-11	0.99576	1.15967e-09	0.00424044
Cell_406	7.92031e-31	0.000343753	0.0293126	0.000217068	0.970126	9.25302e-07
Cell_407	3.29565e-18	0.000604999	0.0292532	0.000304646	0.969836	1.29779e-06
Cell_408	2.97624e-33	2.51231e-08	0.439538	0.0208405	0.539521	9.99736e-05
Cell_409	2.41188e-19	2.34284e-06	0.251501	0.117087	0.630905	0.000504222
Cell_410	1.20625e-06	0.297688	0.034663	0.00510894	0.662368	0.000171735
Cell_411	1.94124e-23	0.00675227	0.0631656	0.007557	0.921521	0.00100423
Cell_412	5.42584e-10	0.999989	8.57774e-06	2.164e-06	2.85336e-07	9.3591e-09
Cell_413	6.40559e-19	6.22225e-06	0.177244	0.00182412	0.820918	8.04082e-06
Cell_414	8.798e-46	1.74965e-14	2.31474e-06	0.995669	5.41612e-05	0.00427467
Cell_415	1.44049e-07	0.00950566	0.0505993	2.12248e-05	0.939874	1.2101e-07
Cell_416	1.73247e-16	0.999963	3.39663e-05	4.31009e-07	3.0343e-06	1.87552e-09
Cell_417	1.22361e-44	5.78235e-15	0.0307502	0.428497	0.538917	0.0018354
Cell_418	1.00929e-27	2.62496e-06	0.380337	0.238186	0.380384	0.00109034
Cell_419	1.94107e-20	1.88551e-07	1.35019e-05	0.990831	2.32567e-05	0.00913159
Cell_420	2.16632e-30	9.82335e-08	0.536135	0.113808	0.349571	0.000486011
Cell_421	2.29982e-27	6.66107e-12	0.052322	2.101e-05	0.947657	9.47721e-08
Cell_422	1.62091e-22	7.01053e-09	2.7032e-06	1.83074e-06	5.34181e-06	0.99999
Cell_423	1.05378e-19	0.0142318	0.306566	5.28817e-06	0.679197	2.25277e-08
Cell_424	5.27305e-14	0.00421597	0.0370657	0.000197639	0.95852	8.41384e-07
Cell_425	6.97776e-12	0.999962	2.39989e-05	1.02677e-06	1.31567e-05	4.52042e-09
Cell_426	2.182e-14	0.00174458	0.180603	0.00105399	0.816594	4.58641e-06
Cell_427	1.2852e-10	2.29988e-08	0.045458	0.00163925	0.952896	7.06821e-06
Cell_428	1.73816e-26	7.35596e-07	0.615216	0.000199621	0.384583	8.64894e-07
Cell_429	1.14375e-09	0.00755999	0.115582	0.00981241	0.866992	5.28127e-05
Cell_430	5.94598e-19	0.0231399	0.935217	0.0372892	0.00419165	0.000162263
Cell_431	0.153971	0.846029	6.08289e-24	2.64092e-24	1.52241e-22	1.13049e-26
Cell_432	3.12966e-22	0.0132449	0.0757966	0.015161	0.895732	6.50877e-05
Cell_433	5.41485e-33	9.66039e-11	0.0490427	0.119114	0.831325	0.000518322
Cell_434	1.71899e-20	0.00232157	0.0911188	0.0232939	0.883167	9.92323e-05
Cell_435	2.14369e-47	7.29193e-08	0.508023	0.0647838	0.426912	0.000281134
Cell_436	7.11957e-10	1	5.27046e-10	2.21887e-12	2.32073e-11	9.54444e-15
Cell_437	0.0927167	0.907283	3.14606e-16	1.21081e-17	3.28857e-15	5.26574e-20
Cell_438	1.44088e-40	0.00197746	0.0251683	0.0175369	0.955243	7.46379e-05
Cell_439	6.84391e-22	5.09759e-07	0.0957693	0.00487988	0.899327	2.34092e-05
Cell_440	5.03555e-37	1.81576e-05	0.0324181	0.848538	0.115423	0.00360281
Cell_441	1.23815e-26	0.00019121	0.0785429	0.00323327	0.918003	2.97981e-05
Cell_442	1.13185e-27	0.00178728	0.102314	0.0523819	0.843284	0.000233169
Cell_443	4.44813e-45	2.62869e-14	0.00207928	0.988594	0.00512691	0.00419965
Cell_444	5.93178e-15	2.19408e-06	0.0521994	0.0133137	0.934394	9.04685e-05
Cell_445	3.71771e-24	0.00129314	0.0736345	0.0319105	0.893022	0.000140112
Cell_446	5.65009e-08	0.999992	2.63702e-06	2.92804e-06	2.00912e-06	1.57594e-08
Cell_447	2.38787e-31	0.00390294	0.485728	0.0739642	0.436088	0.000316617
Cell_448	1.3416e-18	0.00388574	0.630909	0.000467475	0.364736	2.00226e-06
Cell_449	4.93557e-19	0.00142951	0.144887	0.00208138	0.851594	8.97206e-06
Cell_450	1.29193e-41	1.4061e-10	0.0693559	0.0382133	0.892262	0.00016921
Cell_451	2.14521e-37	7.89264e-13	0.228003	7.43325e-05	0.771922	3.16599e-07
Cell_452	1.53735e-39	1.24378e-11	0.0464841	0.000656347	0.952857	2.8029e-06
Cell_453	8.71218e-21	0.00117662	0.078605	0.00148256	0.918729	6.39262e-06
Cell_454	1.56804e-23	3.25116e-11	0.161341	0.00855187	0.83007	3.65681e-05
Cell_455	1.62809e-26	1.21266e-11	0.29594	0.031697	0.672217	0.000145633
Cell_456	1.86784e-08	1	4.06758e-09	2.1681e-10	1.86599e-09	1.02414e-12
Cell_457	2.40541e-20	0.00324861	0.0497161	0.00306145	0.94396	1.34422e-05
Cell_458	6.91284e-16	0.0298985	0.933569	0.0087836	0.0277113	3.78737e-05
Cell_459	9.41151e-22	0.00436612	0.207153	0.000631483	0.787847	2.68415e-06
Cell_460	3.48265e-26	7.22091e-14	9.20306e-12	0.995755	1.09988e-10	0.00424463
Cell_461	1.75336e-16	0.00170317	0.0621244	0.00101765	0.93515	4.98384e-06
Cell_462	8.92842e-18	0.0066502	0.206181	0.0202194	0.766848	0.000101554
Cell_463	1.06294e-28	0.00202824	0.18031	0.261948	0.554597	0.0011157
Cell_464	1.48117e-29	2.64249e-07	0.0870379	0.00323905	0.909709	1.37935e-05
Cell_465	3.75445e-31	3.64699e-18	0.0477674	0.00240289	0.94982	1.02158e-05
Cell_466	3.27817e-17	0.00141783	0.0451321	6.82091e-05	0.953382	2.934e-07
Cell_467	3.92495e-15	0.00164526	0.046494	0.00829413	0.943531	3.55045e-05
Cell_468	1.65915e-30	4.59664e-07	0.228743	8.63532e-07	0.771256	3.7916e-09
Cell_469	4.08992e-35	7.29664e-13	0.121379	0.000365606	0.878254	1.57644e-06
Cell_470	6.71083e-43	8.28725e-05	0.401132	4.61678e-05	0.598739	1.9606e-07
Cell_471	3.15643e-26	1.32311e-14	0.110341	0.0231446	0.866416	9.85962e-05
Cell_472	1.8372e-09	0.0121435	0.280817	9.58952e-06	0.70703	4.12491e-08
Cell_473	1.00841e-46	3.52014e-10	0.0527907	2.40641e-07	0.947209	1.02268e-09
Cell_474	6.81191e-15	1	5.21147e-11	1.80183e-12	1.17197e-10	7.79274e-15
Cell_475	6.78256e-14	0.996859	0.000158937	9.22488e-07	0.00298112	3.938e-09
Cell_476	1.8204e-10	0.00950845	0.310641	0.0016165	0.678227	7.09772e-06
Cell_477	1.30843e-09	1	6.09551e-08	2.56972e-11	5.94433e-08	1.0983e-13
Cell_478	4.07052e-35	7.76715e-10	0.000326889	0.982635	0.0124993	0.00453881
Cell_479	1.43691e-20	0.00651028	0.345832	0.0025503	0.645096	1.13523e-05
Cell_480	5.73625e-26	0.00648787	0.569261	0.00247484	0.421766	1.05986e-05
Cell_481	2.76291e-17	1.15816e-05	0.252781	0.00485259	0.740684	0.00167147
Cell_482	6.66329e-17	0.00288191	0.084259	0.00142274	0.911429	7.46945e-06
Cell_483	1.57629e-34	3.02314e-07	0.147604	0.0504808	0.801699	0.00021597
Cell_484	3.50358e-19	0.0136349	0.442502	0.000489521	0.543372	2.08622e-06
Cell_485	1.01534e-18	0.000186392	0.0396315	0.0024793	0.957692	1.06768e-05
Cell_486	7.10736e-23	2.62891e-14	5.9536e-06	0.995636	2.58605e-05	0.00433248
Cell_487	4.61846e-20	3.6926e-09	0.000211382	0.988851	0.00393966	0.00699793
Cell_488	4.01021e-26	0.00181847	0.0712116	0.00393449	0.923016	1.92689e-05
Cell_489	2.8629e-12	0.00685021	0.267349	0.000398196	0.725401	1.7484e-06
Cell_490	7.1746e-20	0.00279213	0.136945	0.0246417	0.835348	0.000273034
Cell_491	3.92839e-31	7.00847e-09	0.843106	0.0018951	0.154985	1.34113e-05
Cell_492	1.69316e-24	6.58927e-08	0.0591347	0.00240511	0.93845	1.03853e-05
Cell_493	3.5917e-19	2.90587e-11	0.196735	0.026464	0.776664	0.000137097
Cell_494	6.72304e-51	2.19675e-22	0.107559	0.000843756	0.891594	3.60466e-06
Cell_495	1.38881e-22	0.000204432	0.00321182	0.989573	0.00268011	0.00433023
Cell_496	1.15918e-27	7.9777e-06	0.219739	0.0581717	0.721768	0.000313094
Cell_497	5.50997e-32	0.00697985	0.201128	0.000790299	0.791099	3.35888e-06
Cell_498	1.42853e-21	0.00662715	0.329244	0.103531	0.560155	0.000443761
Cell_499	1.99184e-23	1.93483e-10	0.381352	0.0970212	0.520965	0.000661837
Cell_500	3.53393e-32	3.99698e-09	0.245436	0.00656133	0.747974	2.89226e-05
Cell_501	3.61398e-29	1.25706e-08	0.189442	0.0100236	0.800442	9.23782e-05
Cell_502	2.8362e-27	0.000785766	0.0800126	0.00251653	0.916674	1.07273e-05
Cell_503	1.53785e-21	6.44636e-10	5.47072e-07	3.45167e-08	4.72188e-07	0.999999
Cell_504	1.68497e-18	0.00125503	0.0963037	0.0307208	0.871532	0.000188996
Cell_505	1.05605e-39	0.00144687	0.0255926	0.000110885	0.972849	4.7415e-07
Cell_506	8.72024e-14	4.8308e-05	0.90838	0.000343548	0.0912264	1.46769e-06
Cell_507	3.3657e-29	0.00314553	0.699792	0.150781	0.145638	0.000643668
Cell_508	6.08264e-32	0.000240951	0.0222227	8.61616e-05	0.97745	3.66363e-07
Cell_509	3.14136e-31	0.000288328	0.0389739	0.000136725	0.9606	5.96511e-07
Cell_510	7.22445e-34	1.28888e-11	0.042036	0.00108407	0.956875	4.61385e-06
Cell_511	2.05052e-28	1.5273e-13	0.0898879	0.0158636	0.893826	0.00042228
Cell_512	1.03675e-18	0.00300279	0.0418624	0.00171247	0.953415	7.28744e-06
Cell_513	3.64948e-29	5.372e-11	0.0699607	3.964e-06	0.930035	1.70336e-08
Cell_514	6.68064e-27	9.48988e-08	0.0438237	2.6364e-05	0.95615	1.12734e-07
Cell_515	2.61944e-12	0.00626767	0.122918	0.0241233	0.846583	0.000108653
Cell_516	2.50355e-22	0.000368519	0.0442889	0.00358689	0.95174	1.55724e-05
Cell_517	1.04886e-26	1.54391e-08	0.213017	0.0219708	0.764917	9.51926e-05
Cell_518	2.38761e-45	2.03497e-09	0.119734	0.000237508	0.880028	1.02905e-06
Cell_519	6.13589e-18	1.46817e-08	0.0518629	0.000128923	0.948008	5.53017e-07
Cell_520	8.56549e-30	1.60079e-08	0.547552	0.00163855	0.450802	7.0065e-06
Cell_521	1.86272e-08	0.0135423	0.57784	0.00939565	0.399182	4.00716e-05
Cell_522	7.60723e-20	0.0012475	0.103441	0.0639031	0.831134	0.000274596
Cell_523	1.54978e-37	6.58991e-12	0.13505	0.00132301	0.863621	5.71275e-06
Cell_524	8.74258e-24	0.0227376	0.783186	0.0295762	0.16431	0.000190704
Cell_525	6.67322e-53	1.06247e-18	0.538642	0.000662535	0.460692	2.81587e-06
Cell_526	1.01132e-20	0.000393573	0.0338492	0.00041786	0.965338	1.78308e-06
Cell_527	1.78051e-21	0.000806705	0.0491963	0.000812286	0.949163	2.13205e-05
Cell_528	4.11416e-25	8.53028e-13	0.168514	0.00498969	0.826473	2.29253e-05
Cell_529	1.72826e-12	0.00413531	0.402069	0.00759663	0.586166	3.23503e-05
Cell_530	3.43523e-05	0.00313642	0.0469793	0.02415	0.925584	0.00011585
Cell_531	3.16806e-13	0.000758037	0.0511288	0.00320333	0.944894	1.56881e-05
Cell_532	1.87562e-21	8.11215e-08	0.0501601	0.00393136	0.945892	1.69756e-05
Cell_533	1.22695e-07	0.0892015	0.186251	0.0238643	0.700574	0.000109645
Cell_534	4.60129e-05	0.999954	2.91473e-14	1.31637e-14	1.76525e-14	1.45857e-16
Cell_535	4.62301e-21	0.00209457	0.0448188	0.00139368	0.951687	5.95661e-06
Cell_536	1.13205e-11	0.000591304	0.0573698	0.0306777	0.911207	0.000154081
Cell_537	2.13104e-39	1.95596e-12	0.0209787	0.000307864	0.978712	1.3384e-06
Cell_538	7.19869e-11	0.026627	0.369696	6.47518e-05	0.603612	2.75275e-07
Cell_539	1.32809e-11	0.0317779	0.946421	0.00536041	0.0164175	2.34564e-05
Cell_540	4.94044e-27	0.00329508	0.230023	0.0141907	0.752361	0.000130108
Cell_541	7.37702e-28	2.87091e-11	0.154491	0.00707349	0.838403	3.28871e-05
Cell_542	1.78267e-06	0.999998	3.98844e-11	3.96766e-12	4.88588e-10	1.78973e-14
Cell_543	1.86637e-57	1.40432e-17	0.151704	1.1902e-05	0.848284	5.13577e-08
Cell_544	3.65268e-12	0.00873996	0.0539215	0.00355348	0.93377	1.53961e-05
Cell_545	1.01475e-35	2.81135e-12	0.0756372	0.0113256	0.912988	4.89064e-05
