cell	Node 0	Node 1	Node 2	Node 3	Node 4	Node 5	Node 6	Node 7
Cell_0	2.83058e-20	5.49633e-20	1	1.26641e-24	2.99623e-17	2.39743e-14	9.1362e-15	3.44479e-14
Cell_1	4.33968e-12	2.11376e-11	1.02446e-07	1.6152e-12	1.38195e-12	1.9632e-06	0.999988	9.89212e-06
Cell_2	9.44802e-06	3.61653e-05	5.77963e-06	1.54292e-16	0.999374	9.88644e-05	4.26083e-06	0.000471428
Cell_3	2.16299e-05	0.000100932	7.70451e-05	0.442694	0.547105	0.00165931	0.000704307	0.00763834
Cell_4	3.75607e-20	3.88593e-19	1	1.12698e-12	1.82922e-31	1.60899e-10	4.99751e-12	6.8582e-12
Cell_5	1.94939e-05	7.46191e-05	1.91263e-06	1.10351e-11	0.999539	0.000172751	2.34268e-06	0.000189747
Cell_6	0.363763	0.627358	8.79667e-06	4.14549e-12	3.2447e-11	0.00661789	0.00139255	0.000859673
Cell_7	1.15093e-22	4.40556e-22	2.0041e-06	0.999561	6.68494e-34	0.000235936	1.16661e-05	0.00018948
Cell_8	3.29863e-06	1.26265e-05	1.53884e-06	2.5564e-11	0.99956	0.000271849	9.75173e-08	0.000150387
Cell_9	2.2815e-06	5.43204e-05	7.6616e-06	1.35231e-11	0.99876	0.000546107	3.15811e-06	0.000626063
Cell_10	1.33677e-12	5.11689e-12	0.000562846	0.301823	3.57509e-23	0.406845	0.234746	0.0560229
Cell_11	1.09063e-06	4.17472e-06	2.5958e-06	5.22815e-09	0.00174922	0.000240024	0.997745	0.00025795
Cell_12	0.207132	0.792863	2.60371e-08	2.87614e-20	9.29635e-21	2.37222e-06	5.19406e-07	2.58135e-06
Cell_13	1.89851e-05	0.000154859	7.52688e-06	8.12153e-11	0.998028	0.000981165	9.33864e-05	0.000716475
Cell_14	8.12139e-17	3.10872e-16	2.82918e-07	0.144564	4.59292e-21	0.855409	2.63655e-10	2.63096e-05
Cell_15	5.201e-22	1.99085e-21	9.04772e-07	0.999835	6.63514e-29	1.52103e-05	6.10168e-05	8.79596e-05
Cell_16	5.63787e-05	0.00324763	2.94934e-05	0.421332	0.520704	0.044667	0.00704391	0.00291952
Cell_17	8.55694e-06	3.27544e-05	7.67215e-06	1.43209e-10	0.997818	0.00144583	2.65694e-05	0.000660736
Cell_18	1.16696e-06	0.000127709	0.00659471	8.57989e-07	3.60057e-09	0.081972	0.253021	0.658282
Cell_19	3.36723e-16	1.24302e-14	4.28487e-10	2.00775e-15	3.22195e-11	7.57972e-09	1	4.21562e-08
Cell_20	3.79496e-08	3.23115e-07	3.73371e-07	5.63671e-07	1.63909e-09	6.82817e-06	0.999955	3.72249e-05
Cell_21	2.2608e-06	1.40898e-05	1.44967e-05	2.98064e-06	0.997251	0.00034557	0.00100769	0.00136237
Cell_22	2.47214e-06	9.4629e-06	3.03448e-06	3.98227e-09	0.998708	0.00100067	4.27123e-07	0.000275726
Cell_23	9.38516e-07	0.000350265	0.000359574	0.0152653	0.924417	0.0165194	0.00836734	0.0347201
Cell_24	0.000117687	0.000450485	5.32943e-06	7.87026e-07	0.992515	0.00628862	9.55496e-05	0.000526568
Cell_25	0.203569	0.779226	1.81735e-05	3.62294e-16	0.000265712	0.0152429	6.16054e-06	0.00167223
Cell_26	0.0143906	0.0550847	0.00112205	5.01336e-07	3.66614e-09	0.404025	0.413209	0.112169
Cell_27	0.207133	0.792867	8.85417e-20	1.92367e-22	2.29968e-28	2.77796e-18	5.38242e-19	8.82342e-18
Cell_28	2.96975e-08	7.17549e-05	7.09606e-05	0.983237	6.50537e-16	0.00117944	0.00836333	0.00707761
Cell_29	0.207132	0.792863	2.68397e-08	1.31281e-06	1.80343e-16	1.00234e-06	2.50087e-07	2.64897e-06
Cell_30	9.00343e-06	1.18921e-05	3.42851e-05	0.995252	4.28614e-07	0.00132262	4.26467e-05	0.00332672
Cell_31	9.12371e-05	0.00144173	0.000701393	0.829441	0.0209198	0.0552915	0.0225759	0.069537
Cell_32	4.8588e-10	1.85986e-09	0.00053961	0.104338	2.13125e-12	0.0394568	0.820898	0.0347673
Cell_33	1.21613e-11	4.65512e-11	1.93521e-06	0.999484	1.6666e-14	0.00011974	0.00021004	0.000184159
Cell_34	5.91921e-10	2.26576e-09	5.35085e-05	0.990066	9.25154e-21	0.00358081	0.00147209	0.0048277
Cell_35	5.5276e-08	2.11586e-07	0.000788949	1.68052e-16	7.57654e-07	0.673289	0.250839	0.0750814
Cell_36	3.79625e-05	0.000145313	2.74188e-06	1.35309e-11	0.999338	0.000126351	7.56734e-05	0.000274135
Cell_37	0.00026662	0.00077837	5.04638e-06	1.0301e-12	0.989025	0.00941235	1.24091e-05	0.000500109
Cell_38	0.207133	0.792867	3.20219e-18	2.32884e-24	7.34626e-35	2.13382e-16	2.42387e-16	3.04813e-16
Cell_39	0.0118473	0.0453491	0.00646844	1.20622e-11	0.0211754	0.156758	0.18045	0.577952
Cell_40	8.13197e-06	0.000106991	3.56762e-06	4.29799e-44	0.999322	0.000169381	3.79938e-05	0.000352386
Cell_41	1.25028e-05	0.000297275	2.26612e-05	1.49859e-12	0.996119	0.00119248	0.000407021	0.00194881
Cell_42	2.02681e-05	9.45772e-05	4.12261e-06	1.43383e-10	0.999029	0.000417873	3.94707e-05	0.000394513
Cell_43	0.207133	0.792867	1.33129e-19	3.96795e-16	4.90381e-16	3.86618e-17	5.08583e-20	1.32226e-17
Cell_44	2.66324e-08	1.01944e-07	1.70981e-08	3.69634e-06	4.56813e-06	1.48209e-06	0.999989	1.59001e-06
Cell_45	9.05282e-07	1.2319e-06	0.00652938	0.00960627	0.0031497	0.166547	0.163053	0.651112
Cell_46	0.00054801	0.0202299	0.000892806	0.00220334	0.133427	0.751607	0.0098355	0.0812564
Cell_47	4.26492e-08	8.56095e-06	0.00822513	0.00140085	3.77446e-22	0.156488	0.0917821	0.742095
Cell_48	6.65346e-06	0.000158413	1.11922e-05	3.1117e-08	0.99321	0.0052343	0.000261041	0.00111862
Cell_49	2.47325e-05	9.46714e-05	0.000109488	0.0848357	0.00213968	0.013577	0.88848	0.0107383
Cell_50	2.14332e-05	4.13251e-05	4.08165e-06	7.32788e-14	0.998052	0.000479186	0.00100397	0.000397913
Cell_51	2.50374e-06	1.67602e-05	4.81367e-06	2.98683e-06	0.999322	0.000135528	5.43329e-05	0.000460645
Cell_52	5.50456e-06	2.10705e-05	1.92339e-05	3.16407e-08	0.997549	0.000903724	3.83016e-06	0.00149735
Cell_53	0.00112675	0.00431299	0.000457521	2.35701e-05	0.892081	0.0534779	0.00283946	0.0456812
Cell_54	0.00442375	0.0169333	2.3385e-05	1.10827e-13	0.899353	0.0759567	0.000998866	0.0023113
Cell_55	0.00589315	0.994099	6.05283e-10	9.62654e-13	3.41406e-06	4.24257e-06	1.56857e-08	1.3211e-08
Cell_56	6.98683e-10	1.1571e-07	0.000989911	0.0974156	0.00126197	0.800807	0.000587782	0.0989378
Cell_57	6.68448e-06	0.00162693	0.000442587	0.000618648	0.936585	0.0073885	0.0103048	0.0430273
Cell_58	1.82054e-09	7.14352e-09	8.71131e-06	0.997817	1.20847e-06	0.00129682	2.50573e-05	0.000851332
Cell_59	0.000241095	0.00795798	0.0017672	5.55904e-10	0.000132415	0.534587	0.280899	0.174415
Cell_60	2.49765e-10	3.14216e-10	3.73048e-05	0.994891	1.58263e-12	0.000533094	0.000969127	0.00356988
Cell_61	1.16376e-17	4.55104e-16	0.00390309	7.28538e-08	9.32948e-28	0.605553	0.000252263	0.390291
Cell_62	1.85365e-14	7.09545e-14	6.10012e-13	5.36443e-20	1.21721e-11	1.09242e-10	1	5.6349e-11
Cell_63	7.25981e-05	0.000277892	0.000215345	0.00471709	0.00582963	0.00712446	0.961737	0.0200257
Cell_64	1.39776e-08	2.41063e-08	1.26796e-05	0.99318	4.81142e-08	0.00437105	0.00119228	0.0012442
Cell_65	0.00013483	0.000516103	0.0048877	7.30129e-09	0.000190242	0.508743	7.15913e-05	0.485456
Cell_66	7.93307e-05	0.000303663	8.1623e-07	1.49997e-12	0.99704	0.00249485	1.3274e-07	8.13515e-05
Cell_67	3.6567e-10	4.12466e-09	0.00441272	1.79368e-11	1.00381e-07	0.117502	0.442525	0.43556
Cell_68	0.207133	0.792867	4.27321e-20	4.56377e-29	5.50067e-24	4.40013e-17	2.06035e-18	4.12616e-18
Cell_69	1.45414e-05	0.0036403	1.46603e-05	2.24823e-21	0.973803	0.0204621	0.000624401	0.00144101
Cell_70	0.000128636	0.00604963	5.51708e-06	5.78061e-22	0.951913	0.0413546	5.49118e-06	0.000543114
Cell_71	0.467246	0.532102	1.23276e-06	0.000135638	0.000167628	0.000165958	5.99704e-05	0.000122298
Cell_72	8.01773e-06	3.06904e-05	0.00099685	3.50815e-05	1.33402e-07	0.11143	0.790318	0.0971812
Cell_73	9.843e-11	3.76772e-10	6.25577e-06	0.998124	9.29881e-08	0.000640728	0.000629841	0.000598646
Cell_74	7.02744e-05	8.06812e-05	1.73832e-05	6.07084e-08	0.995268	0.00334467	1.43342e-07	0.00121886
Cell_75	6.25065e-11	1.50193e-10	1.81226e-09	4.76915e-09	4.8114e-12	1.02755e-08	1	5.4541e-09
Cell_76	0.0422729	0.957727	2.41001e-14	3.50086e-14	8.20845e-20	1.09649e-10	1.8805e-12	2.40728e-12
Cell_77	7.03655e-06	2.69346e-05	1.60093e-06	1.16037e-33	0.999699	7.46999e-05	3.07875e-05	0.000159812
Cell_78	1.07589e-05	4.1183e-05	0.000613092	5.78315e-11	8.23496e-25	0.928588	0.00982264	0.0609242
Cell_79	2.15051e-07	2.97017e-07	1.18191e-06	2.81589e-27	0.999864	1.33611e-05	2.75087e-06	0.000118182
Cell_80	4.54975e-05	0.000374838	9.67115e-05	0.42784	0.528748	0.0299734	0.00351933	0.00940207
Cell_81	0.00151771	0.00580952	3.32563e-05	1.28921e-18	0.953485	0.03737	5.37846e-06	0.00177875
Cell_82	0.000176568	0.000675871	1.51508e-05	3.12007e-08	0.995882	0.00172706	1.26085e-05	0.00151114
Cell_83	6.53618e-06	0.0031103	8.13148e-05	0.331439	0.40961	0.248955	0.000298967	0.00649817
Cell_84	6.392e-17	2.44674e-16	1	1.61037e-22	2.13768e-14	2.66206e-13	1.38766e-13	9.80103e-13
Cell_85	1.11875e-05	0.000115743	0.00622139	1.40896e-13	3.2574e-07	0.294809	0.0798191	0.619023
Cell_86	0.46553	0.53447	4.15853e-14	1.0239e-32	3.08178e-20	3.00873e-12	7.72971e-13	4.15984e-12
Cell_87	0.207133	0.792867	2.00632e-19	1.88215e-17	4.74708e-19	8.64605e-17	3.86726e-19	1.91995e-17
Cell_88	3.8726e-06	1.48236e-05	6.10798e-06	9.81731e-14	0.999144	0.000114846	0.000135175	0.000581251
Cell_89	1.72842e-05	5.61858e-05	3.93806e-06	5.42165e-29	0.999438	4.84835e-05	4.27495e-05	0.000393283
Cell_90	0.419867	0.579899	8.88562e-10	6.4119e-22	0.00022842	5.35726e-06	3.52131e-08	8.45811e-08
Cell_91	0.00274927	0.0348676	0.00410126	6.05144e-16	4.3086e-07	0.165593	0.386855	0.405833
Cell_92	2.50865e-24	9.60264e-24	3.01565e-16	9.75831e-16	1.51075e-39	3.57793e-14	1	3.00606e-14
Cell_93	1.91244e-09	7.32047e-09	1.46661e-05	0.998201	3.71981e-09	0.000286284	3.11996e-05	0.00146655
Cell_94	0.0480816	0.184048	0.00420412	8.73704e-19	1.02243e-11	0.341598	0.0103239	0.411745
Cell_95	1.60824e-06	6.15606e-06	3.62073e-06	0.99845	0.0010073	6.8538e-05	0.000101802	0.000360509
Cell_96	6.712e-06	2.56923e-05	0.00466412	2.19302e-10	9.44069e-08	0.367063	0.218256	0.409985
Cell_97	0.00010363	0.000396676	0.000612922	0.84741	1.62745e-28	0.0147318	0.0769923	0.0597527
Cell_98	3.24069e-12	8.11277e-10	3.03059e-05	0.996004	9.27906e-08	0.00122175	0.000137125	0.00260623
Cell_99	6.73878e-05	0.00248763	8.66328e-05	3.76833e-05	0.969843	0.0157882	0.00461033	0.00707915
Cell_100	7.23273e-05	0.00126029	6.59262e-05	3.83409e-05	0.986767	0.00424689	0.00106883	0.0064801
Cell_101	2.69642e-08	4.74869e-07	5.38858e-05	0.489916	2.23646e-06	0.501225	0.00439823	0.00440325
Cell_102	4.7738e-06	7.29228e-06	6.75923e-06	2.9852e-06	0.998778	0.000528397	5.89862e-08	0.000671823
Cell_103	1.4612e-09	1.1415e-06	0.0204429	0.641354	2.07302e-13	0.209907	0.00770813	0.120587
Cell_104	0.46621	0.53379	1.03878e-12	1.08775e-11	2.2954e-16	3.56609e-09	3.82811e-11	1.03751e-10
Cell_105	9.40234e-10	1.62156e-09	0.988325	1.23426e-08	2.33341e-07	0.00518212	0.0002661	0.00622616
Cell_106	1.05387e-08	1.86555e-08	8.88219e-05	0.969362	4.42511e-06	0.0216699	3.40854e-05	0.00884088
Cell_107	2.57057e-11	9.83969e-11	0.999999	4.13772e-14	7.04656e-12	1.03989e-07	2.28418e-07	2.69207e-07
Cell_108	0.0537314	0.946269	2.83269e-17	9.84377e-28	9.37767e-41	1.2678e-15	3.36437e-16	2.80837e-15
Cell_109	1.59732e-06	0.000291335	0.00127194	1.20166e-05	0.309267	0.563128	0.00899025	0.117037
Cell_110	1.66423e-15	1.09431e-14	3.03794e-05	0.970821	1.65986e-19	0.0261321	0.000297416	0.00271918
Cell_111	3.57973e-09	1.11109e-08	1.08612e-05	0.998231	5.39149e-19	0.000358178	0.000319819	0.00108012
Cell_112	8.66854e-05	0.00057	2.72402e-05	2.67917e-06	0.896389	0.100343	6.01331e-06	0.00257545
Cell_113	0.000557235	0.00181141	3.30654e-05	0.963686	0.0243056	0.00521019	0.00148986	0.00290651
Cell_114	4.00485e-12	9.07331e-11	4.72427e-05	0.990814	1.65215e-14	0.00180332	0.00274214	0.00459282
Cell_115	1.15986e-09	4.43974e-09	0.000396829	0.983184	2.03321e-11	0.000732714	0.0133452	0.00234079
Cell_116	1.658e-12	6.34652e-12	4.50368e-06	0.998792	4.77931e-08	0.000345317	0.000424806	0.00043306
Cell_117	6.00973e-06	2.30041e-05	9.07155e-05	0.963363	0.0242975	0.00262849	0.000604093	0.00898708
Cell_118	0.207133	0.792867	1.64582e-22	4.40067e-30	8.88586e-36	3.85691e-21	2.40481e-21	1.61765e-20
Cell_119	1.4689e-18	5.62266e-18	6.48189e-07	0.999815	1.11065e-31	1.30106e-05	0.00010779	6.32298e-05
Cell_120	1.89828e-14	7.26627e-14	0.000127891	0.975077	1.33947e-10	0.00227896	0.00986727	0.0126486
Cell_121	6.49856e-08	8.67336e-06	8.16812e-06	4.64532e-13	0.998983	0.000185005	1.53545e-05	0.000800142
Cell_122	0.0136472	0.032792	0.00122629	8.53272e-08	0.713712	0.103759	0.0125109	0.122353
Cell_123	6.07444e-06	8.57111e-06	1.29867e-05	0.446604	0.551936	0.00038298	0.00011284	0.000936543
Cell_124	0.000948352	0.00110403	0.000311218	0.000630296	0.954218	0.0102387	0.00249846	0.0300509
Cell_125	0.000137295	0.000537595	8.19859e-05	3.12898e-08	0.986486	0.00424403	0.000377588	0.00813524
Cell_126	3.78879e-06	1.45028e-05	1.05119e-06	1.09142e-14	0.999703	1.88128e-05	0.000164351	9.40891e-05
Cell_127	0.189045	0.723631	0.000213633	2.58687e-05	7.08834e-06	0.0633729	0.00337447	0.0203298
Cell_128	1.60746e-18	2.22015e-18	1.79483e-06	0.999694	3.83992e-15	0.00012253	2.18591e-06	0.000179263
Cell_129	0.00046981	0.00179835	8.54693e-05	1.24777e-14	0.985682	0.00193379	0.00370054	0.00633039
Cell_130	0.000298673	0.988045	1.5469e-05	4.1268e-10	1.1504e-11	0.0100326	0.000104586	0.00150385
Cell_131	8.83695e-08	1.55628e-06	1.35432e-05	0.997744	9.74346e-10	0.000892033	2.87382e-05	0.0013203
Cell_132	0.182872	0.817123	4.56897e-09	2.9212e-26	2.27861e-19	4.76814e-06	1.19336e-07	4.55887e-07
Cell_133	0.00130001	0.00497621	0.00108825	0.327271	0.404459	0.211033	0.00144228	0.048431
Cell_134	0.0375285	0.962466	1.28228e-10	3.47557e-18	3.42474e-17	5.16762e-06	5.2409e-12	1.23577e-08
Cell_135	8.16028e-07	3.7789e-05	4.01759e-06	2.81403e-07	0.997998	0.00145597	0.000106662	0.000396558
Cell_136	2.10981e-13	2.871e-13	0.00702938	0.117754	4.03528e-18	0.158423	0.0144186	0.702374
Cell_137	4.21677e-09	2.91213e-07	1.14018e-09	6.20128e-09	3.7553e-07	7.7157e-07	0.999998	1.06982e-07
Cell_138	0.0131429	0.0503085	0.00594366	6.85564e-15	0.0211177	0.184113	0.130822	0.594552
Cell_139	2.8512e-05	0.000109139	1.9566e-07	0.447185	0.552655	3.65435e-06	3.37257e-06	1.44918e-05
Cell_140	0.0111577	0.0142415	0.00371594	9.02278e-08	3.13706e-09	0.597197	0.00457419	0.369113
Cell_141	0.000563693	0.999436	1.1284e-27	5.09296e-47	1.61406e-34	6.37901e-24	1.36002e-26	1.12501e-25
Cell_142	1.58022e-11	6.04877e-11	1.86638e-11	1.13321e-14	1.32121e-15	2.82212e-10	1	1.49149e-09
Cell_143	0.000131215	0.000502265	0.00304564	0.557117	3.3062e-05	0.118203	0.0268838	0.294084
Cell_144	7.134e-15	8.19046e-15	1.25769e-05	0.997997	6.58324e-15	0.000247426	0.00053314	0.00120936
Cell_145	2.04666e-05	7.83422e-05	1.4866e-05	2.26856e-17	0.998694	0.000283019	2.43995e-06	0.000906889
Cell_146	3.93853e-08	1.08813e-07	2.70489e-05	0.993436	3.88056e-11	0.00069331	0.00315833	0.00268507
Cell_147	1.12747e-06	7.5474e-06	5.42288e-06	4.54892e-19	0.999353	9.27582e-05	7.07762e-07	0.000539133
Cell_148	1.20499e-07	7.96052e-05	5.34866e-06	1.72218e-21	0.999116	9.84217e-05	0.000195526	0.000505016
Cell_149	3.43526e-05	0.000131496	3.74774e-06	8.82945e-18	0.998734	0.000803121	1.54701e-06	0.000291759
Cell_150	1.28475e-06	4.91777e-06	6.20067e-06	0.44691	0.552316	0.00014342	2.11633e-06	0.000615863
Cell_151	3.8167e-06	1.46096e-05	4.38657e-06	1.43365e-10	0.998901	0.000138802	0.000505618	0.000431825
Cell_152	5.80963e-09	2.22382e-08	7.54569e-05	0.980209	1.11481e-15	0.0112694	0.000955642	0.00749018
Cell_153	0.00169712	0.00649627	1.69805e-05	5.40572e-08	0.886228	0.10356	0.000423192	0.00157908
Cell_154	0.207107	0.792769	5.28834e-07	1.51007e-12	5.41014e-05	2.79677e-05	6.8127e-08	4.11693e-05
Cell_155	5.30707e-08	1.95911e-06	0.00132065	1.94998e-06	4.63441e-06	0.450206	0.420075	0.12839
Cell_156	2.81949e-08	1.81455e-07	0.00326616	3.02603e-07	3.92961e-10	0.666624	0.00332604	0.326784
Cell_157	2.998e-07	7.68876e-06	1.9608e-06	2.14896e-28	0.99976	3.40379e-05	8.38908e-08	0.000195893
Cell_158	0.207133	0.792867	1.73578e-12	1.90126e-09	2.34967e-09	3.98532e-11	9.20281e-12	1.72087e-10
Cell_159	5.00355e-08	1.91527e-07	0.000363174	0.897218	4.84592e-19	0.000749044	0.0980482	0.00362131
Cell_160	2.29119e-21	2.69485e-19	0.00776829	0.0936735	6.61524e-23	0.117874	0.00453621	0.776147
Cell_161	1.48451e-05	5.825e-05	3.14207e-06	1.86474e-09	0.999436	0.000174402	6.70272e-07	0.000312511
Cell_162	2.18149e-14	1.17842e-13	1.65881e-06	0.999723	1.24254e-10	0.000109401	3.67132e-07	0.000165856
Cell_163	1.93567e-10	3.00061e-10	2.91903e-05	5.7472e-12	7.06842e-08	0.00578611	0.991532	0.00265235
Cell_164	0.00735877	0.028168	7.17313e-05	1.18289e-05	0.304437	0.652927	2.74499e-07	0.00702526
Cell_165	2.316e-10	8.86524e-10	3.88664e-06	0.99901	1.21357e-19	9.51363e-05	0.000533211	0.000357628
Cell_166	1.13906e-10	1.44462e-09	0.000100947	0.987228	9.22502e-21	0.0032991	0.000199587	0.00917243
Cell_167	1.253e-11	4.79625e-11	0.695631	0.192	2.44242e-18	0.0213871	0.00930175	0.08168
Cell_168	0.00037496	0.000517876	6.66633e-07	3.17831e-19	0.999026	1.33863e-05	7.08105e-07	6.60908e-05
Cell_169	0.000835118	0.00137555	1.91232e-05	1.5399e-11	0.993023	0.0021735	0.000680098	0.00189331
Cell_170	8.31228e-17	3.87877e-16	1.63202e-14	2.4904e-19	3.26244e-18	3.585e-13	1	1.46077e-12
Cell_171	1.64095e-15	6.28126e-15	2.17848e-05	0.99723	2.62769e-27	0.00054313	3.16911e-05	0.00217321
Cell_172	0.000539671	0.00206576	0.000805955	3.00327e-08	0.9586	0.0087938	0.00759497	0.0215994
Cell_173	0.194493	0.744485	6.60584e-05	0.00144493	1.46213e-17	0.0541484	8.53389e-06	0.00535368
Cell_174	1.06487e-14	4.07614e-14	6.56264e-06	0.999145	1.8348e-27	0.000387462	4.31589e-07	0.000460155
Cell_175	5.87445e-06	1.32663e-05	4.69484e-07	4.07155e-22	0.000303817	3.28122e-05	0.999598	4.61471e-05
Cell_176	0.00060293	0.0023079	0.00010036	2.39029e-06	0.799735	0.187193	1.76744e-05	0.0100409
Cell_177	1.45401e-05	5.5657e-05	2.56558e-06	4.54956e-19	0.999494	0.000127577	5.685e-05	0.00024863
Cell_178	0.000817488	0.00314314	9.29674e-05	0.397406	0.491135	0.0685674	0.0300485	0.00878969
Cell_179	4.76644e-13	1.57329e-11	6.78238e-08	7.64863e-13	1.81687e-21	1.54569e-05	0.999978	6.76268e-06
Cell_180	0.000182218	0.000697496	1.34023e-05	6.59697e-15	0.995726	0.00194183	0.000105798	0.00133352
Cell_181	2.09834e-10	2.96079e-10	8.6118e-06	0.998751	7.68268e-18	0.000349327	3.27113e-05	0.000858399
Cell_182	4.03972e-05	0.000154633	3.36144e-05	0.445651	0.550759	0.00244398	1.67217e-05	0.000900857
Cell_183	0.431078	0.568922	1.11395e-33	1.22806e-48	3.47277e-30	2.84899e-31	2.35014e-33	6.79554e-32
Cell_184	0.000209156	0.000800609	1.7134e-05	8.88925e-24	4.18783e-10	0.00205752	0.995255	0.00166045
Cell_185	8.86945e-06	3.39506e-05	1.11906e-05	3.16599e-08	0.998154	0.0004869	0.0005481	0.00075725
Cell_186	3.91843e-07	1.4999e-06	3.6482e-05	0.993403	8.73096e-09	0.00288651	4.73144e-05	0.00362529
Cell_187	0.00310052	0.0118682	0.00324675	7.83694e-07	1.66988e-07	0.658714	0.000595931	0.322473
Cell_188	2.47196e-06	5.79748e-06	0.000259842	0.917831	3.2267e-10	0.0586406	2.8284e-06	0.0232577
Cell_189	1.18061e-09	2.80709e-08	0.000811574	8.30711e-08	1.05267e-12	0.905583	0.0130918	0.0805139
Cell_190	1.75908e-06	6.73342e-06	1.01195e-05	2.82821e-11	0.998185	0.00014826	0.000906683	0.00074155
Cell_191	4.94919e-07	8.71607e-06	1.87391e-05	0.44626	0.551512	0.000286127	4.12289e-05	0.00187227
Cell_192	1.28735e-06	2.57185e-05	9.44137e-06	0.997598	0.00100644	0.000432946	2.76718e-05	0.000898465
Cell_193	1.98551e-05	0.000107255	9.56377e-07	4.81223e-26	0.999398	0.000370203	3.6106e-05	6.75223e-05
Cell_194	1.86147e-10	7.12538e-10	9.82119e-08	5.11953e-10	2.70084e-13	1.99472e-06	0.999988	9.72191e-06
Cell_195	3.30292e-07	1.2643e-06	0.00408926	0.283436	0.000824201	0.15033	0.242688	0.318632
Cell_196	0.207127	0.792845	1.36149e-08	3.81217e-20	2.48227e-05	1.23805e-06	1.30208e-06	9.47802e-07
Cell_197	0.207133	0.792867	2.64203e-12	4.69701e-32	4.98331e-14	1.20741e-08	7.64738e-13	2.58811e-10
Cell_198	2.74349e-06	1.05016e-05	1.73406e-05	0.445269	0.550288	0.00267287	1.80673e-05	0.00172127
Cell_199	0.318353	0.681633	1.56003e-10	7.55819e-25	9.10143e-20	1.39428e-05	2.74048e-10	1.55219e-08
Cell_200	1.1385e-06	0.000207651	3.73035e-06	1.8032e-29	0.998252	0.000473487	0.000695303	0.000366668
Cell_201	0.000626152	0.0023968	0.000292314	0.410872	0.507778	0.0475505	0.00206576	0.0284181
Cell_202	1.41161e-06	5.40337e-06	1.7653e-06	1.10378e-11	0.999785	2.41983e-05	5.84171e-06	0.000176314
Cell_203	2.25754e-06	5.36769e-05	0.000132074	0.43739	0.540549	0.00248845	0.00623431	0.0131503
Cell_204	1.4402e-14	5.51281e-14	3.82369e-07	0.999943	1.70965e-19	1.11694e-05	7.29829e-06	3.76846e-05
Cell_205	1.95278e-06	7.4749e-06	2.50582e-06	1.35357e-11	0.999696	4.25685e-05	1.75429e-06	0.000248049
Cell_206	0.000392635	0.000437753	0.000103391	7.66542e-11	0.941977	0.00247009	0.044743	0.00987642
Cell_207	3.95387e-11	5.22244e-11	0.000816526	0.874953	1.47237e-07	0.0153307	0.0281447	0.0807554
Cell_208	1.58814e-19	3.59807e-18	2.73475e-13	4.60079e-11	1.02912e-14	2.4608e-12	1	2.72214e-11
Cell_209	5.84142e-07	0.00193241	7.86412e-05	0.000635818	0.962577	0.0275767	0.000248028	0.00695049
Cell_210	1.50583e-06	0.000200977	0.000120962	1.29857e-28	1.57125e-13	0.00539692	0.982181	0.012099
Cell_211	4.14825e-06	1.58787e-05	1.88329e-06	2.20496e-17	0.999734	5.84426e-05	2.50517e-06	0.000183089
Cell_212	9.94394e-11	3.80636e-10	5.74477e-05	0.969653	8.52223e-09	0.00224909	0.0224139	0.00562634
Cell_213	0.0742097	0.284061	0.00136621	5.0746e-07	0.330559	0.173372	0.000812212	0.13562
Cell_214	2.61291e-08	2.15268e-07	3.93959e-07	2.31902e-08	2.86597e-08	1.97187e-05	0.999941	3.87235e-05
Cell_215	1.36764e-05	0.000111557	8.29695e-05	0.978824	5.8088e-05	0.012528	0.00019296	0.00818875
Cell_216	5.07429e-06	1.94234e-05	2.24047e-06	4.72627e-22	0.998838	0.000915759	8.47945e-07	0.000218955
Cell_217	3.02199e-05	0.000115676	2.70007e-06	1.09007e-14	0.998467	0.000187417	0.000928576	0.000268841
Cell_218	0.0586845	0.941315	1.58376e-15	5.39127e-16	3.9193e-17	1.0198e-13	1.17504e-13	1.02043e-13
Cell_219	0.0096417	0.0369067	0.000745763	2.93362e-06	0.020031	0.341261	0.51734	0.0740707
Cell_220	0.00158089	0.00607832	0.00103123	1.21919e-10	6.81782e-13	0.866014	0.0221319	0.103164
Cell_221	7.7473e-05	0.000799619	4.91808e-06	6.08492e-21	0.994577	0.00405498	1.25613e-05	0.000473532
Cell_222	0.00144976	0.00554942	0.00140363	2.84467e-09	0.713412	0.0364784	0.111225	0.130482
Cell_223	2.59124e-05	9.9188e-05	1.07369e-05	0.0161096	0.975545	0.00712899	1.43948e-05	0.00106641
Cell_224	0.0116878	0.0447387	0.00554149	7.70422e-06	0.0116636	0.190219	0.304741	0.431401
Cell_225	9.20235e-10	7.69043e-06	2.80854e-06	7.86128e-08	7.93093e-11	0.00362454	0.996086	0.000279219
Cell_226	6.73447e-08	2.57783e-07	0.00540731	0.00255655	0.00315952	0.352296	0.100494	0.536087
Cell_227	0.00372386	0.996276	1.12233e-12	3.39208e-34	6.82267e-11	5.30491e-09	1.06701e-12	1.12316e-10
Cell_228	3.5634e-05	0.0001364	2.3963e-05	2.43113e-09	0.996415	0.000630813	0.000416131	0.00234183
Cell_229	0.00346882	0.013278	2.70912e-05	2.00276e-10	0.870096	0.112128	3.96866e-06	0.000997843
Cell_230	1.26314e-06	3.48977e-06	0.00569086	1.96153e-05	3.15848e-13	0.132827	0.29767	0.563787
Cell_231	1.90445e-08	3.37123e-08	2.48852e-06	0.998088	3.25596e-18	0.00159331	6.6793e-05	0.000248858
Cell_232	6.9078e-05	0.000415885	3.7086e-05	5.66842e-10	0.995105	0.00163976	0.000579822	0.00215382
Cell_233	3.30821e-07	1.26632e-06	8.38043e-05	0.446903	0.552307	0.000159524	5.04364e-05	0.000494339
Cell_234	2.34831e-05	8.98888e-05	2.96294e-05	3.85676e-05	0.992599	0.00384597	0.000439994	0.00293299
Cell_235	5.22939e-05	0.000200171	9.89598e-06	6.08724e-08	0.997957	0.000668961	0.000153036	0.00095902
Cell_236	2.69301e-05	6.08165e-05	2.80524e-07	1.71712e-28	0.999707	0.000176701	1.45784e-08	2.80471e-05
Cell_237	6.47649e-06	2.47908e-05	4.15144e-06	1.35317e-11	0.999396	9.79666e-05	6.56709e-05	0.000404717
Cell_238	5.20478e-06	1.99229e-05	2.89722e-05	3.8722e-05	0.996575	0.000438733	0.0018585	0.00103463
Cell_239	1.91603e-05	2.19378e-05	5.65656e-05	0.968772	0.0244339	0.00105235	4.29626e-07	0.00564384
Cell_240	0.00202556	0.00775348	0.000976339	8.51337e-14	0.825734	0.066216	0.00237675	0.0949174
Cell_241	3.15501e-08	7.51178e-07	1.62224e-07	1.13192e-07	1.39889e-07	0.000729821	0.999254	1.5317e-05
Cell_242	0.00066872	0.00115725	0.000183218	0.0150703	0.912608	0.0519691	5.02389e-05	0.0182934
Cell_243	0.00331854	0.0127028	0.00203533	0.00027989	0.423731	0.3049	0.0526703	0.200362
Cell_244	8.60254e-08	2.15356e-05	0.00723221	0.040353	2.39473e-06	0.215055	0.0244138	0.712922
Cell_245	4.5384e-07	1.73722e-06	5.22142e-06	1.34749e-05	0.999597	7.72097e-05	3.1654e-09	0.000305354
Cell_246	2.11008e-05	3.08466e-05	4.31607e-05	0.96542	0.0243493	0.00154544	0.00432132	0.00426864
Cell_247	2.19125e-07	8.38771e-07	4.86449e-07	6.46513e-07	7.98996e-07	8.02623e-06	0.99995	3.94241e-05
Cell_248	0.00357511	0.018223	0.00165224	2.12404e-13	0.00266569	0.118141	0.692334	0.163408
Cell_249	8.92497e-22	1.62782e-19	1.0816e-05	0.998607	4.42293e-25	0.00015778	0.000318731	0.000905673
Cell_250	4.47667e-05	0.000171359	1.5909e-05	3.85785e-05	0.992882	0.00179427	0.00355102	0.00150211
Cell_251	5.81021e-06	2.22404e-05	1.50009e-05	0.996875	0.00100571	0.00043137	0.000148847	0.0014959
Cell_252	2.58161e-09	4.25224e-09	0.000266171	0.883881	5.98339e-19	0.0866523	0.00259648	0.0266044
Cell_253	0.00849048	0.99151	2.46966e-20	1.17359e-22	1.36828e-23	9.05314e-18	4.98789e-17	2.37475e-18
Cell_254	1.93749e-09	7.41634e-09	0.000531537	0.995552	2.83701e-09	0.00230334	1.29771e-05	0.00159969
Cell_255	3.79845e-07	1.45398e-06	0.00017753	0.975157	2.00775e-05	0.0117568	0.00250452	0.0103821
Cell_256	0.00985262	0.037714	0.000150263	0.372156	2.20855e-05	0.546072	0.0197338	0.0142994
Cell_257	7.39993e-05	0.000283256	2.22848e-05	0.965815	0.0243593	0.00690824	0.000417485	0.00212067
Cell_258	0.000177851	0.000680781	2.19445e-05	0.0161344	0.977048	0.00369838	7.5358e-05	0.0021632
Cell_259	0.207133	0.792867	2.37129e-12	4.70004e-17	1.36071e-13	2.1675e-09	4.67279e-10	2.22497e-10
Cell_260	0.000114165	0.000132906	9.74619e-05	0.436026	0.538864	0.0125421	0.00272174	0.0095014
Cell_261	0.207133	0.792867	1.93991e-09	2.72891e-13	9.1303e-08	1.51313e-07	1.78255e-09	1.35047e-07
Cell_262	4.62635e-06	2.1588e-05	3.91304e-06	1.86483e-09	0.999486	0.000101092	4.27467e-07	0.00038241
Cell_263	0.000274395	0.000349871	4.55453e-05	2.87229e-12	0.993471	0.00117607	0.000128377	0.00455503
Cell_264	2.16781e-15	3.59015e-13	5.56205e-05	0.992103	4.25346e-18	0.00225046	0.00022068	0.00537066
Cell_265	1.40378e-05	5.37342e-05	3.49898e-05	0.444143	0.548896	0.00124119	0.00215093	0.0034664
Cell_266	5.2143e-09	1.99594e-08	0.999113	3.20301e-12	1.09188e-09	3.06354e-05	0.000746937	0.000109102
Cell_267	3.14459e-09	1.56449e-06	6.48771e-07	1.15803e-34	0.999928	8.72335e-06	2.11068e-08	6.1395e-05
Cell_268	3.91088e-07	1.49701e-06	0.000458668	0.867453	1.786e-05	0.022824	0.0708379	0.0384065
Cell_269	3.32e-18	7.97744e-18	6.86817e-06	0.995548	4.17114e-31	0.003666	9.3398e-05	0.000685272
Cell_270	1.98989e-06	0.000119482	6.46278e-07	4.56895e-24	0.998813	0.000971867	3.7286e-05	5.55784e-05
Cell_271	1.28029e-12	4.90072e-12	1.29909e-05	0.997127	4.95724e-12	0.00157183	1.49532e-07	0.00128794
Cell_272	2.01947e-05	7.73015e-05	1.7824e-05	2.97479e-06	0.995294	0.00265997	0.000145484	0.00178265
Cell_273	5.98849e-06	2.29228e-05	4.64123e-06	1.04085e-12	0.99935	0.000155254	3.52228e-06	0.000458116
Cell_274	7.38599e-06	2.82722e-05	4.56091e-06	1.15637e-13	0.999234	0.000101721	0.000170005	0.000454121
Cell_275	4.62201e-23	3.09401e-22	1	1.90988e-24	1.31297e-25	1.00937e-13	5.00003e-15	5.13564e-13
Cell_276	1.38798e-16	1.1435e-15	4.0305e-06	0.999498	7.48096e-31	7.3973e-05	5.98776e-05	0.000363643
Cell_277	0.00231513	0.00295195	0.000588802	0.346617	0.428368	0.154327	0.00650026	0.0583319
Cell_278	7.80591e-05	0.00468701	0.000165898	1.14139e-07	0.954704	0.0226513	0.00114435	0.0165695
Cell_279	1.10666e-05	4.23609e-05	1.02337e-05	0.446255	0.551505	0.000997298	0.000158067	0.00102077
Cell_280	1.24816e-09	1.02831e-08	2.38563e-05	0.990621	4.20108e-17	0.00258292	0.00439742	0.00237454
Cell_281	2.02712e-07	1.22499e-05	1.61377e-06	1.26571e-14	0.999857	1.88965e-05	1.58343e-05	9.43753e-05
Cell_282	7.41454e-07	1.31251e-06	1.33651e-06	1.11926e-19	0.999846	1.8009e-05	1.71291e-06	0.00013137
Cell_283	0.20712	0.792817	5.82291e-07	5.06059e-13	7.25222e-07	2.71288e-05	6.36428e-06	2.87067e-05
Cell_284	0.00463753	0.00677947	5.43372e-05	3.64857e-05	0.939021	0.04388	0.000344845	0.00524674
Cell_285	1.83957e-09	7.04154e-09	1.06279e-05	0.998764	3.46509e-17	0.000167617	2.43155e-05	0.00103322
Cell_286	9.61392e-14	2.65611e-13	2.13202e-05	0.0075951	3.08617e-16	0.00143031	0.989653	0.00130062
Cell_287	9.87947e-11	1.74885e-10	3.19397e-05	0.994528	1.65834e-14	0.00067016	0.00164133	0.00312813
Cell_288	1.08061e-09	4.13638e-09	4.91834e-05	0.991156	5.88199e-05	0.00121124	0.00272998	0.0047948
Cell_289	1.79012e-05	8.08871e-05	1.46796e-05	3.52689e-19	0.997351	0.00108139	1.24711e-05	0.00144134
Cell_290	7.33247e-16	2.80674e-15	1.60305e-05	0.998046	7.46741e-19	0.000251399	9.28501e-05	0.00159372
Cell_291	3.32068e-11	1.2711e-10	0.000214874	0.971073	9.48301e-10	0.00765961	5.34017e-05	0.0209991
Cell_292	0.00017325	0.000391252	0.10208	8.65407e-12	0.341116	0.112354	0.136672	0.307214
Cell_293	0.00216551	0.00373245	6.57526e-05	7.17802e-14	0.977642	0.0100086	6.35482e-05	0.00632257
Cell_294	4.21348e-17	1.61284e-16	7.54918e-06	0.999048	4.41158e-12	0.000240717	8.85197e-06	0.000694636
Cell_295	7.95262e-06	1.79595e-05	2.16958e-06	1.54341e-16	0.999694	4.68407e-05	1.77932e-05	0.000213255
Cell_296	1.60808e-10	8.29204e-10	1.94449e-05	0.996733	1.62577e-17	0.00121849	0.000112107	0.0019168
Cell_297	1.18078e-11	4.51979e-11	1.35515e-12	2.49871e-19	2.39909e-07	1.23605e-10	1	1.27952e-10
Cell_298	3.06439e-11	2.11629e-09	1.44401e-05	0.997787	1.20844e-06	0.000671835	0.000105954	0.00141936
Cell_299	6.4594e-06	0.0006801	3.66679e-06	8.10297e-11	0.995747	0.00325458	1.57211e-06	0.000307038
Cell_300	2.80976e-05	0.000107553	1.17343e-05	3.97798e-09	0.997635	0.00167277	3.47786e-06	0.000541812
Cell_301	7.98184e-11	1.53897e-10	9.74045e-06	0.998643	1.88757e-22	0.000340388	3.61555e-05	0.000971118
Cell_302	0.279843	0.369327	0.000722105	1.16417e-05	1.16009e-08	0.28918	0.000451097	0.0604653
Cell_303	6.38983e-05	0.000207715	6.1784e-05	0.441264	0.545337	0.00603224	0.00112136	0.00591243
Cell_304	1.5898e-05	6.08544e-05	4.64806e-05	0.445357	0.550397	0.000837547	3.64438e-06	0.00328163
Cell_305	7.29975e-05	0.000107525	1.57476e-06	4.67799e-35	0.999347	0.000260219	5.50023e-05	0.000155746
Cell_306	7.20664e-07	2.75857e-06	0.00350059	0.00787564	3.19603e-07	0.104631	0.550864	0.333125
Cell_307	1.17466e-27	4.49639e-27	1	5.61828e-21	1.53621e-37	3.51444e-14	2.01883e-16	6.15432e-14
Cell_308	4.19972e-06	1.60757e-05	1.41908e-06	1.38692e-33	0.999792	2.83849e-05	1.79321e-05	0.000140258
Cell_309	0.00131552	0.00819863	0.0025077	0.107947	0.133407	0.450712	0.0521204	0.243792
Cell_310	0.0169821	0.0650043	0.00790026	2.70642e-08	8.71319e-27	0.113648	0.013796	0.78267
Cell_311	3.96047e-05	0.000625837	0.000208921	0.0157856	0.955927	0.00654541	0.000186945	0.0206809
Cell_312	5.5731e-12	3.38121e-09	2.90925e-05	0.996587	2.91444e-13	0.00067682	2.85401e-06	0.00270445
Cell_313	0.000104515	0.000400066	1.51011e-05	3.8466e-05	0.989985	0.00538925	0.00258116	0.00148659
Cell_314	8.77809e-21	3.36009e-20	5.23793e-05	0.943316	5.76277e-21	0.0482207	0.00317451	0.00523622
Cell_315	0.34152	0.65848	1.18099e-14	1.59695e-15	1.16094e-16	1.41747e-11	3.24052e-15	1.13015e-12
Cell_316	5.62606e-06	2.15355e-05	1.51008e-06	2.10316e-15	0.999556	0.000111877	0.000153633	0.00015006
Cell_317	3.16449e-13	1.21131e-12	3.47863e-05	1.98841e-06	2.68068e-18	0.00108657	0.995465	0.00341141
Cell_318	0.000270019	0.000394733	8.19197e-05	2.27258e-10	0.987316	0.00327845	0.000653539	0.00800577
Cell_319	1.02714e-05	3.9317e-05	0.000625666	2.48608e-07	4.23381e-05	0.13655	0.800383	0.0623494
Cell_320	7.9371e-21	3.03818e-20	0.000207636	0.985014	1.48247e-17	0.00701728	0.000113431	0.0076478
Cell_321	2.4056e-06	9.20819e-06	2.13706e-06	1.11913e-19	0.999733	3.59279e-05	4.20283e-06	0.000213291
Cell_322	1.13243e-12	4.33472e-12	4.5091e-06	0.999152	1.76601e-13	0.000390774	2.95724e-06	0.000449556
Cell_323	0.000134273	0.000177353	1.70606e-05	0.00767128	0.00948058	0.00157354	0.979446	0.00149966
Cell_324	2.44456e-18	5.82027e-17	6.118e-06	0.999309	1.62997e-17	6.92013e-05	3.16477e-06	0.000612023
Cell_325	0.000184547	0.000706412	1.14124e-06	2.1458e-28	0.998289	0.000673031	3.17543e-05	0.000114106
Cell_326	0.207133	0.792867	1.99674e-14	3.59937e-21	4.44829e-21	1.03945e-10	1.7403e-13	1.9683e-12
Cell_327	2.45544e-05	3.34134e-05	6.96256e-06	1.24431e-31	0.999123	0.000114946	1.12889e-05	0.000685411
Cell_328	2.50623e-05	9.59339e-05	4.31221e-05	5.64233e-10	0.990524	0.00473627	0.000301681	0.00427351
Cell_329	0.000566921	0.00217007	9.02058e-06	1.07333e-21	0.996224	0.000132944	1.5472e-06	0.000895942
Cell_330	7.7223e-09	2.95595e-08	0.00882704	1.86353e-12	0.00333242	0.104113	0.000746945	0.882981
Cell_331	0.206128	0.78902	2.39712e-05	0.00112956	1.143e-17	0.00124015	6.89235e-05	0.0023888
Cell_332	5.68679e-06	6.36587e-06	4.97489e-07	8.44198e-29	0.999919	1.95785e-05	9.659e-09	4.88467e-05
Cell_333	1.86145e-06	7.12528e-06	0.00529147	0.00115732	6.26034e-12	0.239972	0.228967	0.524603
Cell_334	0.00115053	0.00440402	0.00528276	0.00370622	0.000508927	0.458036	0.00195247	0.524959
Cell_335	1.15525e-19	4.4221e-19	3.35542e-05	0.994652	3.67388e-31	0.00121737	0.000751784	0.00334534
Cell_336	3.45487e-06	1.32246e-05	1.30111e-06	3.88464e-05	0.999775	8.39587e-05	2.60999e-07	8.38311e-05
Cell_337	0.0139503	0.0533993	0.000568101	0.118007	0.00297631	0.764977	0.00189553	0.0442263
Cell_338	3.46434e-10	8.67263e-08	7.76967e-05	0.977644	5.8018e-05	0.0152696	8.3967e-05	0.00686701
Cell_339	0.00724932	0.0277491	0.00816565	3.23204e-21	7.83024e-05	0.137506	0.00719223	0.812059
Cell_340	3.2487e-13	1.24354e-12	9.87431e-06	0.012048	7.33737e-11	0.000133467	0.987002	0.000806874
Cell_341	2.73096e-12	1.65688e-09	1.15728e-05	6.45531e-07	4.81591e-12	0.999031	0.000280288	0.000676787
Cell_342	7.52219e-05	0.000145034	0.000173755	0.0160611	0.972611	0.0024815	0.00145882	0.006994
Cell_343	1.53696e-09	9.22856e-08	0.00146296	0.801582	0.00448253	0.0304392	0.0165877	0.145445
Cell_344	4.54611e-16	6.34104e-16	7.67872e-06	0.99594	4.33441e-21	0.000429366	0.00286148	0.000761277
Cell_345	9.29149e-06	2.53987e-05	9.79321e-05	0.440701	0.544642	0.00455561	0.000397822	0.00957062
Cell_346	3.18861e-26	7.50044e-26	2.37486e-15	9.58202e-12	5.94594e-41	4.72092e-12	1	2.37088e-13
Cell_347	0.000510139	0.00195272	0.000143958	0.882865	0.0222672	0.0788519	0.00102853	0.01238
Cell_348	1.09108e-16	5.42833e-14	0.000129162	1.58078e-12	6.19181e-14	0.00281372	0.986589	0.0104679
Cell_349	0.000188914	0.000364242	0.00104169	0.978684	4.46767e-06	0.0165228	5.92851e-05	0.00313502
Cell_350	0.000249287	0.000954226	0.000200966	3.7564e-05	0.966772	0.024503	0.000105886	0.00717675
Cell_351	5.70571e-06	1.98097e-05	0.974743	7.70834e-05	9.52638e-05	0.000930684	0.0192439	0.00488441
Cell_352	0.0016367	0.00626497	0.00062008	0.883	1.62399e-08	0.0447238	0.00174107	0.0620131
Cell_353	3.1409e-13	1.20228e-12	3.23003e-06	0.999314	9.7588e-10	0.000332739	2.82716e-05	0.000321501
Cell_354	6.19059e-06	2.36964e-05	0.00640433	8.86679e-07	4.84674e-05	0.357471	0.000690207	0.635355
Cell_355	7.62375e-05	0.000291823	2.81982e-06	3.88071e-05	0.998765	0.000533153	2.57742e-05	0.000266602
Cell_356	2.35931e-07	9.03101e-07	5.40264e-07	6.07224e-22	0.999938	7.85724e-06	8.55028e-10	5.24225e-05
Cell_357	1.58373e-09	6.06222e-09	1.46604e-06	0.000168284	8.15247e-12	4.96763e-05	0.999641	0.000139512
Cell_358	1.0271e-05	4.79275e-05	1.73073e-05	0.445303	0.55033	0.00125333	0.0013509	0.00168726
Cell_359	4.72464e-05	0.00018085	1.08094e-06	4.21477e-28	0.998446	0.00119517	2.43903e-05	0.000105379
Cell_360	9.27364e-05	0.000134071	9.74245e-05	2.9549e-06	0.98864	0.0012914	2.1526e-06	0.00973973
Cell_361	4.04716e-14	1.54918e-13	3.95068e-05	0.994994	3.0312e-20	0.00114811	3.93247e-06	0.00381473
Cell_362	3.35744e-21	1.28517e-20	2.54691e-05	0.99489	2.50874e-25	0.00130192	0.00123856	0.00254447
Cell_363	9.16472e-06	3.50808e-05	0.000593324	0.882381	0.022255	0.0313492	0.015963	0.0474147
Cell_364	0.00505813	0.0193616	0.000442123	0.00973609	0.0120324	0.91316	0.0102922	0.0299178
Cell_365	3.7157e-12	6.15363e-10	2.36757e-05	0.972743	1.62201e-14	0.0247616	0.000138078	0.00233385
Cell_366	2.65199e-14	3.26832e-14	1	9.05823e-11	2.63403e-13	8.2745e-10	6.07099e-09	1.89824e-09
Cell_367	2.04497e-14	7.82778e-14	3.17835e-05	0.995058	6.736e-19	0.00171876	0.000101447	0.00308992
Cell_368	2.00954e-06	4.78453e-05	1.89707e-05	2.42966e-09	0.995813	0.00177865	0.000478195	0.00186152
Cell_369	0.000326814	0.00232527	0.000758223	2.34768e-05	0.604214	0.1313	0.185996	0.0750558
Cell_370	1.46613e-06	5.61207e-06	2.29015e-06	4.33024e-16	0.999612	0.00014679	2.80988e-06	0.000229091
Cell_371	0.000407097	0.000702094	0.000101121	0.968808	4.11742e-14	0.0193764	0.00141712	0.00918831
Cell_372	7.29101e-06	2.79086e-05	3.51445e-05	0.991297	8.62445e-10	0.00289761	0.00223674	0.0034981
Cell_373	2.11139e-05	8.08199e-05	1.93774e-06	1.13034e-29	0.999147	0.000427599	0.000136497	0.000185433
Cell_374	0.000297718	0.000513455	9.00819e-06	5.77655e-14	0.979019	0.0192585	1.68322e-06	0.000900834
Cell_375	1.03196e-07	0.000123579	4.77453e-05	2.53797e-11	0.992355	0.00121657	0.00150181	0.00475535
Cell_376	2.37866e-06	9.10507e-06	2.41673e-06	3.17073e-08	0.999649	5.89319e-05	4.5539e-05	0.000232386
Cell_377	0.00587788	0.0224994	0.000151314	0.011897	0.720442	0.224485	3.68794e-05	0.0146107
Cell_378	3.84592e-05	0.000147215	0.00022567	0.0306042	0.945559	0.00492184	0.000919424	0.017584
Cell_379	0.207133	0.792867	2.40064e-12	2.14967e-15	5.87125e-13	5.71602e-10	7.80749e-13	2.32646e-10
Cell_380	1.08806e-05	4.16491e-05	7.3319e-06	0.000683812	0.000845091	0.00202022	0.995659	0.000731963
Cell_381	1.1639e-11	1.92756e-09	1	2.76953e-23	1.7288e-11	3.79471e-09	2.86231e-08	9.68452e-09
Cell_382	4.42975e-10	1.29322e-09	0.00473741	0.432065	2.89157e-11	0.0978203	0.00400316	0.461374
Cell_383	1.43324e-06	5.48617e-06	6.82225e-05	6.70478e-08	6.37394e-09	0.993253	2.12437e-05	0.0066509
Cell_384	3.02749e-10	1.01298e-08	0.000423421	3.79637e-05	2.47259e-10	0.0145346	0.942845	0.0421591
Cell_385	0.207133	0.792867	6.79989e-12	3.91118e-09	5.37282e-19	5.63053e-10	2.65691e-10	6.65971e-10
Cell_386	0.207132	0.792862	3.61642e-08	5.6558e-17	6.81688e-12	2.64203e-06	8.93907e-08	3.50468e-06
Cell_387	7.41922e-05	0.000283994	0.0022343	1.13269e-09	8.73579e-09	0.257841	0.529591	0.209975
Cell_388	3.45606e-12	1.32292e-11	2.63543e-05	0.994869	2.34593e-16	0.0025917	4.15088e-06	0.00250864
Cell_389	3.52016e-15	6.78717e-15	7.48337e-06	0.999133	1.774e-11	0.000134983	2.87155e-05	0.000695905
Cell_390	1.52997e-14	2.15881e-14	1.06628e-06	0.998552	1.16546e-19	0.00131369	3.13643e-05	0.00010147
Cell_391	1.95735e-06	3.07663e-06	1.20202e-05	7.92661e-07	0.999621	8.31566e-05	1.54555e-05	0.000262355
Cell_392	0.000820338	0.0195315	0.00661966	4.02525e-21	0.000504372	0.136053	0.200229	0.636242
Cell_393	2.80892e-09	2.31417e-08	1.21531e-05	0.998604	8.2241e-07	0.000190627	2.91385e-05	0.00116299
Cell_394	3.73172e-05	0.000142843	0.000328106	0.420017	0.519079	0.0105467	0.0188281	0.0310211
Cell_395	1.12731e-12	4.31512e-12	6.82609e-05	0.829497	3.66288e-12	0.156277	0.00781025	0.00634782
Cell_396	6.23036e-07	3.36558e-06	0.000117158	9.59169e-10	6.65214e-09	0.0333738	0.954972	0.0115334
Cell_397	2.31197e-12	8.8498e-12	5.93673e-05	0.832183	8.1693e-23	0.161809	3.2907e-05	0.00591612
Cell_398	5.1722e-06	1.97982e-05	2.30826e-06	1.15656e-13	0.999405	0.000270136	7.4077e-05	0.000223693
Cell_399	0.00110127	0.00421546	1.29169e-05	4.34917e-27	0.980993	0.0125379	0.000384499	0.000755395
Cell_400	6.27614e-10	3.80774e-07	0.000149471	0.974286	5.26217e-19	0.00700125	0.00399074	0.0145717
Cell_401	0.000273753	0.000321207	0.000170144	0.433487	0.535726	0.00952192	0.00364434	0.0168559
Cell_402	1.15687e-06	4.42827e-06	6.0579e-06	2.81876e-07	0.999677	6.96421e-05	2.42839e-07	0.000240714
Cell_403	1.25766e-08	6.12576e-08	2.64608e-05	0.978613	2.02376e-11	0.0187067	3.6315e-05	0.002617
Cell_404	3.94363e-14	2.13031e-13	2.35928e-05	0.991023	1.67734e-23	0.00655934	5.67167e-05	0.002337
Cell_405	1.4839e-16	3.85765e-16	1.53887e-13	6.61287e-14	1.97338e-20	5.16224e-12	1	1.53515e-11
Cell_406	2.39727e-05	2.63065e-05	0.000128106	0.960601	0.0242278	0.00196968	0.000256516	0.0127661
Cell_407	7.92653e-21	3.03413e-20	4.0893e-06	0.999506	1.21417e-19	7.0622e-05	1.1346e-05	0.000407787
Cell_408	6.41813e-05	9.38249e-05	1.35723e-06	5.75035e-09	0.999291	0.000413245	1.74718e-05	0.000119303
Cell_409	0.000178483	0.000683199	0.000415718	0.000505669	0.765543	0.0792594	0.112435	0.0409798
