cell	Node 0	Node 1	Node 2	Node 3	Node 4	Node 5	Node 6	Node 7	Node 8	Node 9	Node 10
Cell_0	6.80364e-45	8.80995e-17	1.75373e-14	1	7.87102e-16	1.73292e-15	2.64157e-27	8.80689e-15	1.55074e-17	2.13083e-14	6.67621e-25
Cell_1	3.56026e-42	1.1049e-08	4.66797e-06	9.8012e-08	0.168253	9.42599e-07	1.3276e-15	0.831739	1.7644e-12	1.73369e-06	2.10051e-12
Cell_2	6.26366e-35	1.8567e-06	0.000326957	8.08746e-06	1.78829e-05	0.00129202	2.43906e-12	5.22856e-06	0.998206	0.000142409	1.56974e-16
Cell_3	6.08381e-31	3.04095e-05	0.0043997	9.00479e-05	0.000198328	0.012247	0.000105949	0.000616953	0.537399	0.00199467	0.442918
Cell_4	1.44576e-40	4.52326e-13	3.49148e-12	1	1.89265e-13	5.93786e-13	5.62977e-18	4.70353e-12	6.65968e-31	1.62767e-10	4.17925e-12
Cell_5	6.17844e-18	4.43053e-06	0.000117048	2.39406e-06	1.53313e-05	0.000269225	1.9205e-09	2.05975e-06	0.999364	0.000225019	1.12381e-11
Cell_6	7.22611e-18	0.00269949	8.70009e-05	1.80557e-06	1.54917e-05	5.05703e-05	0.995818	0.000240293	2.70497e-11	0.00108714	3.52011e-12
Cell_7	9.81935e-34	7.98736e-07	3.69089e-05	7.90951e-07	2.74436e-06	0.000472216	1.73066e-21	3.6946e-06	6.56201e-34	7.77586e-05	0.999405
Cell_8	1.48874e-33	2.42403e-06	0.00016413	3.40628e-06	1.09441e-05	0.000714075	8.79673e-12	1.64958e-07	0.99853	0.00057475	2.6012e-11
Cell_9	2.01459e-38	1.44397e-05	0.00150079	3.70579e-05	8.20858e-05	0.00171182	5.65631e-10	1.16375e-05	0.994217	0.00242521	1.37116e-11
Cell_10	1.27098e-34	0.00122928	0.0248625	0.000506907	0.00256358	0.0307428	4.94919e-12	0.220855	4.17683e-23	0.360066	0.359174
Cell_11	4.00965e-27	1.69466e-07	0.000113174	2.3111e-06	0.168143	8.90491e-06	3.31064e-06	0.830621	0.000931801	0.000175776	2.83675e-09
Cell_12	9.14269e-15	0.00176881	1.41985e-07	2.90599e-09	6.38545e-09	2.69057e-08	0.998231	5.27194e-08	5.44896e-21	2.22898e-07	1.71714e-20
Cell_13	3.3786e-20	3.17564e-05	0.000444962	9.47302e-06	3.30851e-05	0.00042084	1.0502e-11	0.00011033	0.997793	0.0011567	8.27045e-11
Cell_14	2.60932e-23	0.0116387	1.03029e-05	2.24363e-07	8.83019e-07	0.000302175	1.14233e-15	1.36927e-10	4.96087e-21	0.829002	0.159046
Cell_15	1.12366e-41	5.02463e-08	3.14602e-05	6.56225e-07	3.07046e-06	0.000125788	9.27765e-21	3.84347e-05	6.51385e-29	9.70366e-06	0.999791
Cell_16	6.02149e-08	0.000949725	0.00120227	2.46432e-05	0.000157477	0.0161692	0.00330891	0.00542055	0.511882	0.0389979	0.421887
Cell_17	1.99524e-14	3.26537e-06	0.000381489	8.95055e-06	2.33961e-05	0.00301546	1.09641e-09	3.2364e-05	0.994927	0.00160853	1.45447e-10
Cell_18	3.1173e-33	0.00156424	0.462844	0.00941061	0.023041	0.0726639	0.00126589	0.327017	1.37656e-08	0.102191	3.34118e-06
Cell_19	2.42474e-46	8.73857e-12	1.10887e-08	2.28642e-10	0.528766	6.88678e-10	1.9469e-20	0.471234	1.25693e-11	4.01118e-09	7.97802e-16
Cell_20	1.06277e-44	6.91067e-08	2.21251e-05	4.50375e-07	0.0591686	9.42896e-07	7.97734e-08	0.940802	1.62606e-09	5.54866e-06	5.69577e-07
Cell_21	1.08045e-18	4.34436e-06	0.00064131	1.38237e-05	3.2713e-05	0.00243047	3.35846e-10	0.00102808	0.995557	0.00028891	3.03085e-06
Cell_22	2.94237e-29	7.38059e-06	0.000424143	9.44634e-06	1.90026e-05	0.00114221	1.2453e-12	1.00924e-06	0.995688	0.00270879	4.04397e-09
Cell_23	1.03371e-20	5.0437e-05	0.0191941	0.000403012	0.0162315	0.0148717	0.000344423	0.00734861	0.910006	0.0162439	0.0153064
Cell_24	5.2654e-28	0.000105591	0.000429675	8.82316e-06	2.35011e-05	0.000668286	1.57185e-07	0.000136013	0.988576	0.0100512	7.98464e-07
Cell_25	5.66564e-12	0.0127028	0.000523162	1.15103e-05	0.000442411	0.000192991	0.976351	3.28161e-06	0.000335174	0.00943788	4.65494e-16
Cell_26	5.33153e-21	0.974113	0.00174541	3.54372e-05	0.00147601	0.000152952	1.18196e-05	0.0112507	8.89682e-11	0.011215	1.23922e-08
Cell_27	1.67768e-06	0.00404222	5.99732e-19	1.22136e-20	2.72923e-20	6.93504e-20	0.995956	5.1101e-20	8.16045e-29	3.42602e-19	6.95299e-23
Cell_28	1.51435e-38	4.2229e-06	0.000740881	1.50754e-05	3.5605e-05	0.00317744	0.00020721	0.00167524	6.45609e-16	0.000230305	0.993914
Cell_29	2.12202e-09	0.0243267	1.58878e-07	3.26594e-09	7.90918e-09	2.63176e-08	0.975672	2.56799e-08	8.76059e-17	1.00505e-07	6.49578e-07
Cell_30	9.58287e-24	1.47296e-06	0.000608324	1.27126e-05	0.000514429	0.00455367	3.81215e-05	1.32129e-05	4.20161e-07	0.000509474	0.993748
Cell_31	4.66769e-21	0.000265387	0.0285085	0.000583479	0.00507634	0.0235892	0.00181227	0.0138106	0.0214269	0.0395973	0.86533
Cell_32	1.21277e-31	0.000240245	0.0173034	0.000538841	0.0729101	0.00316531	2.70777e-10	0.781121	1.69561e-12	0.0401679	0.0845527
Cell_33	3.26263e-14	1.69335e-06	3.47429e-05	7.39857e-07	2.97766e-06	0.000336304	1.21388e-10	6.15012e-05	1.63627e-14	3.97444e-05	0.999522
Cell_34	4.82884e-29	5.05776e-06	0.000378539	8.48885e-06	6.74041e-05	0.000658845	5.09006e-09	0.000210127	9.1566e-21	0.000563889	0.998108
Cell_35	1.44585e-32	0.00261095	0.0410372	0.000873861	0.00235959	0.00417253	1.82445e-14	0.260955	5.12662e-07	0.68799	1.15824e-16
Cell_36	1.11826e-12	1.1944e-05	0.000223707	4.54135e-06	9.91834e-06	0.000454386	6.14505e-08	0.000120959	0.998954	0.00022092	1.37769e-11
Cell_37	2.45546e-31	4.55446e-05	0.000393431	8.05533e-06	1.7451e-05	0.000810618	2.38505e-08	1.57599e-05	0.983906	0.0148027	1.0438e-12
Cell_38	4.30869e-06	0.00227736	1.82193e-17	3.87879e-19	9.58352e-19	1.95881e-18	0.997718	2.45343e-17	2.71607e-35	2.04814e-17	8.77015e-25
Cell_39	9.77404e-20	0.00218076	0.385065	0.00871712	0.0236154	0.1526	1.72268e-07	0.203606	0.0305421	0.193674	1.77209e-11
Cell_40	3.20517e-58	4.86775e-06	0.000400429	8.22506e-06	1.8003e-05	0.000446355	1.21231e-19	7.66953e-05	0.998664	0.00038133	4.37495e-44
Cell_41	3.56231e-30	2.53259e-05	0.00137097	3.22108e-05	0.000101938	0.00127674	1.2934e-10	0.000532946	0.99517	0.00149001	1.52497e-12
Cell_42	1.49469e-26	5.14975e-06	0.000143519	3.03977e-06	6.19218e-05	0.000714391	1.72913e-09	2.45701e-05	0.998711	0.000336903	1.46e-10
Cell_43	0.00106919	0.222773	5.67056e-18	1.15854e-19	2.66242e-19	1.0172e-18	0.776158	3.83767e-20	6.82408e-16	3.33387e-17	5.62433e-16
Cell_44	2.39121e-26	2.73027e-08	8.60238e-07	1.87331e-08	0.0525441	2.71493e-07	9.51244e-08	0.947442	6.06571e-06	1.37063e-06	4.99928e-06
Cell_45	1.18666e-40	0.00129463	0.259579	0.00528288	0.0149254	0.463627	9.18041e-11	0.119907	0.00201272	0.127119	0.00625261
Cell_46	3.18744e-17	0.00297034	0.0423959	0.000942733	0.00260007	0.00797353	0.0202838	0.00857725	0.152775	0.758912	0.0025697
Cell_47	1.10275e-30	0.00208405	0.573103	0.012852	0.0269081	0.0166636	0.000192044	0.123013	2.19846e-21	0.236873	0.00831089
Cell_48	5.80552e-23	8.70227e-05	0.0013005	2.64096e-05	6.24991e-05	0.00125132	1.02323e-10	0.000489406	0.986137	0.0106456	3.14693e-08
Cell_49	1.47549e-21	2.4996e-05	0.00566968	0.000117259	0.0687286	0.00187498	0.000170693	0.81174	0.00240443	0.0121655	0.0971034
Cell_50	4.48582e-23	6.573e-06	0.000298559	6.21084e-06	3.07844e-05	0.000460069	9.04391e-14	0.00149071	0.996994	0.000712655	7.45609e-14
Cell_51	2.27132e-24	1.41658e-06	0.000415913	8.80917e-06	5.44776e-05	0.00764871	2.7674e-05	9.30561e-05	0.991536	0.000211004	3.01861e-06
Cell_52	1.22424e-27	2.07762e-06	0.00088112	2.28084e-05	6.55155e-05	0.00144304	4.87012e-09	3.491e-06	0.9966	0.000981957	3.21978e-08
Cell_53	3.25108e-40	0.000416374	0.0283564	0.000576405	0.00746114	0.035923	3.39468e-05	0.00301992	0.870698	0.0534913	2.34325e-05
Cell_54	6.66722e-29	0.00064365	0.00210569	4.32252e-05	9.9908e-05	0.00529206	0.0248617	0.00153677	0.826611	0.138806	1.03756e-13
Cell_55	1.0372e-11	0.0406482	5.73048e-09	5.1947e-10	3.01429e-10	3.00762e-09	0.959345	1.3365e-08	2.96952e-06	3.7949e-06	8.5286e-13
Cell_56	1.58971e-29	0.000789886	0.0362629	0.000736399	0.00161629	0.359595	9.39332e-08	0.000395238	0.000557587	0.556205	0.0438417
Cell_57	1.29646e-30	9.50801e-05	0.0126618	0.000264109	0.0022546	0.0240903	0.0010224	0.0052198	0.949121	0.00463217	0.000638575
Cell_58	9.3912e-34	4.78136e-06	0.00020706	4.29723e-06	1.03077e-05	0.000750177	6.80985e-09	9.80824e-06	1.18703e-06	0.000691396	0.998321
Cell_59	5.0943e-24	0.0023608	0.112196	0.00230632	0.00688078	0.00444613	7.98222e-10	0.316421	9.3001e-05	0.555296	3.97688e-10
Cell_60	3.48747e-20	7.86937e-07	0.000275509	5.83536e-06	3.03222e-05	0.000304943	4.21828e-10	0.000139409	1.56043e-12	8.90404e-05	0.999154
Cell_61	1.37479e-77	0.011045	0.228548	0.00463898	0.0102118	0.120547	1.01638e-20	0.000226832	1.07781e-27	0.624782	8.5729e-08
Cell_62	1.60561e-44	5.32028e-13	2.77427e-11	6.08076e-13	0.0138687	4.08381e-12	9.48731e-23	0.986131	7.35481e-12	1.00471e-10	3.30158e-20
Cell_63	2.1239e-19	3.87931e-05	0.00713239	0.000155319	0.495903	0.000642326	0.000135158	0.485893	0.00337602	0.00394204	0.00278248
Cell_64	3.01855e-10	1.9628e-05	0.000302169	6.24637e-06	1.50424e-05	0.00190339	4.49226e-08	0.0005555	4.73216e-08	0.00223508	0.994963
Cell_65	1.00858e-25	0.00078764	0.170904	0.00349171	0.00781091	0.474628	1.27268e-07	4.1686e-05	0.00010467	0.34223	4.09175e-09
Cell_66	4.15832e-42	4.5409e-05	9.02115e-05	1.83691e-06	4.0417e-06	0.000185929	2.31904e-10	2.57596e-07	0.994278	0.0053941	1.52361e-12
Cell_67	5.83342e-26	3.76909e-05	0.258986	0.00532326	0.0128926	0.149625	7.05581e-16	0.453566	9.42011e-08	0.11957	1.71453e-11
Cell_68	4.2928e-07	0.0036289	4.7642e-19	1.00032e-20	4.91238e-20	1.12759e-20	0.996371	3.60546e-19	2.83419e-24	9.20153e-18	2.39514e-29
Cell_69	3.96216e-28	0.000262264	0.0015882	3.27769e-05	0.00016376	0.00160174	6.98332e-16	0.00113219	0.956965	0.0382545	2.2504e-21
Cell_70	3.2799e-28	0.000221255	0.000519266	1.07008e-05	2.58498e-05	0.000903103	4.13876e-10	8.29076e-06	0.926959	0.0713528	5.73363e-22
Cell_71	2.25222e-09	0.222775	7.74101e-05	1.58332e-06	3.72014e-06	9.98146e-06	0.776163	6.36471e-05	0.000366663	0.000237015	0.000302199
Cell_72	2.34292e-38	0.00121506	0.0562933	0.00117105	0.0476044	0.0104527	2.19135e-07	0.762167	1.95446e-07	0.121043	5.23523e-05
Cell_73	1.38516e-40	4.97364e-06	0.000295525	6.2593e-06	2.53281e-05	0.00269884	7.03449e-10	0.000641449	9.10766e-08	0.000561246	0.995766
Cell_74	7.39307e-36	1.81945e-05	0.000910406	2.60996e-05	4.3752e-05	0.000465179	2.75684e-09	1.99774e-07	0.994322	0.00421363	6.17773e-08
Cell_75	8.54659e-20	1.57023e-11	1.07068e-09	7.00208e-10	0.700889	2.75802e-10	1.72309e-10	0.299111	2.09898e-12	3.71589e-09	2.11919e-09
Cell_76	1.14971e-11	0.0165231	1.14564e-13	2.32783e-15	4.94293e-14	2.33158e-14	0.983477	1.7478e-13	3.12893e-20	1.04748e-11	1.35926e-14
Cell_77	8.0612e-52	1.18894e-06	0.000171715	3.49116e-06	7.78576e-06	0.000216831	1.32839e-24	5.82679e-05	0.999395	0.000145996	1.18157e-33
Cell_78	1.52187e-22	0.0223996	0.0311561	0.000636231	0.00158926	0.0160376	0.000605415	0.00864332	4.96917e-24	0.918932	3.55452e-10
Cell_79	3.7348e-40	6.48281e-08	0.000156233	3.17125e-06	6.91916e-06	0.000553021	4.32062e-23	6.14356e-06	0.999238	3.63763e-05	2.8664e-27
Cell_80	1.01107e-22	0.000115443	0.00498629	0.000104008	0.000427353	0.0157155	0.000402211	0.00335549	0.517527	0.0308277	0.426539
Cell_81	1.27964e-17	0.000218907	0.00144783	5.41181e-05	8.63095e-05	0.0026408	2.25538e-05	7.46569e-06	0.934666	0.0608561	1.28724e-18
Cell_82	1.65392e-21	2.36729e-05	0.000816955	1.66233e-05	4.87012e-05	0.00119654	0.00064215	1.17842e-05	0.995524	0.0017193	3.17688e-08
Cell_83	5.76395e-16	0.00136823	0.00463686	0.000117006	0.000230829	0.00856924	0.00476701	0.000367902	0.335472	0.367978	0.276492
Cell_84	6.16548e-34	9.20297e-16	4.98965e-13	1	2.39791e-14	9.66641e-14	2.3938e-16	1.16432e-13	1.79033e-14	2.62585e-13	1.37375e-22
Cell_85	3.52645e-43	0.0033497	0.390774	0.00797005	0.0260566	0.148406	1.7909e-12	0.0887639	3.55863e-07	0.334679	1.56784e-13
Cell_86	2.23857e-12	0.00206907	3.7436e-13	7.59597e-15	1.65471e-14	1.01788e-13	0.997931	1.30308e-13	1.85722e-20	5.06455e-13	6.28514e-33
Cell_87	0.00120014	0.12758	5.57103e-18	1.17996e-19	4.77469e-19	5.47126e-19	0.871219	1.6311e-19	6.71498e-19	5.11903e-17	2.71186e-17
Cell_88	2.69966e-41	1.20867e-06	0.00069754	1.48543e-05	4.65117e-05	0.00146495	7.38411e-11	0.000266695	0.997255	0.000252945	9.98077e-14
Cell_89	6.26437e-49	2.39095e-06	0.000386502	7.85481e-06	1.77543e-05	0.000302258	1.07059e-17	7.60243e-05	0.999113	9.44031e-05	5.52057e-29
Cell_90	1.49994e-22	0.993628	2.20746e-06	4.69956e-08	1.03644e-07	1.80436e-06	2.26081e-07	1.70057e-06	0.0060911	0.000275182	1.74157e-20
Cell_91	3.1505e-27	0.300296	0.174364	0.00357525	0.0108456	0.100272	2.02058e-09	0.28082	2.71425e-07	0.129827	3.88298e-16
Cell_92	8.32482e-34	2.06313e-16	1.64329e-14	3.34564e-16	0.0433524	1.01991e-15	1.00693e-23	0.956648	1.31569e-39	3.47394e-14	8.6562e-16
Cell_93	2.34735e-40	4.43548e-07	0.000377451	7.6613e-06	1.67595e-05	0.000907407	2.33879e-08	1.53467e-05	3.65321e-09	0.000136576	0.998538
Cell_94	4.88097e-21	0.00137915	0.111208	0.00230314	0.00608253	0.0145808	0.720292	0.00413936	1.49714e-11	0.140015	1.30313e-18
Cell_95	3.3163e-14	9.39381e-07	0.000102252	2.08409e-06	4.99193e-06	0.00416598	1.03083e-05	4.73549e-05	0.000985157	3.70332e-05	0.994644
Cell_96	1.70788e-35	0.0087087	0.241725	0.00555972	0.0148246	0.0670851	5.39762e-11	0.228879	1.13758e-07	0.433218	2.69161e-10
Cell_97	6.62856e-27	3.04847e-05	0.00927352	0.000192915	0.00244006	0.0195977	0.00157723	0.0220863	1.77453e-28	0.003641	0.941161
Cell_98	5.14171e-18	1.13001e-05	0.00135328	3.17952e-05	7.40175e-05	0.00241232	1.59824e-09	0.00013222	9.0994e-08	0.00112167	0.994863
Cell_99	2.90603e-26	0.000186531	0.00420774	0.000103898	0.000433861	0.00625229	0.00282271	0.00521515	0.963744	0.0169955	3.8142e-05
Cell_100	2.41188e-07	5.9299e-05	0.00211553	4.36598e-05	0.0001573	0.00875366	0.000897351	0.000666245	0.984744	0.00252345	3.89731e-05
Cell_101	5.09229e-34	0.00556509	0.00155306	3.83485e-05	0.000103557	0.00251777	4.01582e-07	0.00330733	2.715e-06	0.381118	0.605794
Cell_102	3.24357e-49	3.63449e-06	0.000757982	1.54754e-05	3.98706e-05	0.00131797	2.80969e-10	9.89017e-08	0.996935	0.000927135	3.03504e-06
Cell_103	8.89335e-22	0.00103272	0.0456976	0.0152478	0.0386442	0.0032043	2.2025e-06	0.00429445	2.34773e-13	0.152043	0.739834
Cell_104	1.01212e-12	0.0193324	1.1575e-11	2.35213e-13	5.65087e-13	1.14499e-12	0.980668	7.92524e-12	1.47836e-16	7.88018e-10	7.13581e-12
Cell_105	1.92103e-32	2.17822e-05	0.00317731	0.990696	0.000155115	0.000295366	6.4007e-16	0.000224597	1.435e-07	0.00542952	7.73148e-09
Cell_106	1.48233e-28	0.000216532	0.00475383	9.69231e-05	0.000225553	0.00266678	1.56252e-08	2.65485e-05	4.34794e-06	0.0218606	0.970149
Cell_107	5.93067e-17	1.83796e-09	1.3705e-07	1	7.88019e-09	6.16955e-09	8.82614e-15	1.96661e-07	8.41544e-12	1.01031e-07	5.03331e-14
Cell_108	2.84378e-11	0.00174266	1.10106e-16	2.25352e-18	5.16966e-18	8.5974e-18	0.998257	2.26773e-17	5.55589e-41	1.00529e-16	5.94036e-28
Cell_109	2.11393e-24	0.00294139	0.0628125	0.00138196	0.00349848	0.0940691	8.2075e-07	0.00830057	0.23789	0.589096	9.41493e-06
Cell_110	9.19134e-33	3.17637e-05	0.000527712	1.19259e-05	0.00017773	0.000503105	3.65639e-14	9.96694e-05	1.65811e-19	0.0108331	0.987815
Cell_111	3.02853e-28	2.58228e-07	0.0001358	2.77109e-06	3.57318e-05	0.000509339	3.19236e-08	6.74577e-05	5.29818e-19	7.28138e-05	0.999176
Cell_112	4.1358e-37	0.00029723	0.00224214	4.80486e-05	9.97574e-05	0.0104947	2.29777e-08	8.28429e-06	0.801223	0.185585	2.43922e-06
Cell_113	7.6479e-14	0.000446325	0.00129124	2.96988e-05	0.000110667	0.00223485	0.00304786	0.00112933	0.0238613	0.0042063	0.963642
Cell_114	3.37712e-27	1.44224e-05	0.000493086	1.02852e-05	3.28787e-05	0.000741857	1.12522e-10	0.000424777	1.63357e-14	0.000407791	0.997875
Cell_115	4.27133e-23	5.03556e-06	0.000995996	0.00033233	0.000429726	0.00370032	2.71813e-08	0.0104607	1.99676e-11	0.000583528	0.983492
Cell_116	6.40381e-38	4.8956e-06	0.000164561	3.46923e-06	9.46206e-06	0.00563425	5.14179e-12	0.000331173	4.66766e-08	0.000273434	0.993579
Cell_117	3.58905e-17	9.26333e-06	0.00675432	0.000138337	0.0017772	0.0320743	6.32572e-05	0.000818736	0.0230801	0.00318885	0.932096
Cell_118	0.000194977	0.00255457	9.38851e-22	1.93767e-23	4.45453e-23	5.66392e-23	0.99725	2.61719e-22	4.41518e-36	4.24056e-22	2.22721e-30
Cell_119	1.63703e-34	4.79802e-08	6.68837e-06	1.39053e-07	4.97313e-07	0.000501025	1.8938e-17	2.52716e-05	1.09001e-31	2.8415e-06	0.999463
Cell_120	1.31576e-33	1.25296e-05	0.00450024	9.2322e-05	0.000801329	0.0108537	4.77723e-14	0.00655824	1.31578e-10	0.00156301	0.975619
Cell_121	1.14318e-38	2.30185e-06	0.00125102	2.59036e-05	9.30197e-05	0.000954771	1.87395e-13	4.04146e-05	0.997107	0.000525128	4.72273e-13
Cell_122	8.68945e-27	0.00247203	0.057323	0.001166	0.00559463	0.0359933	2.59401e-06	0.00948831	0.798506	0.0894537	9.7238e-08
Cell_123	2.48174e-23	2.76561e-06	0.000546488	1.52425e-05	3.14097e-05	0.00114886	9.63559e-06	0.00011027	0.546928	0.000435292	0.450772
Cell_124	1.41687e-22	5.2417e-05	0.00749369	0.000157343	0.000382251	0.00470702	0.000563642	0.00113264	0.979804	0.00504811	0.000659218
Cell_125	3.19974e-19	4.85502e-05	0.00452601	9.25552e-05	0.000205967	0.00247285	1.13806e-07	0.000384594	0.988492	0.00377777	3.19358e-08
Cell_126	1.43673e-22	7.27746e-07	5.91002e-05	1.33562e-06	6.52222e-06	0.000347711	5.11004e-11	0.000197852	0.999361	2.54056e-05	1.11132e-14
Cell_127	8.44915e-17	0.476535	0.046246	0.000984817	0.00343861	0.015725	0.171503	0.0125487	3.84417e-05	0.272837	0.000142898
Cell_128	3.21492e-38	2.9392e-07	8.48411e-05	1.72404e-06	4.2235e-06	0.000408504	3.38884e-18	1.81213e-06	3.76876e-15	0.000105212	0.999393
Cell_129	2.09571e-31	3.73341e-05	0.00301059	8.1811e-05	0.000792148	0.00634254	3.43536e-06	0.00275734	0.985173	0.00180185	1.27029e-14
Cell_130	6.86481e-28	0.00287902	6.97533e-05	1.45498e-06	1.04402e-05	3.58626e-05	0.996022	7.88116e-06	6.02301e-12	0.000973326	2.20075e-10
Cell_131	1.09429e-20	3.77759e-06	0.000215748	4.48815e-06	1.18003e-05	0.00069633	4.58871e-06	7.82845e-06	9.57559e-10	0.000287911	0.998768
Cell_132	8.69074e-22	0.00176352	2.35075e-08	4.78146e-10	1.88322e-09	9.77409e-09	0.998236	1.13004e-08	9.3637e-20	4.52896e-07	1.22274e-26
Cell_133	4.39025e-19	0.0011666	0.0261385	0.00117078	0.022104	0.0251572	0.00406452	0.00112226	0.402332	0.185146	0.331598
Cell_134	9.83248e-18	0.999996	3.71691e-10	7.81889e-12	2.10984e-11	5.47283e-11	3.41351e-06	2.45483e-13	1.61316e-18	3.20957e-07	1.66752e-19
Cell_135	7.10374e-22	2.8015e-05	0.000520701	1.07026e-05	2.32926e-05	0.000641322	2.5266e-10	0.000269855	0.995158	0.00334785	2.85814e-07
Cell_136	9.29333e-33	0.000372607	0.405536	0.00823742	0.0180583	0.0400446	2.77428e-12	0.0148405	1.18872e-17	0.159585	0.353326
Cell_137	4.0085e-13	3.56017e-08	4.06878e-08	8.78388e-10	0.438421	3.35571e-08	2.43116e-07	0.561578	3.98239e-07	6.62193e-07	6.69845e-09
Cell_138	2.62605e-29	0.00186793	0.30696	0.00622839	0.0135865	0.343662	1.50436e-05	0.132047	0.0286485	0.166985	9.47319e-15
Cell_139	3.56678e-39	2.34759e-05	5.77096e-06	1.56822e-07	5.95045e-07	0.000861161	8.17919e-05	2.45874e-06	0.547653	2.79031e-06	0.451369
Cell_140	9.25028e-43	0.00450235	0.230298	0.00470468	0.0105254	0.0804749	4.42896e-09	0.00471123	3.01636e-09	0.664784	8.83677e-08
Cell_141	0.0615359	0.00512132	1.73811e-26	3.53808e-28	8.03238e-28	5.52719e-27	0.933343	3.73839e-27	5.87835e-35	1.4867e-24	1.8893e-47
Cell_142	9.95246e-29	2.72823e-12	7.79305e-10	1.96649e-11	0.05479	9.35702e-11	3.95918e-10	0.94521	4.09977e-15	2.49507e-10	3.58172e-14
Cell_143	9.63174e-15	0.101077	0.0747507	0.00156952	0.00640656	0.0446598	0.000554551	0.0113459	4.07732e-05	0.0597755	0.69982
Cell_144	2.64914e-20	9.28266e-07	0.000276004	5.81863e-06	1.34744e-05	0.000887529	1.60671e-14	0.000245415	6.46626e-15	9.82983e-05	0.998473
Cell_145	1.94224e-29	6.82007e-06	0.000408387	1.34167e-05	1.99374e-05	0.000511036	3.4232e-17	1.91203e-06	0.998793	0.000245927	2.31093e-17
Cell_146	3.01642e-30	3.82942e-06	0.000528331	1.08e-05	0.000139015	0.000997417	2.92993e-07	0.000985454	3.82383e-11	0.0002374	0.997097
Cell_147	3.36832e-39	4.27806e-07	0.000702084	1.43307e-05	3.13638e-05	0.00147397	3.66654e-10	1.52761e-06	0.997547	0.000229123	4.62504e-19
Cell_148	4.96266e-41	3.68856e-06	0.000575568	1.23504e-05	4.93294e-05	0.000960054	1.68913e-13	0.000347333	0.997839	0.000212952	1.75192e-21
Cell_149	4.36891e-29	6.43541e-06	0.000368131	9.52932e-06	1.79721e-05	0.00078487	1.03956e-05	3.54735e-06	0.997105	0.00169371	8.9788e-18
Cell_150	1.89015e-32	1.62051e-06	0.00038396	7.84459e-06	3.29075e-05	0.000688169	5.64598e-06	2.13922e-06	0.547485	0.000161813	0.451231
Cell_151	1.85944e-16	1.9115e-06	0.000636581	1.31183e-05	5.45586e-05	0.00195593	8.14038e-09	0.00127482	0.995703	0.000360235	1.4556e-10
Cell_152	1.96416e-23	5.52221e-06	0.000599558	1.22563e-05	3.0022e-05	0.00046942	4.86438e-08	0.000149535	1.1131e-15	0.00184785	0.996886
Cell_153	6.42421e-24	0.00141267	0.00115122	2.50698e-05	0.0004967	0.000784213	2.14049e-07	0.000498259	0.839821	0.15581	5.21781e-08
Cell_154	1.10135e-13	0.0154919	1.75857e-05	4.55218e-07	8.97042e-07	4.2903e-05	0.984372	3.95835e-08	5.22187e-05	2.1837e-05	1.4846e-12
Cell_155	1.46283e-24	0.000972795	0.0704347	0.00146918	0.143602	0.00811037	1.3543e-08	0.375713	4.41537e-06	0.399691	1.89233e-06
Cell_156	6.18844e-55	0.00251378	0.170965	0.0034683	0.0207631	0.124753	4.00196e-15	0.00288625	2.70525e-10	0.67465	2.1219e-07
Cell_157	5.37125e-40	2.9836e-07	0.000188906	3.83772e-06	8.51544e-06	0.000237487	9.35398e-14	1.34875e-07	0.999499	6.15184e-05	2.18831e-28
Cell_158	7.30852e-06	0.22301	8.28791e-11	1.69627e-12	5.52634e-12	5.59646e-12	0.776983	7.22431e-12	3.89525e-09	3.72384e-11	3.21042e-09
Cell_159	3.14902e-31	3.45498e-06	0.000369951	7.31196e-05	0.000312849	0.000762366	4.27123e-07	0.0165607	5.20597e-19	0.000130256	0.981787
Cell_160	4.35974e-43	0.000226844	0.24062	0.00488794	0.0160444	0.614106	1.30148e-22	0.00246525	3.63993e-23	0.0691494	0.0524997
Cell_161	1.77715e-36	3.74505e-06	0.000152837	3.11838e-06	7.17597e-06	0.00041111	1.23542e-08	5.42518e-07	0.999248	0.00017374	1.89902e-09
Cell_162	2.44485e-37	1.14241e-06	0.000140555	2.85322e-06	6.75905e-06	0.000377536	3.31611e-13	5.39593e-07	1.21937e-10	0.000163367	0.999307
Cell_163	4.98524e-35	2.06918e-05	0.000893228	1.98936e-05	0.471735	0.000557099	3.17243e-20	0.523121	4.14326e-08	0.00365309	3.43139e-12
Cell_164	5.63965e-16	0.00898148	0.00347856	7.20414e-05	0.000161916	0.00911301	6.82144e-06	2.13755e-07	0.307983	0.670191	1.2189e-05
Cell_165	1.54717e-21	2.69077e-07	4.03485e-05	8.8772e-07	7.1846e-06	0.000226434	2.72689e-09	0.000116105	1.19213e-19	1.90772e-05	0.99959
Cell_166	2.54764e-21	4.46174e-06	0.00101904	2.26957e-05	4.62046e-05	0.00291877	4.49023e-09	4.20242e-05	9.13062e-21	0.000671423	0.995275
Cell_167	9.37833e-27	2.95785e-05	0.0370581	0.61996	0.00975074	0.128002	2.32261e-11	0.00723962	2.25535e-18	0.0173719	0.180588
Cell_168	2.64771e-35	0.000103559	0.000106438	2.17845e-06	6.52768e-06	0.000454096	1.76804e-16	1.89759e-06	0.999287	3.78215e-05	3.2382e-19
Cell_169	1.14464e-32	3.48151e-05	0.00111361	2.28222e-05	7.42551e-05	0.001565	0.00124598	0.000763647	0.993069	0.00211119	1.56858e-11
Cell_170	2.79223e-21	6.36954e-14	7.75939e-13	1.75357e-14	0.0571152	1.70213e-13	4.15545e-19	0.942885	3.01191e-18	3.41496e-13	2.34187e-19
Cell_171	1.40619e-42	6.05816e-07	0.000265991	5.41139e-06	1.18444e-05	0.00828505	2.28158e-14	7.43111e-06	2.56443e-27	0.000125275	0.991298
Cell_172	3.62106e-15	4.74788e-05	0.00797998	0.000590107	0.00142094	0.00934786	0.00128791	0.00555414	0.968774	0.00499726	3.09152e-08
Cell_173	2.21707e-18	0.0202849	0.000231565	5.76386e-06	1.0393e-05	2.55967e-05	0.973819	5.93724e-07	8.82608e-18	0.00473332	0.000888429
Cell_174	1.30036e-33	4.72865e-07	7.24141e-05	2.07597e-06	3.20434e-06	0.000282879	1.37071e-13	1.19877e-07	1.80204e-27	0.000103727	0.999535
Cell_175	7.71906e-28	1.05487e-06	2.23117e-05	4.60464e-07	0.0249035	2.53419e-06	2.39938e-19	0.974851	0.000195548	2.3513e-05	2.66928e-22
Cell_176	4.47529e-45	0.00106836	0.00850135	0.000172467	0.000402085	0.0146519	8.25907e-08	2.54237e-05	0.692575	0.282601	2.10846e-06
Cell_177	2.11317e-20	1.66916e-06	0.00015552	3.25393e-06	8.06971e-06	0.000619587	1.43056e-09	7.03711e-05	0.998994	0.000147762	4.63175e-19
Cell_178	2.10212e-23	0.00063599	0.00309618	6.63506e-05	0.000551318	0.00969357	0.00221584	0.0179333	0.501959	0.0501391	0.413709
Cell_179	3.65105e-32	6.99026e-08	3.37865e-06	6.87687e-08	0.0353647	1.99082e-07	4.6071e-14	0.964618	1.20147e-21	1.39103e-05	5.15191e-13
Cell_180	2.42171e-20	2.03308e-05	0.00080865	1.64929e-05	3.94781e-05	0.00260566	0.000806892	0.000113925	0.993029	0.00255946	6.70131e-15
Cell_181	9.19225e-22	3.20842e-06	0.000410409	8.35605e-06	1.89663e-05	0.000652584	1.62014e-09	2.57758e-05	7.54135e-18	0.000291582	0.998589
Cell_182	7.49463e-23	2.7144e-05	0.000269979	1.99645e-05	1.42012e-05	0.00120808	9.45715e-05	9.23451e-06	0.546543	0.00135913	0.450454
Cell_183	0.021151	0.886773	2.94903e-30	9.68842e-32	1.41723e-31	2.18765e-31	0.0920764	1.96477e-31	1.43788e-28	1.93097e-29	5.17917e-47
Cell_184	5.71723e-31	2.58427e-05	0.000826821	1.72996e-05	0.0454398	0.000129977	1.27649e-09	0.951672	4.11757e-10	0.00188797	8.90246e-24
Cell_185	2.1232e-29	3.22445e-06	0.000528121	1.56756e-05	9.40392e-05	0.002836	1.25456e-07	0.000645627	0.995144	0.000733003	3.21508e-08
Cell_186	1.55445e-25	5.45176e-06	0.000909209	1.85668e-05	4.31389e-05	0.00316358	5.64387e-06	2.01441e-05	8.58033e-09	0.00143561	0.994399
Cell_187	9.44746e-38	0.0039448	0.218273	0.00445949	0.01016	0.0264993	2.58407e-07	0.000673878	1.9991e-07	0.735988	9.55626e-07
Cell_188	1.1703e-19	0.000281221	0.00638848	0.000144375	0.000287307	0.0051931	1.83373e-05	1.1634e-06	3.32056e-10	0.0256142	0.962072
Cell_189	3.31081e-38	0.0314902	0.0371564	0.000759985	0.00167492	0.16332	2.40077e-13	0.0112167	1.03187e-12	0.754381	8.29423e-08
Cell_190	8.70328e-47	4.15234e-06	0.000915183	2.51301e-05	4.04503e-05	0.000918657	2.69697e-15	0.0022897	0.995523	0.000284171	2.87306e-11
Cell_191	6.31604e-38	1.80623e-06	0.000717503	1.45753e-05	3.40431e-05	0.000851712	6.29303e-06	2.78192e-05	0.547174	0.000197964	0.450974
Cell_192	4.67236e-27	2.51589e-06	0.000170641	3.63383e-06	9.81162e-06	0.000693645	2.76082e-05	8.50618e-06	0.000988422	0.000154337	0.997941
Cell_193	1.23468e-20	7.10477e-06	6.90745e-05	1.96694e-06	3.31956e-06	0.000319073	1.83747e-18	7.05555e-05	0.998727	0.000801874	4.89833e-26
Cell_194	1.26335e-17	1.39529e-08	4.89178e-06	1.00268e-07	0.0434659	1.9801e-07	6.98156e-11	0.956527	2.76394e-13	1.79656e-06	5.33645e-10
Cell_195	2.57811e-20	0.0015633	0.160663	0.00415524	0.135865	0.134441	4.54393e-08	0.200998	0.00063892	0.137875	0.223801
Cell_196	1.75956e-09	0.998188	2.53854e-05	7.32878e-07	4.52022e-06	7.71134e-06	0.000483684	5.59155e-05	0.00117309	6.09221e-05	1.83505e-18
Cell_197	1.9782e-18	0.997912	7.87334e-09	1.63025e-10	3.81504e-10	1.24704e-09	0.00208685	3.97916e-11	2.06809e-12	6.63239e-07	1.98549e-30
Cell_198	1.72302e-26	4.08328e-06	0.00127116	2.59858e-05	5.74556e-05	0.00350408	1.42264e-05	2.19971e-05	0.543546	0.00357186	0.447984
Cell_199	8.52694e-23	0.999995	2.42505e-09	4.94609e-11	1.0722e-10	9.98272e-10	5.54842e-08	7.25519e-11	2.83556e-20	4.65119e-06	2.3985e-25
Cell_200	1.85563e-40	1.11534e-05	0.000422594	8.72139e-06	2.5917e-05	0.000627731	6.73738e-21	0.00145113	0.996405	0.00104755	1.8333e-29
Cell_201	5.27466e-09	0.000918204	0.016705	0.000348447	0.00102449	0.019139	0.00319909	0.00207197	0.492572	0.0580502	0.405972
Cell_202	5.5498e-45	4.8929e-07	0.000142889	2.90361e-06	6.37552e-06	0.00106596	2.12092e-10	8.67071e-06	0.99873	4.28064e-05	1.1231e-11
Cell_203	3.29528e-22	1.09416e-05	0.00526098	0.000107229	0.000542461	0.0147869	3.81215e-05	0.00420256	0.533531	0.00178992	0.43973
Cell_204	1.77075e-30	1.54645e-08	6.54061e-06	1.34636e-07	5.74093e-07	0.00022627	2.0485e-13	2.14271e-06	1.67816e-19	3.62339e-06	0.999761
Cell_205	4.49904e-41	8.8855e-07	0.00023816	4.88163e-06	1.10856e-05	0.000656501	3.48061e-11	2.93751e-06	0.999009	7.60626e-05	1.37777e-11
Cell_206	2.04656e-21	7.4853e-05	0.00502892	0.000106698	0.00132321	0.00421736	2.47542e-11	0.0453903	0.941427	0.00243167	7.80325e-11
Cell_207	7.04498e-47	0.000153611	0.0279145	0.000572663	0.00171195	0.0978179	3.19475e-11	0.017592	1.39655e-07	0.00892139	0.845316
Cell_208	1.2337e-57	5.75138e-16	7.51567e-13	1.53227e-14	0.954713	6.1724e-13	2.00763e-19	0.0452869	5.87226e-16	1.25262e-13	2.67402e-12
Cell_209	5.43622e-20	0.000168445	0.003674	8.40562e-05	0.000168768	0.00634253	0.0018113	0.000241134	0.962552	0.0243098	0.000647611
Cell_210	3.41205e-36	5.98212e-06	0.000540241	1.09626e-05	0.929849	2.44786e-05	1.07835e-11	0.0691014	1.53697e-14	0.000468253	1.29383e-29
Cell_211	8.25346e-35	8.97292e-07	0.000167105	3.48562e-06	7.84587e-06	0.00042459	1.84276e-13	4.13154e-06	0.9993	9.19509e-05	2.24495e-17
Cell_212	1.54124e-36	3.56534e-05	0.00271209	5.61677e-05	0.000367475	0.00305569	5.7472e-10	0.0207837	8.3804e-09	0.0017606	0.971229
Cell_213	2.49703e-19	0.00855281	0.0585978	0.00119784	0.00298906	0.00966821	0.454727	0.000592838	0.319108	0.144567	4.9898e-07
Cell_214	7.0551e-27	6.58348e-08	2.17994e-05	4.49891e-07	0.0808361	2.12651e-06	8.16171e-10	0.919118	3.95589e-08	2.17303e-05	3.26039e-08
Cell_215	1.59327e-17	3.71444e-05	0.00501432	0.000103075	0.00030752	0.00699678	0.000587498	0.000189419	5.66267e-05	0.0147837	0.971924
Cell_216	5.97762e-39	2.84857e-06	0.000328166	6.8106e-06	1.50746e-05	0.000741308	7.5429e-21	1.96275e-06	0.996729	0.00217449	4.8039e-22
Cell_217	2.38153e-33	8.07026e-06	0.00038168	7.77936e-06	6.79633e-05	0.00148806	5.66673e-10	0.00230896	0.995338	0.000399552	1.10684e-14
Cell_218	2.93639e-05	0.0200735	1.67527e-14	5.2169e-16	1.72737e-15	3.68688e-15	0.979897	3.08916e-14	3.35411e-17	2.43825e-14	4.69951e-16
Cell_219	3.7813e-14	0.00174054	0.0400741	0.000818744	0.0338886	0.0137118	0.0666456	0.499207	0.0298576	0.314052	4.45399e-06
Cell_220	8.02521e-34	0.0254281	0.056372	0.00114372	0.00249003	0.018656	0.0109819	0.0222913	8.77687e-13	0.862637	1.59867e-10
Cell_221	2.73079e-26	3.87555e-05	0.000599682	1.26262e-05	3.15439e-05	0.000428888	3.44586e-08	2.61414e-05	0.989354	0.00950838	6.1654e-21
Cell_222	1.5275e-23	0.000151729	0.0661895	0.00144188	0.0559731	0.00853071	0.00455996	0.0891925	0.739173	0.0347876	3.00214e-09
Cell_223	1.64544e-23	4.58413e-05	0.000951541	1.94407e-05	0.000169435	0.00558792	6.38858e-06	2.20199e-05	0.966318	0.0106254	0.0162536
Cell_224	6.75534e-11	0.00721026	0.254466	0.00658704	0.215189	0.00540034	0.000373317	0.314368	0.0138673	0.182528	9.33003e-06
Cell_225	1.20836e-16	7.15943e-06	2.42135e-05	4.94237e-07	0.85862	5.17367e-06	8.18031e-06	0.14075	5.26905e-11	0.000584584	5.31979e-08
Cell_226	2.98922e-34	0.00285993	0.234021	0.00478968	0.0123098	0.371278	4.57915e-12	0.0786509	0.00164402	0.293091	0.00135498
Cell_227	5.07156e-23	1	2.58495e-09	5.24286e-11	1.14333e-10	1.09877e-09	5.65896e-11	4.04732e-11	1.27907e-09	2.27264e-07	6.47739e-33
Cell_228	4.8742e-20	1.38298e-05	0.00147129	3.05345e-05	7.79088e-05	0.000845507	3.29971e-09	0.000379557	0.996372	0.000809327	2.47619e-09
Cell_229	4.82139e-28	0.00182584	0.00093304	5.03688e-05	4.24603e-05	0.00089062	5.0822e-08	5.28865e-06	0.800929	0.195324	1.8778e-10
Cell_230	3.22971e-33	1	8.20199e-09	1.67987e-10	7.02957e-10	8.8021e-09	2.02348e-19	6.97416e-09	5.49987e-21	3.18262e-09	3.47906e-13
Cell_231	7.16592e-10	0.000113642	2.74208e-05	5.56538e-07	1.30102e-06	0.000193424	1.06645e-07	1.27652e-05	3.20036e-18	0.000382677	0.999268
Cell_232	6.63983e-26	1.21021e-05	0.000975568	3.36339e-05	4.48134e-05	0.00151747	0.000392337	0.000532832	0.994941	0.00155066	5.77277e-10
Cell_233	1.13645e-08	4.85435e-07	0.000174186	5.81201e-05	0.0001473	0.00120766	1.69129e-06	3.62898e-05	0.547217	0.000147926	0.451009
Cell_234	7.71423e-20	3.61255e-05	0.00202057	4.14161e-05	0.000100587	0.00190249	2.74373e-08	0.000580744	0.99054	0.00473891	3.92025e-05
Cell_235	1.43787e-35	1.42352e-05	0.000797659	1.66894e-05	0.00010448	0.00159032	1.11239e-05	0.000230945	0.996314	0.000920756	6.1901e-08
Cell_236	8.65315e-62	5.96447e-06	5.15541e-05	1.04657e-06	2.44607e-06	8.34152e-05	1.12826e-22	4.02449e-08	0.999244	0.000611272	1.7482e-28
Cell_237	2.15348e-43	1.71173e-06	0.000235401	4.89699e-06	3.52332e-05	0.000645039	6.70517e-11	6.5134e-05	0.998908	0.000104596	1.37763e-11
Cell_238	5.3048e-25	6.46638e-06	0.000548848	3.05479e-05	4.08095e-05	0.00227876	4.91122e-09	0.00201449	0.99461	0.000430825	3.93635e-05
Cell_239	3.23291e-27	7.25234e-06	0.00366741	7.45986e-05	0.000164309	0.0164577	4.95246e-05	3.74457e-07	0.0236366	0.00137413	0.954568
Cell_240	1.54837e-21	0.000311456	0.0650838	0.00135757	0.0048393	0.0281971	9.85327e-07	0.00279862	0.804503	0.0929078	8.44855e-14
Cell_241	1.88375e-40	1.56979e-05	9.41621e-06	2.0205e-07	0.0139898	1.25556e-06	9.01925e-07	0.985042	2.74719e-07	0.000940122	2.2642e-07
Cell_242	4.40997e-20	0.000215172	0.0113584	0.000230884	0.00148776	0.00968723	0.00146936	5.60478e-05	0.903902	0.056389	0.0152038
Cell_243	9.6677e-24	0.00429327	0.14146	0.00291512	0.00773712	0.0088809	3.8459e-05	0.0662049	0.413321	0.354871	0.000278085
Cell_244	1.33028e-30	0.00288821	0.534231	0.0109947	0.0356223	0.0802759	7.62062e-07	0.0300189	2.49572e-06	0.26313	0.0428358
Cell_245	2.21998e-21	2.2285e-07	0.000123819	4.23981e-06	1.62181e-05	0.000686104	3.91272e-09	1.89501e-09	0.999093	6.22147e-05	1.37183e-05
Cell_246	3.80314e-18	4.60601e-06	0.00137302	2.81674e-05	0.000117676	0.00929993	3.14534e-05	0.00232041	0.023825	0.00082309	0.962177
Cell_247	4.80469e-09	2.05232e-07	1.24383e-05	3.09601e-07	0.441068	1.55039e-06	7.15043e-07	0.558909	8.57915e-07	5.79402e-06	7.07083e-07
Cell_248	4.1506e-47	0.00115102	0.0999232	0.00204992	0.0262919	0.0106222	3.11552e-10	0.739541	0.00307062	0.11735	2.49214e-13
Cell_249	4.40119e-46	9.43029e-07	0.000253812	6.11995e-06	1.29469e-05	0.000858581	3.47081e-19	0.000164634	4.34232e-25	8.5227e-05	0.998618
Cell_250	2.15083e-25	1.17353e-05	0.000843013	1.80891e-05	0.00011042	0.0048122	0.000177587	0.00374727	0.988423	0.00181732	3.91187e-05
Cell_251	4.62866e-21	5.84617e-06	0.000767766	1.56254e-05	0.000331256	0.00182849	6.4153e-05	0.000124088	0.000986005	0.000376544	0.9955
Cell_252	1.15026e-10	0.010041	0.00633996	0.00012874	0.000333489	0.000883798	1.71184e-08	0.000919114	6.28213e-19	0.0361044	0.945249
Cell_253	1.3932e-06	0.00684374	2.02546e-19	4.27001e-21	1.71283e-19	8.11393e-20	0.993155	6.51054e-18	6.86585e-24	1.40164e-18	5.99827e-23
Cell_254	5.55745e-28	6.11674e-06	0.00064513	0.000421906	6.65195e-05	0.00332358	2.01779e-08	8.17319e-06	2.78109e-09	0.00147123	0.994057
Cell_255	7.40126e-28	9.60475e-05	0.00304057	0.000104115	0.000313514	0.00237564	1.65248e-06	0.0012395	1.99257e-05	0.00704961	0.985759
Cell_256	2.97774e-21	0.00683556	0.00481813	0.000102603	0.00023522	0.00779448	0.108115	0.0127648	3.08486e-05	0.329827	0.529476
Cell_257	3.44216e-22	6.36058e-05	0.000936004	1.99324e-05	0.000246282	0.00576041	0.00043435	0.000277163	0.0238337	0.00590158	0.962527
Cell_258	6.34553e-16	0.000308243	0.00195892	4.03154e-05	0.000515433	0.00386058	4.29577e-05	9.65195e-05	0.970402	0.0064526	0.0163223
Cell_259	1.47248e-06	0.0132741	4.26199e-11	9.20098e-13	3.65277e-12	7.71383e-12	0.986724	1.4881e-10	1.72141e-13	9.48202e-10	6.05638e-17
Cell_260	1.67333e-20	4.44647e-05	0.00521865	0.000108562	0.000274507	0.031674	0.000154918	0.00283919	0.51878	0.0133329	0.427572
Cell_261	4.33846e-18	0.0486955	9.60288e-08	2.77236e-09	8.23021e-09	1.43046e-08	0.951304	2.1018e-09	1.58075e-07	1.75248e-07	4.8124e-13
Cell_262	1.49991e-16	1.99054e-06	0.000270151	5.60658e-06	7.10823e-05	0.000889598	6.56641e-09	5.31886e-07	0.998644	0.000116772	1.89787e-09
Cell_263	8.13309e-32	1.52965e-05	0.0048255	9.7931e-05	0.000214696	0.00423291	0.000565387	0.000243365	0.987698	0.00210662	2.90865e-12
Cell_264	9.96861e-39	7.74033e-06	0.00166507	3.4961e-05	0.000103569	0.00162339	1.73602e-12	0.000117702	4.18898e-18	0.00123658	0.995211
Cell_265	1.29623e-21	1.23962e-05	0.00145554	2.98114e-05	8.36918e-05	0.00177376	4.31893e-05	0.00172701	0.544874	0.000921609	0.449079
Cell_266	1.16389e-32	5.85521e-07	5.55498e-05	0.999228	2.39672e-05	1.05349e-05	1.34644e-15	0.000657183	8.84098e-10	2.39847e-05	2.64167e-12
Cell_267	2.13121e-52	3.34424e-07	0.000125212	2.68089e-06	5.60982e-06	0.000252386	2.24176e-34	6.56302e-08	0.999585	2.9046e-05	1.17913e-34
Cell_268	4.04413e-37	0.000119373	0.0156057	0.000376288	0.0013375	0.0117416	2.0538e-06	0.0580189	1.81594e-05	0.0144026	0.898378
Cell_269	2.38031e-36	6.24523e-06	9.69246e-05	1.97154e-06	1.26955e-05	0.00017504	2.9002e-17	2.39822e-05	4.10794e-31	0.00100694	0.998676
Cell_270	1.69862e-38	1.09685e-05	8.32193e-05	1.95523e-06	6.95702e-05	0.000245596	6.16731e-19	9.55325e-05	0.99694	0.00255317	4.64509e-24
Cell_271	1.55824e-23	2.27733e-05	0.000440002	9.00544e-06	2.69846e-05	0.0030693	1.06227e-11	8.07636e-08	4.8582e-12	0.00107445	0.995357
Cell_272	9.92393e-31	2.86616e-05	0.00127485	2.58718e-05	6.04874e-05	0.00269034	2.21572e-09	0.000168453	0.992072	0.00367618	3.02024e-06
Cell_273	2.83185e-29	1.64687e-06	0.000389987	8.01591e-06	1.75033e-05	0.000946761	8.32817e-11	4.72445e-06	0.998394	0.00023728	1.05917e-12
Cell_274	1.07015e-36	1.40214e-06	0.000317853	6.47844e-06	1.73849e-05	0.000482856	8.43927e-10	0.000230541	0.998805	0.000138013	1.17734e-13
Cell_275	1.34531e-66	4.37144e-16	2.61453e-13	1	1.27641e-14	5.88332e-15	3.933e-27	4.36865e-15	1.59877e-25	9.35624e-14	2.36881e-24
Cell_276	1.00123e-34	6.50033e-08	5.56821e-05	1.24869e-06	3.20165e-06	0.000287967	3.63524e-15	1.58838e-05	7.34541e-31	1.81602e-05	0.999618
Cell_277	2.30797e-15	0.00116754	0.0426061	0.000872628	0.00558067	0.0215926	0.00406781	0.00786262	0.388688	0.20721	0.320352
Cell_278	3.47098e-25	0.000247013	0.00899103	0.000182705	0.000432087	0.0146841	3.65875e-05	0.00115984	0.951465	0.0228011	1.15865e-07
Cell_279	1.193e-33	9.6139e-06	0.000373509	7.59964e-06	1.65755e-05	0.000716269	3.34955e-05	0.000111583	0.547097	0.000723088	0.450911
Cell_280	2.20905e-22	3.66282e-06	0.000325685	6.64021e-06	8.56943e-05	0.00133229	3.46134e-08	0.00104598	4.14903e-17	0.000676818	0.996523
Cell_281	1.07779e-16	3.64085e-07	5.02802e-05	1.7217e-06	2.50302e-06	0.000270721	3.35019e-08	1.55595e-05	0.999638	2.07274e-05	1.28894e-14
Cell_282	5.71125e-36	4.44726e-08	7.82047e-05	1.61397e-06	3.67184e-06	0.000400219	5.54749e-13	1.78467e-06	0.99949	2.47782e-05	1.13964e-19
Cell_283	5.11836e-09	0.00969843	6.31521e-06	2.5575e-07	3.63117e-07	9.81907e-07	0.99028	2.56282e-06	7.36929e-07	1.08054e-05	5.23779e-13
Cell_284	5.28739e-26	0.000339384	0.00207516	4.35714e-05	0.000119319	0.0081201	0.00513578	0.000238562	0.950026	0.0338645	3.7599e-05
Cell_285	4.79081e-25	1.33972e-07	9.43008e-05	1.96701e-06	4.19916e-06	0.000370426	1.59626e-08	3.73577e-06	3.4044e-17	2.8184e-05	0.999497
Cell_286	7.00501e-44	2.50915e-06	0.000380792	1.25101e-05	0.565747	0.000459061	2.84463e-14	0.429624	1.17761e-16	0.000822616	0.00295194
Cell_287	3.1319e-27	5.05428e-06	0.000399824	8.28041e-06	4.1226e-05	0.00210285	3.62315e-10	0.000371519	1.63198e-14	0.000169202	0.996902
Cell_288	2.80673e-19	4.67191e-06	0.00204093	4.24569e-05	0.000267327	0.00528975	3.39488e-09	0.00190315	5.76426e-05	0.00103328	0.989361
Cell_289	1.24647e-39	3.43259e-05	0.0033848	6.99282e-05	0.000152579	0.00497717	2.783e-18	4.99112e-05	0.9864	0.00493166	3.55296e-19
Cell_290	5.23586e-28	3.86966e-07	0.000497206	1.01488e-05	2.26266e-05	0.00134975	4.33026e-15	4.89982e-05	7.33032e-19	0.000148556	0.997922
Cell_291	4.64248e-17	0.000124628	0.0151998	0.000315449	0.000721179	0.0101482	2.56555e-10	5.66784e-05	9.24713e-10	0.0089262	0.964508
Cell_292	6.27619e-09	0.000152966	0.00707975	0.00463006	0.000606775	0.957982	9.34035e-07	0.00620014	0.0181801	0.00516761	4.69795e-13
Cell_293	8.15012e-24	0.000116611	0.00421911	8.89461e-05	0.000192828	0.00330377	1.02843e-05	7.15372e-05	0.979857	0.0121398	7.32793e-14
Cell_294	1.7389e-18	1.95952e-06	0.000663518	1.45983e-05	3.08848e-05	0.00546627	2.58787e-16	1.39725e-05	4.30668e-12	0.000399876	0.993409
Cell_295	1.00564e-31	1.04515e-06	0.000218685	4.51317e-06	1.06762e-05	0.000494309	1.06004e-11	3.45084e-05	0.999152	8.39122e-05	1.57123e-16
Cell_296	9.08174e-51	2.83203e-06	0.000270065	5.55804e-06	1.2368e-05	0.00042953	2.57745e-09	2.60113e-05	1.59962e-17	0.000332906	0.998921
Cell_297	1.76567e-22	1.86328e-12	6.01581e-11	1.29085e-12	0.0617901	2.70609e-11	9.75751e-16	0.93821	6.51583e-08	1.03237e-10	6.91248e-20
Cell_298	6.05621e-31	2.51256e-06	0.000563219	1.16236e-05	0.000100289	0.00203018	3.57851e-09	7.71916e-05	1.18508e-06	0.000539148	0.996675
Cell_299	3.38469e-13	0.000152316	0.000218605	5.27104e-06	1.45765e-05	0.000939851	5.03716e-11	1.71658e-06	0.993982	0.00468601	8.23886e-11
Cell_300	1.20525e-43	7.11719e-05	0.000885427	3.82462e-05	4.20105e-05	0.00167574	1.20086e-11	8.73554e-06	0.993107	0.00417139	4.03349e-09
