cell	Node 0	Node 1	Node 2	Node 3	Node 4	Node 5	Node 6	Node 7
Cell_0	1.8994e-26	1	7.36146e-14	1.34704e-14	1.72764e-16	2.48035e-14	6.27197e-17	5.32236e-15
Cell_1	1.93935e-14	1.11278e-07	1.14728e-05	4.20165e-06	8.43216e-08	1.51756e-05	4.25689e-12	0.999969
Cell_2	1.03913e-11	1.32609e-06	6.34894e-06	4.22965e-05	1.76417e-06	0.00341548	0.996532	6.09689e-07
Cell_3	0.000628922	9.45471e-05	0.00920104	0.00366538	0.000209592	0.249523	0.736008	0.000669598
Cell_4	7.88322e-20	1	4.13523e-11	2.6818e-12	2.44764e-14	9.64472e-12	1.60527e-31	3.92236e-12
Cell_5	2.09436e-09	4.86332e-07	1.47942e-06	1.88665e-05	1.36588e-06	0.00103247	0.998945	4.14985e-07
Cell_6	0.978053	1.85044e-05	0.00492413	0.000707141	0.00557423	0.00878072	1.16251e-10	0.00194184
Cell_7	8.78664e-21	9.27456e-05	0.00191367	0.00342888	0.000121207	0.994169	3.50547e-33	0.000274746
Cell_8	5.77411e-12	6.88753e-07	1.42666e-07	2.63205e-05	3.9359e-07	0.00242807	0.997544	1.78348e-08
Cell_9	7.02755e-10	7.05757e-06	1.35121e-05	0.000225512	4.9309e-06	0.00644978	0.993298	1.29757e-06
Cell_10	1.11287e-13	0.00027558	0.582315	0.010726	0.00010627	0.282483	6.3581e-24	0.124094
Cell_11	1.36082e-05	3.60551e-06	0.000277447	0.000140103	4.18916e-07	0.000199607	0.00260607	0.996759
Cell_12	0.994912	5.43313e-09	8.08314e-07	2.1063e-07	0.00508579	6.96025e-07	3.36734e-21	5.86192e-08
Cell_13	9.57896e-12	2.42755e-06	0.000146561	9.03588e-05	7.14635e-06	0.0013648	0.998368	2.10418e-05
Cell_14	1.32809e-18	3.78053e-05	6.84249e-08	0.00137474	7.10889e-05	0.998516	1.08556e-19	1.17019e-08
Cell_15	1.57005e-18	0.000275533	0.0747257	0.0104745	0.000183434	0.899412	1.81758e-27	0.0149284
Cell_16	0.000280931	2.3439e-05	0.0224108	0.000907284	6.94141e-05	0.275798	0.694224	0.00628635
Cell_17	4.78309e-10	2.09116e-06	3.93878e-05	7.04228e-05	3.97679e-07	0.0101414	0.989742	4.41422e-06
Cell_18	0.00106352	0.00205807	0.63665	0.0803328	0.00385539	0.222468	1.18503e-09	0.053573
Cell_19	7.73563e-19	4.80125e-10	8.67242e-09	1.84711e-08	1.24871e-10	2.30978e-08	8.44939e-11	1
Cell_20	1.3823e-06	6.44263e-07	0.000154607	2.51173e-05	1.12326e-06	2.11645e-05	2.93871e-09	0.999796
Cell_21	1.49115e-09	6.92489e-06	0.00403019	0.000254481	1.0614e-05	0.0145625	0.980784	0.000351105
Cell_22	4.23176e-13	2.55421e-06	1.5927e-06	9.07541e-05	8.89916e-07	0.00553108	0.994373	1.14847e-07
Cell_23	0.00087591	0.000229711	0.00170856	0.00867343	9.35189e-05	0.120543	0.864506	0.00337002
Cell_24	1.9683e-08	2.88426e-06	0.000367949	0.000111436	3.92094e-06	0.00330178	0.996177	3.53341e-05
Cell_25	0.975754	5.11512e-05	4.06284e-06	0.00184047	0.00710759	0.0129373	0.00229773	8.01369e-06
Cell_26	2.66382e-05	8.95773e-05	0.0128715	0.00350165	0.952447	0.00567585	4.82397e-10	0.0253882
Cell_27	0.985708	8.13622e-21	3.72683e-19	3.1705e-19	0.0142916	9.36887e-19	1.89592e-29	2.75091e-20
Cell_28	0.00329944	0.000216119	0.265441	0.00842903	0.00048726	0.700898	1.61772e-15	0.02123
Cell_29	0.87474	4.15175e-09	2.37553e-07	1.60231e-07	0.125259	5.51328e-07	2.21244e-17	1.99897e-08
Cell_30	0.000442984	0.000191944	7.63085e-05	0.00728286	6.67414e-05	0.991787	1.98815e-06	0.000150514
Cell_31	0.00562377	0.00121747	0.0693752	0.0471986	0.00122946	0.812402	0.035595	0.0273582
Cell_32	1.17143e-10	0.000496549	0.0847826	0.0125103	0.000220767	0.0412031	7.09136e-13	0.860787
Cell_33	3.81155e-09	0.000115951	0.0586529	0.00431475	0.000681946	0.926204	2.92352e-13	0.0100307
Cell_34	4.92988e-08	0.000822615	0.0517341	0.0290222	0.000807248	0.897212	5.83838e-20	0.0204014
Cell_35	2.90667e-15	0.000328072	0.87379	0.0122087	0.000151332	0.0236872	4.84259e-07	0.0898344
Cell_36	1.31892e-07	1.2529e-06	0.000427636	4.89834e-05	7.92112e-06	0.00174589	0.997738	3.03542e-05
Cell_37	1.51902e-09	1.4942e-06	2.69459e-05	5.7904e-05	6.42653e-07	0.00287016	0.997041	1.91395e-06
Cell_38	0.992198	5.57738e-19	2.74294e-16	2.07602e-17	0.00780246	4.60531e-17	1.19585e-35	2.49517e-17
Cell_39	4.83841e-07	0.00183834	0.343849	0.0642293	0.00247661	0.528661	0.0204098	0.0385354
Cell_40	2.85689e-19	8.25642e-07	8.00181e-05	3.18895e-05	1.33026e-06	0.00065776	0.999222	5.80034e-06
Cell_41	3.01584e-10	8.51482e-06	0.000710998	0.000286337	1.51883e-05	0.00424643	0.99463	0.000102078
Cell_42	1.54121e-09	7.41086e-07	6.58353e-06	2.77316e-05	1.32633e-06	0.0028281	0.997129	6.62531e-06
Cell_43	0.783035	2.82701e-19	6.79833e-19	1.09797e-17	0.216965	3.93778e-17	1.41173e-15	5.25551e-20
Cell_44	1.55707e-07	2.00375e-08	6.86895e-06	7.2864e-07	4.72329e-08	4.30747e-06	6.19386e-06	0.999982
Cell_45	3.61955e-11	0.000619034	0.115681	0.0241388	0.000797538	0.84668	0.000190961	0.0118931
Cell_46	0.0104898	0.00184314	0.120352	0.0655957	0.000900429	0.265797	0.521534	0.0134879
Cell_47	0.000111695	0.0059187	0.615142	0.208814	0.00609261	0.116367	2.24379e-22	0.0475541
Cell_48	3.29489e-11	9.01553e-06	0.00147001	0.00035235	1.05451e-05	0.00719558	0.990845	0.000117571
Cell_49	0.000180109	0.000141564	0.0314929	0.00542922	3.82449e-05	0.038368	0.0023404	0.92201
Cell_50	7.7903e-14	1.09505e-06	0.00135427	4.17448e-05	1.15556e-06	0.00131412	0.996999	0.000288603
Cell_51	8.95794e-05	3.94196e-06	0.000100347	0.000147509	2.99558e-06	0.0533916	0.946236	2.81479e-05
Cell_52	9.1341e-09	5.92483e-06	3.73754e-06	0.000180363	1.3576e-06	0.00624464	0.993563	5.366e-07
Cell_53	3.95398e-05	0.000209478	0.00102224	0.00817865	0.000204213	0.186111	0.803621	0.000613347
Cell_54	0.00117961	1.74348e-05	0.0068529	0.000673836	1.14107e-05	0.0384958	0.952231	0.000537971
Cell_55	0.983585	6.09766e-08	1.4189e-05	5.20422e-07	0.015774	5.67137e-06	0.000618797	1.29073e-06
Cell_56	4.55042e-09	0.000138447	0.000467636	0.00541085	2.41249e-05	0.993743	0.000182773	3.34595e-05
Cell_57	0.00489757	0.000134761	0.00813102	0.00512301	0.000334017	0.182847	0.795326	0.00320648
Cell_58	1.36203e-07	0.000304891	0.00759761	0.0116514	0.000289026	0.979484	3.36109e-05	0.000639326
Cell_59	2.82934e-10	0.000928931	0.842219	0.0358508	0.000525471	0.0260325	5.5013e-05	0.0943882
Cell_60	5.19205e-08	0.00102419	0.123366	0.0383253	0.00104013	0.807882	3.1429e-11	0.0283627
Cell_61	1.1258e-20	0.00241521	0.000596763	0.0944388	0.00565941	0.896847	1.24627e-27	4.28566e-05
Cell_62	1.30974e-22	5.39971e-13	8.2725e-10	1.95045e-11	3.14531e-13	5.35366e-11	1.42829e-11	1
Cell_63	0.00157474	0.000380862	0.00560487	0.0138496	0.000517887	0.0271365	0.00879716	0.942138
Cell_64	1.05014e-07	0.000158735	0.168722	0.00609081	0.000173052	0.810658	4.05585e-07	0.0141976
Cell_65	4.83459e-08	0.000471479	2.90483e-05	0.0183115	0.000137475	0.981011	3.73703e-05	2.15792e-06
Cell_66	1.05507e-11	4.05863e-07	3.19467e-07	1.58179e-05	4.13159e-07	0.000631907	0.999351	2.30364e-08
Cell_67	1.10399e-15	0.000671677	0.556904	0.025925	3.01474e-05	0.369607	3.8744e-08	0.0468625
Cell_68	0.994746	1.01517e-19	1.6334e-17	3.83308e-18	0.00525394	1.92782e-18	1.63085e-23	3.48086e-18
Cell_69	9.43709e-17	4.56665e-06	0.000559171	0.000175525	4.26331e-06	0.00331329	0.995824	0.000119162
Cell_70	1.01767e-11	1.63667e-06	7.63452e-06	6.3003e-05	7.00046e-07	0.00217631	0.99775	6.42432e-07
Cell_71	0.774081	1.81774e-06	0.0011517	7.05165e-05	0.223981	0.000191661	0.000430631	9.21129e-05
Cell_72	3.45622e-07	0.000738117	0.288814	0.0281381	0.000969814	0.111671	2.71029e-07	0.569668
Cell_73	5.09637e-09	0.000138069	0.0637802	0.00516657	0.000135813	0.919871	6.10999e-07	0.0109076
Cell_74	1.54073e-09	9.26957e-06	2.29837e-07	0.000254156	3.11426e-06	0.00202122	0.997712	1.83824e-08
Cell_75	2.84242e-10	2.731e-09	6.31794e-10	3.21396e-09	4.82649e-11	1.87741e-08	5.14246e-12	1
Cell_76	0.966015	2.05253e-13	1.3186e-11	8.01705e-12	0.0339851	2.84221e-11	9.14541e-19	1.32696e-11
Cell_77	3.39381e-24	3.33673e-07	5.32033e-05	1.30249e-05	3.5582e-07	0.00031784	0.999611	3.90574e-06
Cell_78	4.14145e-05	0.00183343	0.211067	0.0712437	0.00579025	0.691636	3.30746e-24	0.0183879
Cell_79	3.19377e-22	3.50255e-07	7.33446e-06	1.36952e-05	8.38067e-08	0.00102874	0.998949	5.19743e-07
Cell_80	0.00020371	0.000118716	0.0206064	0.00451305	5.60021e-05	0.286688	0.684291	0.00352406
Cell_81	1.46114e-06	1.21174e-05	8.21592e-06	0.000253436	2.98626e-06	0.00910047	0.99062	8.86685e-07
Cell_82	0.000594329	6.85051e-06	2.53415e-05	0.000267183	1.19523e-05	0.00958856	0.989503	2.73492e-06
Cell_83	0.000355445	0.000203648	0.00557377	0.0063638	8.13263e-05	0.262692	0.724261	0.000469023
Cell_84	1.56774e-15	1	1.23395e-12	3.83255e-13	4.72974e-15	1.69136e-12	3.01153e-14	9.86916e-14
Cell_85	3.58912e-12	0.00262202	0.170422	0.102017	0.003301	0.700333	2.67762e-07	0.0213046
Cell_86	0.995038	1.04561e-14	1.71563e-12	4.09e-13	0.00496225	1.95843e-12	1.06097e-20	1.21217e-13
Cell_87	0.840268	4.81533e-19	3.60644e-18	1.8019e-17	0.159732	3.81453e-17	1.9656e-18	6.16767e-19
Cell_88	4.03582e-10	2.90494e-06	0.000371129	0.000108099	1.8438e-06	0.00467176	0.994798	4.6395e-05
Cell_89	8.74137e-17	8.62625e-07	8.91274e-05	3.36869e-05	2.69934e-06	0.000505077	0.999362	6.67112e-06
Cell_90	5.90851e-07	8.456e-07	0.000293409	3.14751e-05	0.350877	0.000525192	0.648248	2.26822e-05
Cell_91	2.63271e-09	0.000643238	0.426171	0.0248896	0.194611	0.305024	1.23998e-07	0.0486604
Cell_92	1.27877e-23	3.32846e-16	1.60346e-13	1.29741e-14	2.50379e-16	1.55491e-14	1.43858e-39	1
Cell_93	1.86453e-06	0.000552165	0.00839383	0.0215907	0.000213524	0.968651	5.61216e-08	0.000597139
Cell_94	0.642936	0.00226774	0.0217365	0.0868488	0.00319208	0.240931	6.5189e-12	0.00208736
Cell_95	0.000419887	2.36436e-05	0.0060537	0.000920555	8.38996e-05	0.98267	0.00933342	0.000495333
Cell_96	4.6974e-11	0.00155834	0.576053	0.0535646	0.00352877	0.300736	7.32448e-08	0.0645587
Cell_97	0.00425209	0.000612162	0.0873748	0.0233365	0.000613136	0.831386	8.39021e-29	0.0524251
Cell_98	3.119e-08	0.000830988	0.021798	0.0279445	0.000877775	0.946455	7.02334e-07	0.00209327
Cell_99	0.00172165	6.19145e-05	0.0119698	0.00197837	6.6836e-05	0.0488962	0.932754	0.00255081
Cell_100	0.00135411	2.14688e-05	0.00167633	0.00082518	5.73404e-05	0.0601641	0.935661	0.000240671
Cell_101	2.9327e-08	0.00059391	0.365086	0.0189774	0.000785637	0.568901	1.55936e-05	0.0456396
Cell_102	4.96354e-10	6.26303e-06	1.18201e-07	0.000243421	3.32612e-06	0.00865419	0.991093	1.07524e-08
Cell_103	4.52654e-06	0.144217	0.0164246	0.332654	0.00816487	0.466138	5.52388e-13	0.0323966
Cell_104	0.963709	1.27395e-11	3.97776e-09	4.97548e-10	0.036291	8.86286e-10	2.92614e-15	3.25473e-10
Cell_105	6.14752e-16	0.990476	0.00221472	0.00243995	3.39558e-05	0.00465376	9.61051e-08	0.000181215
Cell_106	8.18455e-08	0.00197331	0.00405748	0.0768047	0.00288331	0.913925	3.80887e-05	0.000318523
Cell_107	6.39107e-14	0.999998	1.93701e-06	1.0527e-07	6.6045e-09	9.45877e-08	1.99388e-11	1.99144e-07
Cell_108	0.994427	2.61965e-18	2.92664e-16	1.01558e-16	0.00557285	1.55908e-16	1.93266e-41	2.26246e-17
Cell_109	2.82404e-07	0.000603679	0.0273447	0.021721	0.000362559	0.643359	0.303917	0.00269219
Cell_110	3.57827e-14	0.00144462	0.0143124	0.0505624	0.000475422	0.922067	1.26421e-18	0.0111377
Cell_111	1.49997e-06	0.00031269	0.00904173	0.0121598	0.000145853	0.972913	6.8969e-18	0.00542506
Cell_112	8.16271e-10	1.92889e-05	2.60985e-05	0.000713127	4.09259e-06	0.0741493	0.925086	1.86234e-06
Cell_113	0.0255946	0.000443273	0.0880416	0.0152365	0.00526885	0.557132	0.293226	0.0150567
Cell_114	1.85651e-09	0.000568463	0.272335	0.0216105	0.00306283	0.668378	8.22731e-14	0.0340447
Cell_115	1.77472e-07	0.00440001	0.155312	0.0101491	0.000280706	0.673561	3.43471e-11	0.156297
Cell_116	2.16875e-11	3.64251e-05	0.0340519	0.00136961	7.19258e-05	0.960969	1.77796e-07	0.00350087
Cell_117	0.000407197	0.000275995	0.00157894	0.0106919	9.63445e-05	0.948696	0.0373065	0.000947366
Cell_118	0.99283	1.06693e-23	1.32869e-21	4.10068e-22	0.00716996	4.79712e-22	9.17224e-37	1.04305e-22
Cell_119	4.73607e-16	2.12383e-05	0.0279812	0.000810133	3.81407e-05	0.967132	6.42353e-31	0.00401727
Cell_120	4.24738e-13	0.000566591	0.105552	0.0219123	0.000528725	0.829816	1.82599e-10	0.0416246
Cell_121	9.71338e-13	5.17371e-06	3.77793e-05	0.000198182	2.93312e-06	0.00286356	0.996887	5.42399e-06
Cell_122	3.71062e-06	0.000401768	0.0135225	0.0156752	0.00147791	0.204779	0.761439	0.00270147
Cell_123	4.77178e-05	2.5232e-05	0.0015422	0.000711537	1.53245e-05	0.0278755	0.969624	0.000158468
Cell_124	0.00189184	9.91084e-05	0.0064925	0.00374213	0.000123148	0.0401245	0.946961	0.000565619
Cell_125	3.06595e-07	3.07403e-05	0.00079568	0.00119277	4.67479e-05	0.011072	0.986803	5.8732e-05
Cell_126	2.13747e-10	2.67453e-07	0.000232636	9.36099e-06	8.04223e-07	0.00108163	0.998622	5.36535e-05
Cell_127	0.239584	0.00127432	0.0984767	0.0474199	0.28031	0.318676	0.000121343	0.0141383
Cell_128	1.68642e-16	0.000272048	0.00182097	0.010625	9.81736e-05	0.987031	1.12528e-13	0.000153232
Cell_129	1.13483e-05	1.711e-05	0.00116963	0.000495549	3.66513e-05	0.0240791	0.973489	0.000701781
Cell_130	0.983887	1.87506e-05	0.000301385	0.000712811	0.00665524	0.00832673	3.02136e-11	9.81608e-05
Cell_131	0.000130525	0.000364686	0.00496141	0.0139024	0.000618464	0.979546	1.73426e-08	0.000476444
Cell_132	0.995924	9.11608e-09	9.97236e-07	3.55683e-07	0.00407172	2.83402e-06	6.29452e-19	1.57056e-07
Cell_133	0.00210155	0.00138144	0.000378124	0.0240406	0.000571055	0.468684	0.502098	0.000745825
Cell_134	1.10367e-05	2.57674e-09	3.5e-10	9.71048e-08	0.999989	2.69757e-07	1.16283e-15	3.53612e-11
Cell_135	1.01666e-10	4.74809e-06	0.000974694	0.000183264	4.7334e-06	0.00398311	0.994779	7.01207e-05
Cell_136	4.59837e-12	0.00787029	0.102281	0.30751	0.00232366	0.572707	3.58475e-18	0.00730784
Cell_137	9.19514e-08	1.1049e-09	3.99908e-08	4.05394e-08	7.89818e-09	7.76519e-07	9.16714e-07	0.999998
Cell_138	2.70772e-05	0.00100603	0.181776	0.0393517	0.00134721	0.750819	0.0128033	0.0128698
Cell_139	0.000476597	2.12818e-07	1.42083e-05	6.16375e-06	0.000158025	0.0232054	0.976136	3.02787e-06
Cell_140	4.28407e-09	0.00326296	0.0222714	0.126742	0.00290926	0.84316	3.37776e-09	0.00165448
Cell_141	0.995367	1.10538e-26	6.26765e-25	4.30943e-25	0.0046328	2.24161e-24	1.42067e-33	4.73334e-26
Cell_142	1.39125e-09	2.13808e-11	5.88232e-09	6.6813e-10	2.27332e-11	1.60884e-09	2.22127e-15	1
Cell_143	0.0012724	0.00136442	0.0560198	0.0515179	0.28743	0.592783	3.29316e-05	0.00958041
Cell_144	7.12705e-13	0.000444176	0.151022	0.0167014	0.000465897	0.819009	5.14467e-14	0.0123571
Cell_145	1.33149e-16	2.34557e-06	2.15123e-06	5.5953e-05	4.8661e-06	0.00115349	0.998781	1.76021e-07
Cell_146	1.12835e-05	0.00052392	0.0819621	0.020337	0.00117951	0.846809	3.17722e-10	0.0491775
Cell_147	2.01299e-09	2.45679e-06	1.7996e-06	9.55103e-05	6.02867e-07	0.00422439	0.995675	1.29201e-07
Cell_148	9.98336e-13	1.62808e-06	0.000294195	6.01107e-05	3.85113e-06	0.0020063	0.997584	5.03126e-05
Cell_149	5.67222e-06	2.54663e-06	4.539e-06	7.75241e-05	9.2791e-07	0.00288217	0.997026	3.71396e-07
Cell_150	4.80953e-05	1.25612e-05	1.17685e-05	0.000487857	1.61235e-05	0.0182495	0.981172	2.01262e-06
Cell_151	2.67207e-08	2.96159e-06	0.0016356	0.000114005	2.093e-06	0.00724976	0.990716	0.000279717
Cell_152	3.65152e-07	0.00134369	0.146485	0.0521566	0.000484442	0.7871	1.11576e-14	0.0124299
Cell_153	6.20466e-09	8.64253e-06	0.000167219	0.000314275	9.78333e-06	0.00427934	0.995052	0.00016828
Cell_154	0.98827	1.37787e-07	8.29287e-08	4.19448e-06	0.0114726	0.000226995	2.59117e-05	7.22464e-09
Cell_155	2.95093e-08	0.00277821	0.1106	0.105615	0.000900003	0.238824	2.00236e-05	0.541262
Cell_156	7.48299e-16	0.00165335	0.00345693	0.064685	0.000791865	0.928523	8.48694e-11	0.000889967
Cell_157	5.70476e-13	5.20413e-07	1.04728e-07	2.03305e-05	3.22693e-07	0.000484917	0.999494	7.6215e-09
Cell_158	0.749943	3.34521e-13	9.94729e-12	1.29686e-11	0.250057	1.77861e-11	6.99201e-10	1.24351e-12
Cell_159	6.59074e-06	0.00180446	0.239012	0.00703582	0.00065944	0.280047	1.19015e-18	0.471435
Cell_160	3.95064e-23	0.000545793	0.00129478	0.0213237	0.000221779	0.976452	1.6051e-24	0.000161861
Cell_161	2.51013e-08	9.46587e-07	1.26174e-06	3.68152e-05	2.54013e-06	0.00177339	0.998185	9.75397e-08
Cell_162	2.26044e-11	0.000492648	0.000473074	0.0192614	0.000429365	0.979306	4.47204e-09	3.78716e-05
Cell_163	2.93094e-20	3.8631e-05	0.000768545	0.0013726	2.78056e-05	0.0163289	5.6964e-08	0.981463
Cell_164	3.01692e-07	8.94677e-05	1.30794e-06	0.00342638	0.000152625	0.16954	0.826789	9.98315e-08
Cell_165	2.5612e-07	0.000248883	0.0754259	0.00895505	0.000376967	0.885249	2.60426e-18	0.0297443
Cell_166	2.20703e-08	0.000539238	0.00734804	0.0191597	0.000383815	0.97203	1.4846e-20	0.000539432
Cell_167	4.14709e-11	0.250621	0.00372076	0.0115072	6.56741e-05	0.731853	9.3533e-19	0.00223246
Cell_168	9.60378e-16	2.94408e-07	1.29761e-06	1.14135e-05	0.000100348	0.000985896	0.998901	1.45425e-07
Cell_169	0.00155714	1.11465e-05	0.00186835	0.000431534	2.15841e-05	0.0101945	0.985682	0.000233564
Cell_170	6.05877e-18	2.26318e-14	7.85575e-12	7.92124e-13	4.76227e-13	3.60664e-12	9.40474e-18	1
Cell_171	6.54997e-14	4.55583e-05	0.000462891	0.00177718	2.66342e-05	0.997655	1.96391e-27	3.30729e-05
Cell_172	0.00463603	0.000347831	0.00472852	0.00364514	0.000100967	0.0644393	0.920238	0.0018647
Cell_173	0.879556	0.00022436	0.000159867	0.00711028	0.0981668	0.0147708	5.22195e-17	1.15585e-05
Cell_174	2.49536e-12	0.000508718	0.00013811	0.0139482	0.000196083	0.985199	2.12243e-26	9.77454e-06
Cell_175	3.09912e-18	6.66008e-07	0.000372056	2.55988e-05	3.21066e-06	4.61051e-05	0.00110335	0.998449
Cell_176	8.90858e-09	9.87715e-05	6.97874e-05	0.00386421	4.77459e-05	0.117287	0.878627	5.45318e-06
Cell_177	2.96108e-09	6.54145e-07	0.000111097	2.4789e-05	8.20767e-07	0.00173024	0.998122	9.91473e-06
Cell_178	0.000503415	8.09444e-05	0.0759155	0.00299258	0.000130063	0.189982	0.700459	0.0299373
Cell_179	6.23625e-14	7.20765e-08	3.95148e-05	2.81026e-06	4.19892e-08	3.0946e-06	2.77707e-21	0.999954
Cell_180	0.000561157	6.39124e-06	0.000488177	0.000248669	6.4185e-06	0.0156015	0.983048	3.99442e-05
Cell_181	5.90355e-08	0.000762969	0.0186798	0.0297384	0.00113201	0.948276	8.89839e-17	0.0014107
Cell_182	8.42088e-05	3.72423e-05	0.000104902	0.000390286	2.34581e-05	0.0295694	0.969781	9.54263e-06
Cell_183	0.30302	2.19419e-31	2.12018e-30	5.2342e-30	0.69698	6.13252e-30	9.78622e-28	1.69572e-31
Cell_184	3.86323e-09	1.72756e-05	0.00745427	0.000654664	2.68746e-05	0.00175787	1.11868e-09	0.990089
Cell_185	1.68371e-07	3.79511e-06	0.000540574	0.000100422	1.52757e-06	0.0129229	0.986217	0.000213176
Cell_186	3.70787e-05	0.00036157	0.00329968	0.0140499	0.000179262	0.981813	4.23741e-08	0.000259034
Cell_187	5.70848e-07	0.00830641	0.00602293	0.322608	0.00568314	0.656919	5.22356e-07	0.000459713
Cell_188	2.50528e-05	0.00176218	5.40763e-05	0.0616771	0.00231951	0.934158	6.85014e-10	3.92163e-06
Cell_189	2.85245e-14	0.000295043	0.0349378	0.0114457	0.00148848	0.94929	9.46663e-13	0.00254257
Cell_190	1.83958e-14	1.34487e-05	0.00967729	0.000385371	1.67371e-05	0.00601618	0.983207	0.0006837
Cell_191	8.09832e-05	2.44542e-05	0.000345593	0.000955408	2.80662e-05	0.0218857	0.976653	2.71299e-05
Cell_192	0.00334692	0.000295296	0.00489408	0.0109885	0.000626473	0.932513	0.0468322	0.00050316
Cell_193	3.46125e-19	1.85441e-07	7.65906e-05	5.11966e-06	1.45316e-07	0.000439423	0.999472	6.12573e-06
Cell_194	8.0493e-10	1.00231e-07	4.69764e-05	3.87976e-06	8.88515e-08	2.64758e-06	5.27902e-13	0.999946
Cell_195	3.85958e-08	0.00164024	0.0372531	0.0499768	0.00190188	0.835545	0.000203098	0.0734794
Cell_196	0.00157062	6.54615e-07	0.000139595	1.78199e-05	0.994124	0.000129747	0.00396274	5.50495e-05
Cell_197	0.00893791	5.68187e-09	6.79445e-09	2.17647e-07	0.991061	6.38824e-07	2.24756e-10	5.49953e-10
Cell_198	1.79144e-05	3.4725e-05	0.000204584	0.00134786	5.34338e-06	0.078324	0.920051	1.49486e-05
Cell_199	1.87133e-07	3.73908e-08	4.52289e-07	1.45476e-06	0.999986	1.2326e-05	5.25827e-17	3.19698e-08
Cell_200	6.71772e-21	9.31954e-07	0.00142399	3.58207e-05	1.26651e-06	0.000978329	0.9974	0.000159588
Cell_201	0.00264789	0.000374412	0.0182416	0.0142335	0.000758012	0.34596	0.61574	0.00204436
Cell_202	1.12009e-09	5.90887e-07	2.04482e-05	2.30774e-05	8.33955e-07	0.00415637	0.995797	1.46542e-06
Cell_203	0.000306945	0.000124905	0.0217259	0.00486312	0.000104681	0.276231	0.692014	0.00462989
Cell_204	1.26445e-11	3.50519e-05	0.00284172	0.00135086	1.99128e-05	0.995252	3.23668e-18	0.000500196
Cell_205	2.0669e-10	1.12028e-06	4.84792e-06	4.33642e-05	1.62168e-06	0.00241046	0.997538	3.70028e-07
Cell_206	1.09152e-10	2.77368e-05	0.0227574	0.00103607	9.14247e-05	0.0146022	0.947831	0.0136545
Cell_207	1.64152e-10	0.000362261	0.0699863	0.01401	0.000784919	0.907013	1.12305e-07	0.00784342
Cell_208	9.59663e-17	5.16591e-13	3.25547e-13	2.01074e-11	2.99694e-13	3.30278e-10	2.54851e-14	1
Cell_209	0.000691122	5.03665e-05	0.00087907	0.0017407	3.8393e-05	0.0517396	0.944795	6.57977e-05
Cell_210	1.23497e-09	0.000200133	0.000236511	0.00782773	0.000328824	0.00716076	6.45165e-13	0.984246
Cell_211	6.6219e-13	5.64584e-07	4.34408e-06	2.1463e-05	6.52757e-07	0.00106173	0.998911	3.35823e-07
Cell_212	3.61485e-09	0.00044109	0.473046	0.0168926	0.00105343	0.370713	1.56914e-08	0.137854
Cell_213	0.484819	0.00096037	0.00321733	0.0372787	0.006856	0.121064	0.345525	0.000280289
Cell_214	2.84158e-09	3.87573e-07	0.000121747	1.48968e-05	1.61986e-07	3.03254e-05	5.76941e-08	0.999832
Cell_215	0.00168072	0.000726239	0.00896641	0.0280282	0.000256732	0.959111	0.000225625	0.00100487
Cell_216	2.78078e-21	7.79049e-07	1.16821e-06	2.97712e-05	1.41861e-07	0.00139571	0.998572	8.74397e-08
Cell_217	1.07641e-09	1.43508e-06	0.00083696	5.58744e-05	3.78835e-06	0.00459457	0.994177	0.000330056
Cell_218	0.968663	4.48623e-16	8.67663e-14	1.13029e-14	0.0313368	4.58813e-14	1.56724e-17	1.84903e-14
Cell_219	0.029891	0.000823256	0.221844	0.031974	0.000585463	0.23456	0.042749	0.437573
Cell_220	0.00405838	0.00210177	0.356408	0.0822193	0.00762685	0.522429	1.84786e-12	0.0251564
Cell_221	5.47732e-09	2.21962e-06	3.07879e-05	8.35697e-05	1.18288e-06	0.00124949	0.99863	2.80068e-06
Cell_222	0.0215778	0.000738819	0.024042	0.0268567	0.000417521	0.0770618	0.801884	0.0474214
Cell_223	1.29331e-06	9.42818e-06	1.3871e-05	0.000366175	5.14718e-06	0.0451226	0.954476	5.47006e-06
Cell_224	0.00397177	0.00993217	0.167117	0.302354	0.0362449	0.10867	0.0420818	0.329628
Cell_225	5.56671e-06	5.58787e-06	1.31528e-05	0.000217234	8.65305e-06	0.000929651	3.00743e-10	0.99882
Cell_226	1.14335e-12	0.000763574	0.109916	0.029602	0.000941597	0.848551	0.000226429	0.00999872
Cell_227	2.3583e-10	1.76557e-09	9.13394e-09	6.9091e-08	0.999999	6.4748e-07	1.65968e-07	6.46001e-10
Cell_228	1.32237e-08	7.37398e-06	0.0011529	0.000281795	1.86824e-05	0.00346191	0.994971	0.000105856
Cell_229	9.9847e-10	1.38672e-05	1.00723e-05	0.000199727	7.24755e-06	0.00452447	0.995244	7.43475e-07
Cell_230	1.691e-19	2.4211e-11	4.91771e-09	9.37922e-10	1	2.32651e-08	8.50726e-22	8.41018e-10
Cell_231	4.3444e-07	0.000161059	0.0462867	0.00629813	0.00620381	0.937416	8.05181e-17	0.00363362
Cell_232	0.000521224	1.59549e-05	0.002779	0.000362335	8.40957e-06	0.01029	0.985815	0.000208006
Cell_233	5.87455e-06	8.68908e-05	3.35268e-05	0.000200423	1.86441e-06	0.0259762	0.973629	6.61294e-05
Cell_234	2.75342e-08	2.1132e-05	0.00222791	0.000817984	1.91887e-05	0.0134293	0.983297	0.000187475
Cell_235	2.23139e-05	5.81472e-06	0.000187349	0.00022035	1.06325e-05	0.007396	0.992105	5.25524e-05
Cell_236	2.49301e-23	1.06465e-07	2.16356e-08	4.16236e-06	1.4435e-07	0.000136155	0.999859	1.69845e-09
Cell_237	3.17796e-10	1.21195e-06	4.34566e-05	4.62013e-05	2.42865e-06	0.0022474	0.997645	1.41538e-05
Cell_238	1.31659e-08	1.66871e-05	0.00686163	0.000233024	9.94496e-06	0.0151827	0.976711	0.000985127
Cell_239	0.000718057	0.00021182	7.48898e-06	0.00826428	0.00017311	0.925769	0.064856	5.4002e-07
Cell_240	1.6392e-06	0.000405993	0.00488137	0.0154341	0.000170811	0.127101	0.851305	0.00070082
Cell_241	2.86315e-08	1.25528e-07	0.000278266	4.63464e-06	2.75464e-07	1.37893e-05	2.68124e-07	0.999703
Cell_242	0.000802386	0.000171467	6.89115e-05	0.00669456	7.52823e-05	0.0880402	0.904128	1.933e-05
Cell_243	4.91899e-05	0.00206205	0.303829	0.0793777	0.00313876	0.0931889	0.489178	0.0291767
Cell_244	1.67666e-06	0.00585721	0.074455	0.225776	0.00830405	0.676297	1.17099e-06	0.00930766
Cell_245	1.5895e-08	1.40882e-06	9.69256e-10	3.22172e-05	3.8037e-07	0.00335627	0.99661	2.71881e-10
Cell_246	0.000505484	0.000153523	0.0637256	0.00593734	0.000117666	0.80312	0.115542	0.0108982
Cell_247	4.88594e-06	4.51387e-07	1.31674e-05	1.43051e-05	1.62432e-06	3.76258e-05	1.36988e-06	0.999927
Cell_248	8.31661e-10	0.00101315	0.547447	0.0391825	0.0012835	0.078766	0.00383803	0.32847
Cell_249	1.46231e-17	0.000440189	0.117877	0.0144132	0.000510256	0.856491	2.94591e-24	0.0102693
Cell_250	0.000166189	9.0248e-06	0.0064494	0.000333207	6.77383e-06	0.038096	0.95313	0.00180909
Cell_251	0.00557012	0.000544468	0.00303652	0.0212311	0.00108913	0.945889	0.0195839	0.00305579
Cell_252	1.39002e-08	0.00356431	0.198097	0.13931	0.146028	0.49498	1.15371e-18	0.0180203
Cell_253	0.987011	1.95714e-20	1.94728e-17	7.35901e-19	0.0129887	6.22668e-18	1.54935e-23	3.84089e-17
Cell_254	8.80248e-08	0.00791403	0.000352697	0.00931357	0.00014091	0.982204	1.19412e-08	7.51614e-05
Cell_255	1.60691e-05	0.00218953	0.131785	0.0500706	0.00231053	0.785374	0.000170193	0.028084
Cell_256	0.00881081	0.000443857	0.474573	0.0165168	0.00107789	0.459692	5.43081e-05	0.0388311
Cell_257	0.00115914	0.000154343	0.00364941	0.00574341	0.0002275	0.815599	0.171277	0.00218965
Cell_258	3.41307e-05	2.16627e-05	8.05462e-05	0.000835025	0.000148192	0.0340926	0.96474	4.83279e-05
Cell_259	0.988293	6.85937e-12	1.01807e-08	2.51675e-10	0.0117074	1.02747e-09	1.2309e-12	1.74109e-09
Cell_260	0.00013647	9.89154e-05	0.0227164	0.0037708	4.01024e-05	0.433833	0.537338	0.00206644
Cell_261	0.970316	1.27592e-09	2.88655e-09	3.4733e-08	0.0296835	8.37874e-08	1.00162e-07	4.93652e-10
Cell_262	3.00538e-08	1.7004e-06	1.06139e-07	6.49806e-05	3.25112e-06	0.00366071	0.996269	6.36838e-08
Cell_263	0.00259349	4.13755e-05	0.000708261	0.00161811	3.82315e-05	0.0265191	0.968431	5.05401e-05
Cell_264	1.13573e-11	0.00121535	0.0232772	0.045889	0.000959279	0.926001	9.72919e-18	0.0026578
Cell_265	0.000249779	5.12815e-05	0.0222269	0.00198662	8.12506e-05	0.0417028	0.931416	0.00228514
Cell_266	1.37819e-14	0.998714	0.000547408	4.26458e-05	3.37246e-06	0.000141862	1.57779e-09	0.000550881
Cell_267	1.73683e-33	2.89892e-07	3.20453e-08	1.07274e-05	4.1967e-07	0.000482647	0.999506	2.31075e-09
Cell_268	4.67393e-06	0.000876951	0.522566	0.0287143	0.000720635	0.357733	1.62073e-05	0.0893682
Cell_269	9.30651e-17	0.000689478	0.0237314	0.0269004	0.000524045	0.941498	5.50535e-30	0.00665677
Cell_270	5.22305e-20	2.17511e-07	3.80128e-06	7.31449e-06	1.02204e-07	0.000404936	0.999576	7.54669e-06
Cell_271	3.59424e-11	0.000197793	7.48368e-06	0.00766798	0.000527204	0.991599	1.78996e-11	8.38702e-07
Cell_272	1.80178e-09	1.02222e-05	0.000658226	0.000399778	1.13161e-05	0.0181841	0.980685	5.16724e-05
Cell_273	2.69183e-10	1.5697e-06	6.96906e-06	6.05864e-05	1.49913e-06	0.00312812	0.996801	5.03865e-07
Cell_274	4.19152e-09	1.6611e-06	0.000524914	6.46744e-05	2.01468e-06	0.00164249	0.997714	5.04076e-05
Cell_275	5.17296e-26	1	2.80687e-14	2.00822e-13	3.01257e-15	7.36916e-14	2.96488e-25	2.29667e-15
Cell_276	2.01356e-13	0.00024852	0.0188192	0.00876788	0.000107859	0.970122	7.25805e-30	0.00193481
Cell_277	0.00285465	0.00108663	0.0281892	0.0420954	0.000803499	0.412917	0.504146	0.00790721
Cell_278	3.39143e-05	6.58502e-05	0.00320894	0.00257182	8.63688e-05	0.0723258	0.921451	0.000256651
Cell_279	6.2394e-05	1.19911e-05	0.00179016	0.000467705	1.89261e-05	0.0181984	0.979323	0.000127248
Cell_280	1.40395e-07	0.000263315	0.0778167	0.0102487	0.000187431	0.864794	1.56116e-16	0.0466902
Cell_281	1.55658e-07	4.09161e-07	3.94685e-05	9.35677e-06	5.18608e-07	0.00101832	0.998928	3.32121e-06
Cell_282	3.14995e-12	2.43391e-07	3.10908e-06	9.355e-06	5.56036e-08	0.000945867	0.999041	2.4035e-07
Cell_283	0.990684	1.76622e-07	1.25729e-05	3.4049e-06	0.00928732	1.04267e-05	4.81715e-07	1.29262e-06
Cell_284	0.000765583	2.16373e-05	0.00082853	0.000816982	2.71159e-05	0.0652518	0.932203	8.51812e-05
Cell_285	1.99154e-06	0.000329494	0.00546036	0.0125259	0.000202628	0.98109	6.62756e-16	0.000390135
Cell_286	6.44523e-14	2.62144e-05	0.000273366	0.000625339	7.09547e-06	0.0169692	2.56388e-16	0.982099
Cell_287	4.54158e-09	0.00023944	0.0551689	0.00916995	0.000876315	0.922789	4.17781e-14	0.0117568
Cell_288	7.40829e-08	0.000400369	0.0791697	0.0152626	0.000251867	0.882375	0.000332753	0.0222075
Cell_289	4.21211e-18	9.54031e-06	5.50632e-05	0.000366295	8.46969e-06	0.0105471	0.989009	4.00718e-06
Cell_290	1.98447e-13	0.000424887	0.0202729	0.0165179	0.000150894	0.961137	5.29528e-18	0.00149642
Cell_291	1.31011e-09	0.00167467	0.00175866	0.0639973	0.00333858	0.929093	1.26372e-09	0.00013806
Cell_292	4.11136e-07	0.000291818	0.00213571	0.000343423	3.10996e-05	0.992767	0.00406521	0.000365245
Cell_293	8.93822e-06	2.2698e-05	0.00012792	0.000853462	2.77312e-05	0.0128439	0.986106	9.50285e-06
Cell_294	2.35581e-15	0.000137554	0.000953482	0.00494932	8.61164e-05	0.993801	1.4462e-11	7.27767e-05
Cell_295	5.54623e-11	8.69638e-07	4.83317e-05	3.34255e-05	1.29067e-06	0.0013417	0.99857	3.95465e-06
Cell_296	5.22694e-08	0.000777561	0.03603	0.0299724	0.000887907	0.929647	1.71805e-16	0.00268467
Cell_297	5.41941e-15	1.52572e-12	4.02619e-10	5.63314e-11	2.82627e-12	4.83646e-10	3.14147e-07	1
Cell_298	9.01494e-08	0.000383124	0.00574897	0.0147258	0.000208538	0.976652	1.41915e-05	0.00226711
Cell_299	5.80038e-12	9.78888e-07	1.7804e-06	3.2052e-05	3.68638e-06	0.00290194	0.997059	2.22569e-07
Cell_300	7.28142e-12	1.41399e-05	1.56735e-05	0.000255302	1.55828e-05	0.00869988	0.990998	1.23041e-06
Cell_301	1.4195e-08	0.000319319	0.00799538	0.012449	0.000249088	0.978422	1.52177e-21	0.00056475
Cell_302	0.891715	0.00178806	0.00436434	0.058547	0.0153991	0.0278491	2.83197e-08	0.000337389
Cell_303	0.000204714	4.92294e-05	0.00528593	0.00184217	6.09399e-05	0.159015	0.832638	0.00090399
Cell_304	0.000345811	5.49446e-05	1.58185e-05	0.00151691	0.000113926	0.336781	0.66117	2.27106e-06
Cell_305	4.73285e-29	6.7082e-07	0.000211589	2.59432e-05	1.04598e-06	0.00149706	0.998248	1.5298e-05
Cell_306	1.5043e-07	0.000268285	0.111251	0.0099834	0.000495397	0.834129	4.88871e-08	0.0438721
Cell_307	5.7361e-31	1	9.07946e-16	2.40656e-14	1.33647e-16	9.81025e-14	3.09277e-37	7.26177e-17
Cell_308	1.01171e-19	3.40985e-07	3.21366e-05	1.31787e-05	5.22504e-07	0.00102766	0.998924	2.4054e-06
Cell_309	0.00684014	0.00300626	0.334161	0.114285	0.00199654	0.312531	0.192825	0.0343551
Cell_310	0.62681	0.00295621	0.00668996	0.114522	0.0358289	0.210518	3.355e-27	0.00267482
Cell_311	0.00162451	8.89065e-05	0.000293887	0.00344141	0.000178656	0.283657	0.710679	3.6739e-05
Cell_312	2.68616e-07	0.000502816	0.00023324	0.0182778	0.000415228	0.980553	2.3891e-12	1.76143e-05
Cell_313	0.000142439	8.5617e-06	0.00951121	0.000329578	5.33718e-06	0.0180588	0.970579	0.00136553
Cell_314	2.89528e-21	3.77739e-05	0.0212845	0.00147661	3.48269e-05	0.975521	1.15736e-21	0.00164541
Cell_315	0.974383	4.75782e-14	5.42567e-14	1.78039e-12	0.0256171	2.10163e-12	7.24937e-16	6.78265e-15
Cell_316	5.75353e-13	6.6872e-07	0.000239352	2.59852e-05	8.06353e-07	0.00102889	0.998653	5.10071e-05
Cell_317	4.01692e-13	3.12359e-05	0.0242822	0.00119783	0.000131557	0.00122481	3.8047e-18	0.973132
Cell_318	2.91442e-09	2.1116e-05	0.000697792	0.000806942	3.16081e-05	0.0256981	0.972644	0.000100182
Cell_319	2.61895e-05	0.000458966	0.325947	0.0178849	0.000428341	0.0122898	5.59833e-05	0.642909
Cell_320	4.12414e-20	0.00114238	0.00110011	0.0164536	0.000406189	0.980589	2.1357e-17	0.000308585
Cell_321	3.61671e-15	4.694e-07	7.03903e-06	1.83196e-05	5.28036e-07	0.000458923	0.999514	5.14332e-07
Cell_322	2.72821e-10	0.000353808	0.000767074	0.0137936	0.000447238	0.984528	3.49322e-12	0.000110129
Cell_323	0.00016722	1.3993e-05	0.00534168	0.000480979	4.97829e-05	0.00058652	0.0124029	0.980957
Cell_324	3.57795e-14	0.000943223	0.00257488	0.0368968	0.000701323	0.958687	2.9638e-16	0.000196533
Cell_325	1.59949e-21	2.60932e-07	6.89361e-05	1.02018e-05	9.60986e-07	0.000313771	0.999601	4.89646e-06
Cell_326	0.995187	1.82996e-13	7.64738e-12	7.05388e-12	0.00481261	3.00496e-11	4.71078e-20	9.56003e-13
Cell_327	1.20776e-14	1.20954e-06	1.44253e-05	4.65607e-05	9.6148e-07	0.00173385	0.998202	1.10104e-06
Cell_328	9.2338e-13	1.60641e-05	0.000733858	0.000622524	1.24067e-05	0.0443761	0.954169	7.04724e-05
Cell_329	2.24502e-14	3.83497e-06	2.55517e-06	0.000148944	0.000290491	0.00256174	0.996992	2.62697e-07
Cell_330	8.92356e-17	0.000334077	0.000141562	0.0130677	9.52305e-05	0.986011	0.000339675	1.087e-05
Cell_331	0.878366	5.0756e-06	6.19156e-05	0.000197785	0.120668	0.000694102	2.39263e-18	6.93893e-06
Cell_332	3.50636e-16	1.41439e-07	1.16069e-08	5.43047e-06	1.27427e-07	0.000719215	0.999275	8.62249e-10
Cell_333	2.99956e-06	0.000682132	0.244536	0.0264447	0.000767499	0.708369	1.64084e-12	0.0191968
Cell_334	1.93679e-06	0.00173522	0.0031578	0.0674273	0.000648475	0.926622	0.000154618	0.000252562
Cell_335	1.95034e-17	0.00108107	0.154258	0.0421465	0.000535268	0.790708	7.83917e-31	0.0112714
Cell_336	9.83118e-06	4.57086e-07	3.23258e-07	1.15161e-05	4.02844e-07	0.0353718	0.964606	4.64103e-08
Cell_337	0.015351	0.00122138	0.0243211	0.0371811	0.00266875	0.908732	0.00840619	0.00211882
Cell_338	3.59307e-07	0.00119072	0.00805125	0.041152	0.00105084	0.947579	0.00029827	0.000677499
Cell_339	1.02417e-11	0.00384507	0.00463107	0.149526	0.0024859	0.838075	8.69209e-05	0.00134957
Cell_340	1.47931e-12	7.12173e-06	0.0140132	0.000227562	4.27348e-05	0.000338345	1.95101e-11	0.985371
Cell_341	1.83215e-12	0.00713973	0.479246	0.163273	0.00581013	0.15554	1.10661e-09	0.188991
Cell_342	0.000316603	7.71081e-05	0.00123811	0.00121368	3.45019e-05	0.0251889	0.971443	0.00048825
Cell_343	9.27118e-08	0.000179681	0.016667	0.00698527	8.8605e-05	0.973633	0.000994513	0.00145201
Cell_344	2.70808e-14	0.000340657	0.274522	0.0132065	0.00215045	0.601523	4.04117e-20	0.108258
Cell_345	0.000217695	0.000314894	0.0003546	0.0120336	6.90567e-05	0.280178	0.706133	0.000699427
Cell_346	2.20083e-27	2.14877e-15	3.73918e-12	8.3884e-14	2.71869e-15	8.54899e-14	6.01777e-42	1
Cell_347	0.00156227	0.00064715	0.0449	0.0217624	0.0136265	0.842398	0.0715128	0.00359111
Cell_348	3.38883e-23	0.000156274	0.0139171	0.00495253	2.90143e-05	0.0059846	4.06815e-14	0.97496
Cell_349	0.00251826	0.0131419	0.00233909	0.0154659	0.0003292	0.965624	8.34933e-05	0.000498472
Cell_350	1.09823e-07	0.000136243	0.000200924	0.00190254	7.18322e-05	0.0353527	0.962301	3.43616e-05
Cell_351	6.11001e-07	0.936758	0.0234274	0.00183555	3.7308e-05	0.014181	0.000184322	0.0235761
Cell_352	0.000200136	4.02202e-05	0.000915611	0.00157288	0.000235952	0.996969	1.321e-09	6.64004e-05
Cell_353	1.35131e-11	7.41588e-05	0.00476758	0.00288639	3.16977e-05	0.991825	6.16464e-09	0.000415346
Cell_354	2.4317e-13	0.000865824	0.000398341	0.0335884	0.000845594	0.964268	3.63129e-06	3.04043e-05
Cell_355	0.000319583	2.8269e-06	4.96192e-05	0.000104513	1.25713e-05	0.0138152	0.985682	1.39184e-05
Cell_356	2.71074e-17	1.55393e-07	9.13605e-10	5.89601e-06	7.18684e-08	0.000250213	0.999744	6.52758e-11
Cell_357	3.52146e-08	2.43211e-06	0.000121671	9.05035e-05	4.14712e-06	0.000576392	6.67962e-12	0.999205
Cell_358	0.000226043	4.83382e-05	0.0201916	0.00184272	7.07098e-05	0.0225959	0.953086	0.001939
Cell_359	9.35212e-20	2.69514e-07	4.88099e-05	1.02743e-05	1.22337e-07	0.000198205	0.999738	3.8317e-06
Cell_360	0.00103311	5.36076e-05	5.9949e-06	0.00209566	3.63863e-05	0.0566404	0.940134	4.22728e-07
Cell_361	7.52725e-12	0.00107949	0.000313188	0.0407592	0.000732695	0.957076	2.1353e-19	3.91517e-05
Cell_362	1.91533e-19	0.000395951	0.192656	0.0154683	0.000260698	0.776095	8.58291e-25	0.015124
Cell_363	7.43836e-05	0.000892225	0.0764563	0.0278812	0.000778931	0.840827	0.0378156	0.0152741
Cell_364	0.0122477	0.00530059	0.124284	0.140258	0.00287768	0.438084	0.202378	0.0745705
Cell_365	1.79376e-09	0.000700117	0.0193312	0.0269872	0.000264039	0.950551	1.07288e-13	0.00216646
Cell_366	1.13481e-13	1	2.81802e-08	7.42281e-10	3.6108e-11	8.35652e-10	3.79743e-13	6.00534e-09
Cell_367	1.31315e-12	0.00049881	0.0139567	0.0189626	0.000677439	0.964892	2.38265e-18	0.00101214
Cell_368	1.59152e-07	5.92498e-06	0.000581654	0.000227347	1.04721e-06	0.00801224	0.991048	0.000123953
Cell_369	5.94136e-07	0.000615392	0.0668596	0.0238208	0.000410544	0.101274	0.675143	0.131876
Cell_370	1.7364e-19	1.23132e-06	7.99423e-06	4.81651e-05	1.77748e-06	0.00345865	0.996482	6.03725e-07
Cell_371	0.0104875	0.000995646	0.0928749	0.0353764	0.00129169	0.850525	2.8571e-13	0.00844854
Cell_372	0.000443351	0.000159088	0.0817067	0.00619197	6.02817e-05	0.903592	2.43146e-09	0.0078463
Cell_373	1.35105e-22	3.85552e-07	0.000235831	1.44274e-05	2.36783e-07	0.0003339	0.999395	1.98448e-05
Cell_374	2.74983e-15	2.71371e-06	3.41182e-06	0.000106117	1.43534e-06	0.00708434	0.992802	2.63753e-07
Cell_375	1.88921e-10	1.19112e-05	0.001441	0.000463898	1.4893e-05	0.0127887	0.984992	0.000287877
Cell_376	7.72225e-08	6.084e-07	0.000107663	2.28763e-05	7.53775e-07	0.00268266	0.997175	9.8853e-06
Cell_377	0.00285383	0.000119782	4.71074e-05	0.00452271	0.000234409	0.148111	0.844098	1.32138e-05
Cell_378	2.74453e-06	8.62886e-05	0.00220406	0.00262914	7.71339e-05	0.405203	0.589625	0.000173024
Cell_379	0.983612	1.8629e-12	4.09913e-12	7.0595e-11	0.0163883	1.665e-10	5.84281e-13	3.09567e-13
Cell_380	2.45423e-05	8.935e-06	0.00123488	0.000348806	6.93443e-06	0.00137989	0.000973204	0.996023
Cell_381	1.05489e-10	1	3.53949e-08	3.78699e-09	1.37821e-10	1.04021e-08	4.25112e-11	2.1237e-08
Cell_382	3.89568e-09	0.000876815	0.000341633	0.0333915	0.000645301	0.964324	9.79585e-12	0.000420503
Cell_383	4.00194e-08	0.00472207	0.00279022	0.180012	0.00199061	0.80989	5.6866e-07	0.00059461
Cell_384	9.18614e-09	0.000362273	0.0245556	0.014105	0.000153495	0.241916	4.64989e-10	0.718907
Cell_385	0.880105	2.39712e-12	3.73065e-10	9.18035e-11	0.119895	3.26191e-09	1.46268e-19	4.6637e-11
Cell_386	0.993682	7.00953e-09	4.34843e-08	2.65628e-07	0.00631686	7.18987e-07	2.35494e-12	9.26672e-09
Cell_387	3.41363e-05	0.000605243	0.701707	0.0222419	0.000866035	0.154541	3.10101e-09	0.120005
Cell_388	2.17365e-10	0.000549373	0.000281496	0.0204489	0.000325524	0.978366	1.07947e-15	2.89406e-05
Cell_389	7.77935e-13	0.000450296	0.00718859	0.0163745	0.00011118	0.975137	1.61856e-10	0.000738656
Cell_390	1.27115e-13	0.000121039	0.0223622	0.00450408	0.000302286	0.970204	2.04912e-18	0.00250615
Cell_391	4.18636e-09	6.89607e-06	5.67243e-05	5.88564e-05	1.08899e-06	0.00574821	0.994124	4.53682e-06
Cell_392	1.16408e-09	0.00258261	0.629454	0.0970647	0.00523037	0.216569	0.000438499	0.0486605
Cell_393	5.67903e-06	0.000461654	0.00305052	0.0172752	0.000779632	0.977556	1.60674e-05	0.000855687
Cell_394	0.000386129	0.000247009	0.117163	0.00913213	0.000126387	0.39995	0.464524	0.00847093
Cell_395	4.83133e-13	0.000534158	0.201685	0.019424	0.0126371	0.686185	9.01143e-12	0.0795346
Cell_396	1.21367e-10	0.00011574	0.0125462	0.00445535	0.000251334	0.00327294	1.21069e-08	0.979358
Cell_397	3.38804e-12	0.000799985	0.0019627	0.0311736	0.00130633	0.964586	1.64641e-22	0.000170988
Cell_398	8.29249e-10	1.10037e-06	4.05379e-05	4.1699e-05	3.55545e-07	0.00107259	0.998819	2.43229e-05
Cell_399	9.80746e-25	2.74629e-06	0.000450865	6.28026e-05	4.42225e-06	0.00211504	0.997299	6.47308e-05
Cell_400	4.50758e-06	0.000525831	0.10227	0.0200454	0.000415012	0.862128	8.4342e-19	0.0146113
Cell_401	0.00087941	0.000213485	0.0393154	0.00827029	0.000277396	0.261165	0.687007	0.00287272
Cell_402	1.11408e-10	6.17444e-06	6.65534e-07	9.59387e-05	6.15827e-06	0.00286844	0.997023	9.55509e-08
Cell_403	3.33917e-07	0.000742601	0.00465972	0.0287192	0.000430176	0.965024	1.90693e-10	0.00042388
Cell_404	1.76869e-12	0.000791531	0.0140096	0.0306594	0.00452822	0.948977	9.21775e-23	0.0010341
Cell_405	2.51929e-15	1.50918e-13	3.52389e-11	5.88715e-12	1.17431e-13	1.19245e-11	4.08518e-20	1
Cell_406	0.000753775	0.000359851	0.00567217	0.0140226	0.000185184	0.898877	0.0797269	0.000402618
Cell_407	2.02484e-17	0.0011911	0.0214033	0.0464461	0.000710465	0.928697	4.6829e-18	0.00155217
Cell_408	1.00968e-10	4.18776e-07	2.71074e-05	1.43945e-05	1.57316e-06	0.00426674	0.995686	3.38871e-06
Cell_409	2.6928e-06	0.000501414	0.0018291	0.0193279	0.000168072	0.159738	0.74513	0.0733028
Cell_410	0.351321	0.00165207	0.0280748	0.00771625	0.0827105	0.503946	0.0135078	0.0110713
Cell_411	2.37884e-05	0.0744076	0.571671	0.0875661	0.00614715	0.217396	7.42704e-14	0.0427891
Cell_412	0.995673	1.47278e-09	5.79783e-07	5.65117e-08	0.00432573	8.63222e-08	8.97788e-24	8.32397e-08
