cell	Node 0	Node 1	Node 2	Node 3	Node 4	Node 5
Cell_0	4.22907e-22	4.00858e-13	6.84029e-19	8.32138e-19	1	3.14342e-26
Cell_1	6.15957e-09	0.00048982	0.160237	0.839272	4.63988e-07	4.58978e-13
Cell_2	1.0517e-09	0.99889	2.80321e-11	1.06685e-10	0.0011096	7.83302e-14
Cell_3	0.0775864	0.702207	0.0368561	0.182695	0.000648896	5.78119e-06
Cell_4	9.06447e-10	7.84966e-11	0.00119323	0.0152187	0.983588	6.7512e-14
Cell_5	7.75407e-07	0.999076	3.50903e-08	1.33548e-07	0.000922652	5.47866e-11
Cell_6	0.845485	0.118885	0.018489	0.0169808	0.00011135	4.92738e-05
Cell_7	3.33355e-18	2.05586e-19	0.20808	0.79192	1.98639e-22	2.45043e-22
Cell_8	8.14877e-09	0.999064	6.92565e-10	2.63579e-09	0.000935746	6.06815e-13
Cell_9	7.171e-08	0.998892	4.03464e-09	1.26033e-07	0.00110771	5.344e-12
Cell_10	9.43896e-11	4.36057e-10	0.20808	0.79192	4.01457e-13	7.03012e-15
Cell_11	0.00254514	0.0230159	0.202757	0.77166	2.12222e-05	1.89487e-07
Cell_12	0.935244	1.58311e-05	0.0134712	0.0512693	1.46292e-08	1.80214e-08
Cell_13	1.10879e-09	0.999041	1.61209e-10	1.57165e-09	0.000959151	7.8342e-14
Cell_14	4.73658e-16	3.70143e-16	0.20808	0.79192	3.63253e-19	3.27531e-20
Cell_15	4.66712e-16	1.42306e-16	0.20808	0.79192	1.33943e-19	3.47468e-20
Cell_16	0.0201556	0.141554	0.010659	0.827499	0.000130996	1.1654e-06
Cell_17	9.47409e-07	0.998945	5.37647e-08	2.0462e-07	0.00105401	5.47794e-11
Cell_18	0.000722611	0.000286444	0.00666905	0.992322	2.63009e-07	5.38531e-08
Cell_19	2.62531e-13	3.65639e-06	0.019908	0.980088	3.4032e-09	1.95614e-17
Cell_20	5.30589e-05	0.000817581	0.0888916	0.910237	7.51542e-07	3.95473e-09
Cell_21	7.75367e-07	0.999025	3.71206e-07	2.63809e-06	0.000970757	5.47838e-11
Cell_22	1.07613e-09	0.998998	5.11012e-10	1.94483e-09	0.00100203	7.83387e-14
Cell_23	0.00649812	0.0586099	0.00182612	0.93301	5.55189e-05	4.82528e-07
Cell_24	9.06233e-06	0.999059	1.2847e-06	4.88937e-06	0.000926168	6.746e-10
Cell_25	0.428061	0.509672	0.0128481	0.0488978	0.000505194	1.55989e-05
Cell_26	0.000189201	0.000618222	0.207912	0.79128	5.66857e-07	5.8525e-11
Cell_27	0.836493	8.04765e-17	0.0340227	0.129485	7.40087e-20	5.52462e-20
Cell_28	0.000631794	4.13662e-05	0.000301302	0.999025	3.80104e-08	4.70894e-08
Cell_29	0.303298	3.21066e-07	0.14497	0.551732	2.97947e-10	1.61676e-10
Cell_30	0.370801	0.146696	0.353602	0.128735	0.000138324	2.75797e-05
Cell_31	0.0653916	0.15881	0.0365096	0.739138	0.000146753	4.86048e-06
Cell_32	4.6346e-08	1.74366e-06	0.20808	0.791918	2.42552e-09	3.45089e-12
Cell_33	2.85757e-07	5.54279e-08	0.20808	0.791919	5.32285e-11	1.41019e-11
Cell_34	2.61927e-06	1.80756e-07	0.20808	0.791917	1.8252e-10	1.94947e-10
Cell_35	5.35271e-09	0.998748	6.08455e-05	0.000231568	0.000959082	3.98005e-13
Cell_36	1.16673e-05	0.999071	3.7099e-07	1.41193e-06	0.000915949	6.74608e-10
Cell_37	7.35538e-07	0.999076	2.33887e-08	5.98444e-08	0.000923565	5.47866e-11
Cell_38	0.900648	1.16972e-15	0.0206732	0.0786787	1.12302e-18	1.64632e-18
Cell_39	6.50781e-07	0.998981	2.11571e-08	8.05207e-08	0.00101803	4.78376e-11
Cell_40	9.15482e-18	0.999074	1.20903e-19	2.00861e-18	0.00092645	6.82359e-22
Cell_41	8.15359e-09	0.998945	4.70489e-10	1.46761e-08	0.00105544	6.06742e-13
Cell_42	7.37386e-07	0.999045	6.1798e-08	3.06332e-07	0.000954382	5.47849e-11
Cell_43	0.304083	4.0078e-15	0.144807	0.55111	3.69721e-18	3.29957e-20
Cell_44	5.63577e-06	5.09155e-05	0.208069	0.791875	4.99676e-08	4.19181e-10
Cell_45	1.18657e-05	0.904876	0.0664459	0.0278346	0.000831622	8.84311e-10
Cell_46	0.0581772	0.523444	0.00831861	0.409531	0.000524229	4.30945e-06
Cell_47	2.26504e-05	1.2792e-06	0.00363459	0.996341	1.29169e-09	1.68775e-09
Cell_48	8.25525e-09	0.999084	3.93692e-09	1.2298e-07	0.000916259	6.06827e-13
Cell_49	0.0237735	0.0577106	0.191113	0.727347	5.38721e-05	1.76627e-06
Cell_50	2.50702e-11	0.999062	2.23022e-12	2.67123e-12	0.000937896	1.79686e-15
Cell_51	0.0957768	0.865504	0.00433429	0.0335512	0.000826811	7.12559e-06
Cell_52	9.06771e-06	0.998827	7.78249e-07	2.96189e-06	0.00115979	6.74444e-10
Cell_53	0.00126265	0.997176	0.000134333	0.000511249	0.000915379	9.41099e-08
Cell_54	0.0986848	0.893182	0.00151857	0.00577944	0.000827753	7.35346e-06
Cell_55	0.118587	0.000337675	0.0038119	0.877262	1.34887e-06	2.78004e-09
Cell_56	5.23033e-07	4.73088e-06	0.0044069	0.995588	4.33868e-09	3.89487e-11
Cell_57	0.0235461	0.213117	0.00228693	0.760847	0.000200593	1.75457e-06
Cell_58	3.65274e-05	8.89189e-05	0.202499	0.797376	8.32835e-08	2.72143e-09
Cell_59	1.84985e-08	0.999072	8.97566e-09	3.93729e-07	0.000927131	1.36854e-12
Cell_60	1.06641e-05	4.10549e-06	0.782552	0.217433	3.92195e-09	7.71855e-10
Cell_61	8.01303e-16	1.93614e-10	0.0187833	0.981217	1.77481e-13	5.97271e-20
Cell_62	1.05318e-11	0.43606	0.117255	0.446254	0.000430646	7.84276e-16
Cell_63	0.00451614	0.0406335	0.198677	0.756133	3.98771e-05	3.34531e-07
Cell_64	9.40119e-05	6.32032e-05	0.521179	0.478664	5.89716e-08	3.4861e-09
Cell_65	6.29237e-05	0.998406	0.000126908	0.000482993	0.000921033	4.67875e-09
Cell_66	8.14204e-09	0.999081	4.52198e-10	1.72099e-09	0.00091866	6.06825e-13
Cell_67	2.94149e-08	0.995324	0.000249543	0.00350269	0.000923568	2.12901e-12
Cell_68	0.921322	4.80512e-15	0.0163714	0.0623067	4.55171e-18	9.0339e-19
Cell_69	1.83019e-15	0.999069	6.27092e-17	2.14615e-14	0.000930691	1.34534e-19
Cell_70	1.05364e-09	0.999071	1.62633e-11	1.02648e-09	0.000929369	7.83444e-14
Cell_71	0.649867	0.00483041	0.309921	0.0353775	4.4609e-06	3.97681e-08
Cell_72	0.000840044	0.661344	0.0701637	0.267032	0.000620854	6.26073e-08
Cell_73	2.92198e-06	7.11532e-06	0.208078	0.791912	6.79723e-09	2.17769e-10
Cell_74	7.34983e-07	0.998718	1.03293e-07	1.31074e-08	0.00128123	5.4767e-11
Cell_75	8.56182e-10	1.11256e-09	0.350936	0.649064	3.18958e-11	6.13655e-14
Cell_76	0.133814	1.60581e-10	0.0282565	0.83793	1.47351e-13	4.08547e-14
Cell_77	4.44918e-22	0.999083	7.05165e-24	2.68374e-23	0.000917304	3.31543e-26
Cell_78	0.000380826	1.95298e-05	0.207997	0.791603	1.80078e-08	2.83253e-08
Cell_79	8.22796e-19	0.999084	5.73262e-20	2.56169e-20	0.000915863	6.11305e-23
Cell_80	0.0646045	0.583659	0.0323331	0.318849	0.000549358	4.8052e-06
Cell_81	0.000142304	0.998187	2.08931e-06	7.95157e-06	0.00166095	1.04605e-08
Cell_82	0.0983713	0.888124	0.00263879	0.0100428	0.000816076	7.31181e-06
Cell_83	0.00310548	0.0278034	0.00148436	0.967575	3.14911e-05	2.28902e-07
Cell_84	1.26326e-12	1.14051e-11	4.86424e-12	1.85125e-11	1	9.38967e-17
Cell_85	2.46786e-09	0.999079	6.1015e-08	7.78194e-07	0.000920114	1.83925e-13
Cell_86	0.985231	4.58494e-11	0.0131058	0.00166307	4.20149e-14	2.30879e-14
Cell_87	0.293667	1.04116e-15	0.146974	0.559359	9.94614e-19	3.18654e-20
Cell_88	7.17157e-08	0.999041	2.34761e-09	8.93462e-09	0.0009594	5.3448e-12
Cell_89	1.80514e-15	0.999083	2.64701e-17	7.97688e-17	0.000916938	1.34536e-19
Cell_90	6.47627e-07	0.99904	1.47558e-08	6.59379e-09	0.00095915	1.13018e-14
Cell_91	1.07395e-07	0.999056	1.12235e-06	1.79152e-05	0.000924853	9.84798e-13
Cell_92	2.19587e-21	1.05214e-20	0.20808	0.79192	9.67313e-24	1.58934e-25
Cell_93	0.000582738	0.000327591	0.207891	0.791199	3.00294e-07	4.34316e-08
Cell_94	0.851741	0.0917392	0.0117296	0.0446411	8.57509e-05	6.29779e-05
Cell_95	0.218511	0.279909	0.104312	0.396995	0.000257619	1.5439e-05
Cell_96	3.31234e-07	0.998513	9.43161e-05	0.000358952	0.00103337	2.46772e-11
Cell_97	0.250901	0.011637	0.153445	0.583987	1.09246e-05	1.86896e-05
Cell_98	4.25642e-08	9.82622e-08	0.00291343	0.997086	1.0382e-10	3.00739e-12
Cell_99	0.0765599	0.692658	0.00457903	0.225429	0.000768115	5.70257e-06
Cell_100	0.1197	0.717498	0.00690707	0.155221	0.000668391	5.90707e-06
Cell_101	6.06234e-07	5.48706e-06	0.042143	0.957851	6.08481e-09	4.51743e-11
Cell_102	7.35041e-07	0.999078	3.52632e-07	2.28459e-07	0.000921031	5.47867e-11
Cell_103	8.43367e-08	1.23227e-07	0.000932792	0.999067	1.80244e-09	6.25346e-12
Cell_104	0.863613	4.6743e-08	0.121492	0.0148947	4.28957e-11	8.78796e-12
Cell_105	2.28592e-09	0.0682799	0.000155269	0.000142603	0.931422	1.69744e-13
Cell_106	7.44473e-06	6.73029e-05	0.504767	0.495158	6.19625e-08	5.54097e-10
Cell_107	1.0023e-10	3.13255e-06	1.7929e-09	6.82347e-09	0.999997	3.71666e-15
Cell_108	0.732654	1.22566e-14	0.0112668	0.256079	1.13261e-17	1.94887e-17
Cell_109	0.000105961	0.751562	0.000990545	0.246596	0.000744959	7.87597e-09
Cell_110	1.33393e-12	3.8997e-13	0.116576	0.883424	3.96747e-16	9.92156e-17
Cell_111	0.000570321	3.72888e-05	0.262177	0.737215	3.43581e-08	4.24479e-08
Cell_112	7.35128e-07	0.999031	3.4894e-07	2.64429e-06	0.000965274	5.47841e-11
Cell_113	0.200761	0.395549	0.100477	0.302791	0.000409359	1.21061e-05
Cell_114	5.21847e-09	2.06114e-09	0.0326218	0.967378	1.94001e-12	3.87506e-13
Cell_115	2.50363e-05	9.86434e-06	0.208073	0.791892	1.44285e-07	1.85455e-09
Cell_116	3.36828e-08	3.04843e-07	0.20808	0.791919	2.89901e-10	2.50974e-12
Cell_117	0.157649	0.378637	0.0964144	0.366937	0.000350131	1.15885e-05
Cell_118	0.917688	4.02857e-20	0.0171276	0.0651848	3.75301e-23	1.95993e-23
Cell_119	6.36707e-13	3.36106e-14	0.20808	0.79192	3.15346e-17	4.73048e-17
Cell_120	8.64535e-11	7.81424e-10	0.20808	0.79192	7.23743e-13	6.43337e-15
Cell_121	1.51693e-10	0.999066	1.30193e-11	2.36669e-09	0.000933668	1.13021e-14
Cell_122	1.31161e-05	0.999066	1.15892e-06	2.14345e-06	0.000917715	9.7636e-10
Cell_123	0.0929544	0.839218	0.0448782	0.0218943	0.00104811	6.90918e-06
Cell_124	0.0986323	0.891078	0.00821438	0.00122355	0.000844084	7.33614e-06
Cell_125	9.2108e-06	0.999065	7.6158e-07	2.99025e-06	0.000922465	6.74604e-10
Cell_126	7.29717e-08	0.998984	2.08595e-09	7.93879e-09	0.00101634	5.34449e-12
Cell_127	0.0568204	0.90261	0.0082612	0.0314408	0.000866795	6.8346e-07
Cell_128	4.66264e-13	1.13388e-12	0.691151	0.308849	1.04055e-15	3.47032e-17
Cell_129	0.000140459	0.998629	3.14535e-06	1.19707e-05	0.00121586	1.04651e-08
Cell_130	0.00843314	0.00112146	0.000218102	0.990226	1.05555e-06	5.64719e-07
Cell_131	0.00245585	0.000686829	0.0420107	0.954846	6.44779e-07	1.74742e-07
Cell_132	0.92587	0.000175051	0.0130085	0.0609461	1.60791e-07	1.64411e-07
Cell_133	0.0684249	0.616758	0.065251	0.248335	0.00122627	5.07769e-06
Cell_134	0.00194635	1.09312e-05	0.0287124	0.96933	1.03735e-08	7.7686e-15
Cell_135	7.2978e-08	0.999071	3.46512e-08	2.15276e-06	0.000927044	5.34496e-12
Cell_136	4.86991e-10	1.42488e-10	0.704768	0.295232	1.30708e-13	3.62516e-14
Cell_137	5.90779e-09	4.54485e-08	0.0105974	0.989403	4.42282e-11	3.74172e-13
Cell_138	6.28453e-05	0.999013	1.8886e-06	7.18772e-06	0.000915463	4.68159e-09
Cell_139	0.0798608	0.722987	0.0408391	0.155427	0.00088026	5.95226e-06
Cell_140	5.42191e-08	0.999078	2.57771e-08	7.81117e-09	0.000921562	4.04108e-12
Cell_141	0.0283319	4.71735e-23	0.000399258	0.971269	4.33631e-26	4.1096e-27
Cell_142	5.52296e-08	2.18499e-08	0.20808	0.79192	2.47479e-11	4.1079e-12
Cell_143	0.000446849	0.000153653	0.207955	0.791444	1.4555e-07	4.70266e-09
Cell_144	4.31213e-10	3.08642e-10	0.887394	0.112606	2.93513e-13	2.7311e-14
Cell_145	7.67302e-15	0.998536	6.37201e-16	2.42508e-15	0.00146382	5.64028e-19
Cell_146	0.000650035	0.000190308	0.298822	0.700337	1.75651e-07	4.84179e-08
Cell_147	7.35154e-07	0.999078	1.12714e-08	8.72505e-08	0.000920817	5.47867e-11
Cell_148	2.41121e-11	0.999034	4.41867e-13	4.00116e-10	0.000966496	1.79681e-15
Cell_149	0.00298874	0.99565	4.26874e-05	0.000162461	0.0011561	2.22631e-07
Cell_150	0.0802991	0.725889	0.040188	0.152949	0.000669634	5.97615e-06
Cell_151	9.75572e-06	0.999059	4.17812e-07	1.59013e-06	0.000929358	6.74601e-10
Cell_152	3.75183e-05	4.67464e-06	0.208072	0.791886	4.31472e-09	2.78193e-09
Cell_153	7.37759e-07	0.999018	1.55787e-07	5.92901e-07	0.00098042	5.47834e-11
Cell_154	0.907473	0.0033022	0.0185651	0.0706556	3.83435e-06	1.01066e-07
Cell_155	9.94411e-06	0.00781907	0.0197521	0.972412	7.35955e-06	7.37935e-10
Cell_156	4.22526e-09	0.996451	0.000314345	0.00232181	0.000912944	3.14934e-13
Cell_157	1.51683e-10	0.999083	2.06272e-12	6.96375e-11	0.000916619	1.13023e-14
Cell_158	0.29869	7.39419e-10	0.145929	0.555381	6.83282e-13	6.08754e-15
Cell_159	0.0002902	1.89916e-05	0.208016	0.791675	1.64764e-07	2.16192e-08
Cell_160	4.93128e-19	2.95599e-15	0.00621017	0.99379	2.7118e-18	3.67085e-23
Cell_161	9.05267e-06	0.999068	5.04198e-07	1.98537e-06	0.000920441	6.74607e-10
Cell_162	3.04011e-09	7.39995e-09	0.143536	0.856464	6.78402e-12	2.26481e-13
Cell_163	6.82111e-12	0.993485	0.00328709	0.00223162	0.000996504	5.05271e-16
Cell_164	9.32022e-06	0.999036	4.43599e-06	1.68826e-05	0.000933824	6.74585e-10
Cell_165	3.21319e-05	2.19001e-06	0.208073	0.791893	2.17077e-09	2.36195e-09
Cell_166	8.71919e-07	5.94272e-08	0.0589543	0.941045	5.96078e-11	6.4093e-11
Cell_167	1.06117e-07	9.65856e-07	0.20808	0.791918	7.06939e-07	7.86841e-12
Cell_168	1.64246e-14	0.999077	9.32081e-16	4.16512e-16	0.000923227	1.34535e-19
Cell_169	0.0990797	0.896871	0.00177245	0.00143926	0.000829843	7.38383e-06
Cell_170	3.6921e-14	9.62089e-11	0.16787	0.83213	9.78807e-14	1.36908e-18
Cell_171	1.37428e-10	7.9826e-12	0.20808	0.79192	7.33377e-15	1.02332e-14
Cell_172	0.0992665	0.883086	0.00307083	0.0116871	0.00288227	7.27034e-06
Cell_173	0.303199	0.00478812	0.143992	0.548011	5.35134e-06	4.84625e-06
Cell_174	6.39486e-10	6.74828e-11	0.20808	0.79192	8.65723e-14	4.75957e-14
Cell_175	4.59496e-16	0.999069	5.51388e-14	9.10396e-14	0.000930691	3.24658e-20
Cell_176	7.35051e-07	0.999082	3.50195e-07	1.33278e-06	0.000915374	5.4787e-11
Cell_177	7.51737e-07	0.999056	1.16354e-08	4.42823e-08	0.000943146	5.47855e-11
Cell_178	0.0784595	0.709301	0.0438056	0.167743	0.000685334	5.83959e-06
Cell_179	3.81655e-10	7.10418e-07	0.0222884	0.977711	6.52974e-10	2.83783e-14
Cell_180	0.0990233	0.893142	0.00145757	0.00554726	0.00082255	7.35313e-06
Cell_181	9.92873e-06	4.30403e-06	0.672097	0.327889	3.95721e-09	7.29841e-10
Cell_182	0.0808623	0.730314	0.0387932	0.147641	0.00238365	6.01259e-06
Cell_183	0.980929	1.08504e-24	0.0139963	0.00507492	1.59064e-27	1.13707e-32
Cell_184	3.33213e-07	0.999054	6.00038e-07	2.28365e-06	0.000943144	2.48108e-11
Cell_185	0.000140514	0.99849	9.17555e-06	3.49206e-05	0.00132522	1.04636e-08
Cell_186	0.0120728	0.00477849	0.204573	0.778571	4.40609e-06	8.98384e-07
Cell_187	3.61071e-06	0.999066	1.71853e-06	6.54044e-06	0.000921642	2.69097e-10
Cell_188	0.00100957	0.000397272	0.360435	0.638158	4.04175e-07	7.46894e-08
Cell_189	2.44127e-08	0.0133083	0.0306486	0.956031	1.22903e-05	1.81884e-12
Cell_190	6.81555e-12	0.998772	3.23386e-12	1.23075e-11	0.00122848	5.0796e-16
Cell_191	0.0467985	0.423655	0.0223002	0.506854	0.000388658	3.4879e-06
Cell_192	0.0650333	0.087801	0.0313989	0.815678	8.43172e-05	4.84284e-06
Cell_193	2.37566e-16	0.998727	4.43746e-18	2.64778e-17	0.00127284	8.80929e-21
Cell_194	1.03246e-06	5.50556e-05	0.208069	0.791875	5.09491e-08	6.90374e-11
Cell_195	1.86971e-05	0.00614652	0.206796	0.787032	7.13097e-06	1.37438e-09
Cell_196	0.0279355	0.967878	0.000610891	0.00232495	0.00125023	1.17954e-10
Cell_197	0.765975	0.183342	0.0105105	0.0400013	0.00017134	1.32976e-10
Cell_198	0.0810716	0.733135	0.0385179	0.146593	0.000676699	6.03581e-06
Cell_199	0.02247	0.762458	0.0860849	0.128285	0.000702206	2.32997e-12
Cell_200	2.58258e-19	0.999069	4.58832e-21	1.14226e-18	0.000930691	1.9218e-23
Cell_201	0.0906444	0.697325	0.0439816	0.167387	0.000656344	5.74099e-06
Cell_202	7.35068e-07	0.999082	2.98624e-08	1.13651e-07	0.00091685	5.4787e-11
Cell_203	0.037742	0.340596	0.0193005	0.602045	0.000313473	2.80408e-06
Cell_204	3.241e-08	3.50761e-09	0.20808	0.79192	3.25939e-12	2.40794e-12
Cell_205	7.17194e-08	0.999075	3.99236e-09	1.51943e-08	0.000924557	5.34498e-12
Cell_206	1.0824e-09	0.999044	1.95076e-10	1.58692e-11	0.000955983	7.83423e-14
Cell_207	1.14513e-07	1.03671e-06	0.733101	0.266897	9.60184e-10	8.5351e-12
Cell_208	4.91571e-18	4.45037e-17	0.0326218	0.967378	4.0971e-20	3.66394e-22
Cell_209	0.00259254	0.0233834	0.000214481	0.973785	2.40755e-05	1.92513e-07
Cell_210	1.13828e-07	0.983829	8.35356e-05	0.0151854	0.000901617	8.48024e-12
Cell_211	1.51788e-10	0.99906	4.005e-12	1.52424e-11	0.000940346	1.1302e-14
Cell_212	2.68996e-07	6.54915e-07	0.20808	0.791919	6.12166e-10	2.00441e-11
Cell_213	0.291003	0.671259	0.00771923	0.0293781	0.000619559	2.05444e-05
Cell_214	4.64423e-05	0.0678674	0.0858108	0.846212	6.32225e-05	3.45048e-09
Cell_215	0.14182	0.11838	0.0688128	0.670866	0.000109856	1.04752e-05
Cell_216	2.70026e-18	0.999064	1.50193e-19	5.71609e-19	0.000935746	2.0078e-22
Cell_217	7.1755e-08	0.99908	2.21975e-09	8.44802e-09	0.000919519	5.34501e-12
Cell_218	0.342579	2.00556e-12	0.0304756	0.626946	2.78984e-15	1.77467e-16
Cell_219	0.263419	0.632672	0.021496	0.0818101	0.000583642	1.93634e-05
Cell_220	0.0448413	0.125461	0.171782	0.657797	0.00011496	3.30483e-06
Cell_221	7.36797e-07	0.99905	1.07196e-08	1.36359e-07	0.0009489	5.47852e-11
Cell_222	0.0973708	0.880407	0.00444266	0.0169081	0.000864307	7.24828e-06
Cell_223	0.00297262	0.988139	0.00165968	0.00631647	0.000911562	2.20951e-07
Cell_224	0.00140512	0.995541	0.000394869	0.00150281	0.00115597	9.39555e-08
Cell_225	4.9197e-10	2.70436e-10	8.71631e-05	0.999913	2.49252e-13	3.58541e-14
Cell_226	5.92629e-07	0.804842	0.0404536	0.15396	0.000743739	4.41354e-11
Cell_227	2.693e-06	0.999067	4.02193e-08	1.47142e-05	0.00091515	2.05217e-17
Cell_228	7.51743e-07	0.999063	6.27664e-08	2.38879e-07	0.000935745	5.47859e-11
Cell_229	7.17091e-08	0.997615	5.92915e-09	2.25654e-08	0.00238471	5.33717e-12
Cell_230	5.02347e-15	1.51859e-15	0.299073	0.700927	1.40426e-18	8.12434e-27
Cell_231	7.44522e-06	3.56047e-07	0.504801	0.495191	3.26358e-10	2.7608e-10
Cell_232	0.0978675	0.885219	0.00198888	0.0135565	0.00136057	7.2879e-06
Cell_233	0.0984939	0.443624	0.0939253	0.357465	0.00648885	3.6523e-06
Cell_234	9.21062e-06	0.999045	4.40248e-06	1.67551e-05	0.000924529	6.74591e-10
Cell_235	0.0029866	0.995424	0.000135156	0.00051438	0.000939718	2.2258e-07
Cell_236	9.54125e-21	0.999084	2.17533e-22	3.59168e-22	0.000915961	7.11163e-25
Cell_237	7.17139e-08	0.999062	4.53379e-09	1.72549e-08	0.000937896	5.34491e-12
Cell_238	9.07656e-06	0.997512	4.4781e-06	1.70429e-05	0.00245755	6.73556e-10
Cell_239	0.25197	0.613128	0.119651	0.014669	0.000563203	1.87652e-05
Cell_240	1.31805e-05	0.999045	2.77881e-07	1.05757e-06	0.000940332	9.76339e-10
Cell_241	8.99341e-07	8.14174e-06	0.0310193	0.968972	7.87657e-09	6.703e-11
Cell_242	0.0968232	0.873298	0.0150892	0.0139806	0.000801663	7.18976e-06
Cell_243	0.000140697	0.998605	6.76831e-05	0.000257591	0.000928936	1.04648e-08
Cell_244	7.92245e-06	0.00137007	0.00290941	0.995711	1.27286e-06	5.90174e-10
Cell_245	0.000142309	0.998227	2.2178e-05	8.44057e-05	0.00152403	1.04609e-08
Cell_246	0.23865	0.574751	0.119439	0.0666092	0.000532326	1.75907e-05
Cell_247	1.29784e-05	5.84555e-05	0.208065	0.791863	6.53316e-08	4.81257e-10
Cell_248	3.41099e-09	0.999075	2.43983e-10	1.35375e-09	0.000925328	2.54237e-13
Cell_249	3.63703e-17	3.11097e-17	0.0040008	0.995999	3.37093e-20	2.71018e-21
Cell_250	0.0966266	0.873799	0.00597649	0.0227456	0.00084534	7.19388e-06
Cell_251	0.17363	0.228228	0.124415	0.473505	0.000209752	1.25884e-05
Cell_252	1.16198e-08	8.5567e-10	0.551871	0.448129	7.84692e-13	4.30879e-13
Cell_253	0.071193	4.16545e-17	0.00580961	0.922997	3.96127e-20	7.83129e-21
Cell_254	3.50804e-05	2.95011e-05	0.208067	0.791868	8.45761e-07	2.61048e-09
Cell_255	0.000540325	0.00131453	0.207694	0.790449	2.00695e-06	4.02322e-08
Cell_256	0.241778	0.203324	0.115419	0.439266	0.000195257	1.79917e-05
Cell_257	0.156961	0.381333	0.0959934	0.365335	0.000366202	1.1671e-05
Cell_258	0.00302875	0.987152	0.00185231	0.00704958	0.000917114	2.20731e-07
Cell_259	0.86121	9.46634e-07	0.0288793	0.10991	9.21218e-10	5.22135e-11
Cell_260	0.0945771	0.852484	0.0453729	0.00675836	0.000800293	7.0184e-06
Cell_261	0.829253	6.86357e-05	0.0355148	0.135163	8.86579e-08	5.6507e-10
Cell_262	9.75564e-06	0.99905	6.97806e-07	3.45902e-06	0.000935733	6.74595e-10
Cell_263	0.0991929	0.897848	0.00163606	0.000492817	0.000822915	7.39187e-06
Cell_264	1.32302e-11	2.98213e-12	0.00440692	0.995593	2.82486e-15	9.85818e-16
Cell_265	0.0809832	0.730429	0.0390997	0.148807	0.000675438	6.01353e-06
Cell_266	2.06093e-11	0.0012691	1.29346e-09	4.92269e-09	0.998731	1.53119e-15
Cell_267	6.71155e-31	0.999036	3.7275e-32	2.5406e-29	0.000964445	4.92709e-35
Cell_268	0.000552071	0.00134435	0.207685	0.790417	1.45669e-06	4.11448e-08
Cell_269	1.154e-14	6.9259e-16	0.350936	0.649064	6.36195e-19	8.58552e-19
Cell_270	3.2314e-17	0.998945	1.73741e-18	1.40703e-16	0.00105544	2.40462e-21
Cell_271	4.33184e-09	5.13775e-09	0.20808	0.79192	4.74769e-12	2.83383e-13
Cell_272	7.35797e-07	0.999082	3.5062e-07	1.3344e-06	0.000915677	5.47869e-11
Cell_273	7.26667e-08	0.999073	2.95313e-09	1.12392e-08	0.000927046	5.34497e-12
Cell_274	7.35233e-07	0.99908	1.9597e-08	7.4583e-08	0.000919518	5.47868e-11
Cell_275	1.45376e-17	5.97615e-12	2.05615e-11	1.59164e-10	1	1.08357e-21
Cell_276	4.42358e-11	2.24204e-12	0.0920694	0.907931	2.26393e-15	3.29177e-15
Cell_277	0.0941172	0.840334	0.0497725	0.0149926	0.000777068	6.91836e-06
Cell_278	0.00125992	0.993613	5.1417e-05	0.00416397	0.000911831	9.37735e-08
Cell_279	0.0810306	0.733473	0.0384567	0.14636	0.00067393	6.03859e-06
Cell_280	1.29797e-05	1.23839e-06	0.0920681	0.907918	1.14013e-09	9.60253e-10
Cell_281	0.000148038	0.998114	2.59091e-06	0.000211195	0.00152386	1.04597e-08
Cell_282	8.14684e-09	0.999069	1.34808e-10	1.32241e-10	0.000930691	6.06818e-13
Cell_283	0.90726	0.0027782	0.0187183	0.0712386	5.00189e-06	1.53237e-07
Cell_284	0.0985816	0.891895	0.00556677	0.00310449	0.000844858	7.34286e-06
Cell_285	0.000582804	4.60775e-05	0.207949	0.791422	4.33697e-08	4.3277e-08
Cell_286	2.78999e-12	6.92872e-11	0.299073	0.700927	1.01573e-13	2.07926e-16
Cell_287	6.78471e-07	1.9813e-07	0.504805	0.495195	1.85197e-10	5.04078e-11
Cell_288	3.39134e-05	0.000298146	0.208011	0.791657	2.79893e-07	2.4546e-09
Cell_289	1.18351e-16	0.999068	9.78009e-18	4.64954e-17	0.00093164	8.8123e-21
Cell_290	1.01554e-10	1.47504e-10	0.20808	0.79192	1.3595e-13	7.48544e-15
Cell_291	3.41278e-08	7.45617e-08	0.20808	0.79192	6.98362e-11	2.28201e-12
Cell_292	0.0052669	0.873441	0.0363062	0.0599451	0.0250405	1.95304e-07
Cell_293	0.000140782	0.998904	2.62152e-06	2.40391e-06	0.00094994	1.0468e-08
Cell_294	3.29033e-12	1.48199e-11	0.20808	0.79192	1.46897e-14	1.2201e-16
Cell_295	8.15308e-09	0.999069	1.86219e-10	3.07466e-10	0.000930691	6.06818e-13
Cell_296	2.22942e-06	2.42062e-07	0.150831	0.849166	2.24887e-10	1.66172e-10
Cell_297	4.7993e-09	0.00585209	0.206861	0.787281	5.6615e-06	3.20913e-13
Cell_298	1.63651e-06	3.9818e-06	0.0105973	0.989397	3.70928e-09	1.21866e-10
Cell_299	2.11244e-09	0.998918	3.04138e-10	4.35219e-08	0.00108239	7.83324e-14
Cell_300	1.05014e-09	0.998085	5.00408e-10	1.90447e-09	0.00191476	7.82671e-14
Cell_301	6.73968e-06	4.05156e-07	0.455009	0.544984	3.7243e-10	5.02242e-10
Cell_302	0.732068	0.212091	0.0407733	0.014784	0.000229814	5.39599e-05
Cell_303	0.0828563	0.749988	0.0414678	0.124965	0.00071646	6.17456e-06
Cell_304	0.0903025	0.694694	0.0445525	0.169559	0.000885361	5.71933e-06
Cell_305	2.60331e-27	0.999075	5.91533e-29	3.38926e-29	0.000925328	1.94037e-31
Cell_306	0.00031723	0.0187956	0.2041	0.77677	1.80498e-05	2.35689e-08
Cell_307	3.54434e-18	7.16083e-13	4.42321e-08	1.6834e-07	1	2.64111e-22
Cell_308	9.15632e-18	0.999074	1.27673e-19	4.85901e-19	0.000925888	6.82359e-22
Cell_309	0.071562	0.647724	0.034551	0.245548	0.000609658	5.33264e-06
Cell_310	0.512136	0.0274003	0.0958003	0.3646	2.53374e-05	3.81713e-05
Cell_311	0.0850419	0.654225	0.0122439	0.247878	0.000605428	5.38615e-06
Cell_312	2.177e-07	4.89277e-08	0.00120123	0.998799	4.80329e-11	1.61743e-11
Cell_313	0.096806	0.875527	0.00558603	0.0212595	0.000814444	7.2081e-06
Cell_314	4.8551e-18	6.47042e-18	0.20808	0.79192	5.93283e-21	3.56889e-22
Cell_315	0.842612	6.58007e-10	0.0716137	0.0857747	6.2859e-13	5.82254e-14
Cell_316	1.51883e-10	0.999079	6.64644e-12	2.52953e-11	0.000921217	1.13023e-14
Cell_317	3.04778e-10	3.08201e-08	0.20808	0.79192	2.87727e-11	2.03795e-14
Cell_318	7.56478e-08	0.999064	6.49258e-09	3.62079e-09	0.000935746	5.34492e-12
Cell_319	0.00413264	0.0373891	0.199433	0.75901	3.43842e-05	3.0782e-07
Cell_320	1.02145e-17	9.22195e-17	0.20808	0.79192	2.20443e-19	7.59232e-22
Cell_321	7.83531e-13	0.999083	2.06261e-14	7.84997e-14	0.000917466	5.82601e-17
Cell_322	3.29621e-08	1.85274e-08	0.20808	0.79192	1.70309e-11	2.45634e-12
Cell_323	0.0132341	0.11978	0.635498	0.231363	0.000123961	9.86131e-07
Cell_324	4.90506e-13	2.73414e-13	0.0310196	0.96898	2.50535e-16	3.62489e-17
Cell_325	8.35504e-20	0.999084	1.69439e-21	6.44858e-21	0.000915927	6.22726e-24
Cell_326	0.915782	3.31104e-10	0.0175241	0.0666939	3.07612e-13	1.6673e-13
Cell_327	7.95453e-13	0.999071	1.07606e-14	4.50767e-15	0.000929369	5.82594e-17
Cell_328	1.51738e-10	0.999076	7.29946e-11	2.77806e-10	0.000923566	1.13022e-14
Cell_329	2.7281e-14	0.999078	7.29805e-16	2.77752e-15	0.000921653	5.64335e-19
Cell_330	4.05569e-10	0.999071	2.85789e-06	1.08767e-05	0.000915516	3.02296e-14
Cell_331	0.29985	0.000944843	0.14549	0.553713	8.68907e-07	9.56315e-07
Cell_332	1.56781e-13	0.999068	2.20553e-15	1.93051e-16	0.00093164	1.16837e-17
Cell_333	0.000740091	0.00464529	0.206959	0.787651	4.29262e-06	5.47529e-08
Cell_334	0.000113078	0.998707	5.3927e-05	0.000205237	0.000920874	8.42618e-09
Cell_335	1.9061e-15	1.19059e-16	0.20808	0.79192	1.09442e-19	1.4191e-19
Cell_336	0.0978627	0.873776	0.00564701	0.0214916	0.00121547	7.19369e-06
Cell_337	0.181389	0.400797	0.0868395	0.330497	0.000465387	1.22667e-05
Cell_338	5.25531e-07	4.75099e-06	0.00291341	0.997081	4.8916e-09	3.91143e-11
Cell_339	8.13373e-12	0.999079	1.58342e-13	6.02623e-13	0.000920557	6.0588e-16
Cell_340	1.12592e-10	9.45681e-10	0.20808	0.79192	1.0487e-12	7.78568e-15
Cell_341	2.17327e-11	1.38671e-07	0.00120123	0.998799	2.11714e-10	1.45319e-15
Cell_342	0.0958468	0.867586	0.0157699	0.0188883	0.00190194	7.14273e-06
Cell_343	1.0033e-05	9.07398e-05	0.0121962	0.987703	8.36318e-08	7.4705e-10
Cell_344	1.84489e-12	3.85912e-13	0.682297	0.317703	3.56613e-16	1.27573e-16
Cell_345	0.0757622	0.684916	0.072248	0.166426	0.000641508	5.63883e-06
Cell_346	3.85473e-25	2.40964e-26	0.359702	0.640298	2.21223e-29	2.87211e-29
Cell_347	0.011493	0.0517655	0.194906	0.74178	5.46933e-05	4.26179e-07
Cell_348	1.25483e-13	0.00440697	0.00145856	0.99413	4.92537e-06	8.86602e-18
Cell_349	0.370174	0.207811	0.189299	0.226731	0.00595769	2.75513e-05
Cell_350	9.13805e-06	0.997511	4.5734e-06	1.74056e-05	0.00245755	6.73556e-10
Cell_351	3.76253e-05	0.0550894	2.69607e-05	8.94344e-05	0.944757	2.80083e-09
Cell_352	0.0414006	0.863304	0.0196639	0.0748377	0.000791275	2.3449e-06
Cell_353	3.39688e-08	8.21105e-08	0.20808	0.79192	7.55952e-11	2.51305e-12
Cell_354	7.68218e-09	0.999064	2.74836e-06	1.04598e-05	0.000922641	5.72407e-13
Cell_355	0.106078	0.861552	0.00656105	0.0249703	0.00083244	7.09305e-06
Cell_356	3.3684e-14	0.999058	7.65024e-16	2.91156e-15	0.000942041	2.49513e-18
Cell_357	1.49823e-07	1.24007e-07	0.20808	0.791919	1.19087e-10	1.09731e-11
Cell_358	0.0789554	0.694129	0.037982	0.188276	0.000651632	5.71468e-06
Cell_359	3.2355e-17	0.999062	5.35734e-19	2.03892e-18	0.000937896	2.4049e-21
Cell_360	0.0988152	0.894197	0.00401189	0.00214841	0.000819868	7.36182e-06
Cell_361	6.21099e-10	4.16357e-10	0.20808	0.79192	3.94399e-13	4.60906e-14
Cell_362	3.85242e-17	8.68351e-18	0.20808	0.79192	7.96677e-21	2.87055e-21
Cell_363	0.0103347	0.0924836	0.186664	0.710412	0.00010475	7.61406e-07
Cell_364	0.0771318	0.695239	0.0471719	0.179529	0.000922741	5.72382e-06
Cell_365	6.24246e-09	1.82375e-09	0.00440692	0.995593	1.69435e-12	4.63994e-13
Cell_366	2.49535e-09	2.20891e-08	1.18658e-06	2.87927e-07	0.999999	1.81857e-13
Cell_367	1.01626e-10	2.26597e-11	0.20808	0.79192	2.1328e-14	7.49072e-15
Cell_368	0.000141037	0.998728	6.17182e-06	0.000192794	0.00093186	1.04661e-08
Cell_369	9.07923e-06	0.998986	8.65809e-06	7.20238e-05	0.000924474	6.74551e-10
Cell_370	1.18251e-16	0.999084	5.62571e-17	2.14106e-16	0.000915513	8.81244e-21
Cell_371	0.500798	0.0382166	0.240255	0.220656	3.83327e-05	3.58939e-05
Cell_372	0.28639	0.0514441	0.137769	0.524328	4.73621e-05	2.13218e-05
Cell_373	2.79058e-20	0.999046	5.22428e-22	1.98827e-21	0.000954383	2.07613e-24
Cell_374	7.83292e-13	0.999084	1.09922e-13	1.00956e-13	0.000915784	5.82602e-17
Cell_375	8.25522e-09	0.99908	7.29421e-10	1.19815e-06	0.000919254	6.06824e-13
Cell_376	0.000140533	0.998872	7.88893e-06	3.0024e-05	0.000949909	1.04676e-08
Cell_377	0.0942547	0.834355	0.014689	0.0559038	0.000790353	6.86915e-06
Cell_378	0.00126603	0.994681	0.000603283	0.002296	0.00115399	9.38743e-08
Cell_379	0.836365	3.82277e-09	0.0340491	0.129585	3.60884e-12	2.10853e-13
Cell_380	0.000984038	0.00890771	0.20602	0.78408	8.17796e-06	7.33361e-08
Cell_381	1.4323e-10	1.12695e-07	2.82873e-12	6.39055e-10	1	1.06685e-14
Cell_382	4.06029e-07	2.28141e-07	0.281003	0.718997	2.14378e-10	3.02467e-11
Cell_383	0.000234313	0.335874	0.138077	0.525499	0.000315311	1.70764e-08
Cell_384	3.0686e-07	1.14967e-05	0.0219844	0.978004	1.05812e-08	2.27532e-11
Cell_385	0.29869	1.92349e-09	0.145929	0.555381	1.79793e-12	9.68588e-13
Cell_386	0.921212	0.000118729	0.0163694	0.0622993	1.12085e-07	2.23218e-08
Cell_387	0.0129008	0.319224	0.138907	0.528657	0.000310192	9.57969e-07
Cell_388	3.36828e-08	7.42572e-09	0.20808	0.79192	7.12923e-12	2.45476e-12
Cell_389	1.37438e-09	3.34623e-09	0.455013	0.544987	3.28394e-12	1.02414e-13
Cell_390	5.56973e-11	1.25505e-11	0.672106	0.327894	1.20525e-14	4.14888e-15
Cell_391	9.03468e-06	0.99601	1.26972e-06	8.99784e-07	0.00397863	6.72542e-10
Cell_392	2.38382e-09	0.99905	2.52787e-10	7.8965e-09	0.000950477	1.7767e-13
Cell_393	0.00023149	0.000312792	0.0920193	0.907436	2.98808e-07	1.72526e-08
Cell_394	0.0820538	0.72996	0.0389682	0.148307	0.000705295	6.00967e-06
Cell_395	2.80491e-12	1.25942e-11	0.20808	0.79192	1.23597e-14	1.03686e-16
Cell_396	5.03826e-06	0.754766	0.0350984	0.209428	0.000702109	3.55061e-10
Cell_397	1.00823e-10	9.68946e-12	0.20808	0.79192	8.91073e-15	7.51324e-15
Cell_398	7.36224e-07	0.999056	2.49476e-08	9.49465e-08	0.000943146	5.47855e-11
Cell_399	2.52787e-23	0.998476	1.45866e-24	5.55144e-24	0.00152441	1.88393e-27
Cell_400	3.24032e-06	2.11819e-07	0.00120123	0.998795	1.98851e-10	2.41125e-10
Cell_401	0.0951183	0.851594	0.0451916	0.00730184	0.000787481	7.01107e-06
Cell_402	7.44778e-08	0.997785	3.6745e-08	1.39846e-07	0.00221505	5.33808e-12
Cell_403	2.88107e-05	1.14217e-05	0.160309	0.83965	1.05786e-08	2.14735e-09
Cell_404	1.21428e-11	9.9183e-13	0.143536	0.856464	9.17273e-16	7.69068e-16
Cell_405	2.68404e-13	7.46332e-13	0.320538	0.679462	6.8567e-16	2.00018e-17
Cell_406	0.25389	0.618137	0.120488	0.00689689	0.000568458	1.89185e-05
Cell_407	1.90667e-15	1.5941e-15	0.20808	0.79192	1.46505e-18	1.41058e-19
Cell_408	7.17332e-08	0.998966	1.03278e-08	5.75962e-09	0.00103384	5.3444e-12
Cell_409	0.000140979	0.991596	0.00152763	0.00581392	0.000921243	1.03914e-08
Cell_410	0.23587	0.130294	0.131691	0.501196	0.000944883	3.98774e-06
Cell_411	7.43689e-05	1.3357e-05	0.0559931	0.943919	3.82929e-07	5.53602e-09
Cell_412	0.631958	2.4571e-06	0.0114164	0.356623	2.29259e-09	3.14984e-09
Cell_413	0.00014201	0.998852	1.17642e-05	4.47728e-05	0.00094989	1.04674e-08
Cell_414	1.07781e-06	0.957032	0.0019807	0.0400993	0.000886423	8.03281e-11
Cell_415	0.00901647	0.0633235	0.00646081	0.921121	7.78874e-05	5.21335e-07
Cell_416	0.000228281	6.38787e-09	0.208033	0.791739	5.99679e-12	3.8015e-12
Cell_417	6.38809e-13	0.999077	6.92207e-12	2.63443e-11	0.000923227	4.76077e-17
Cell_418	1.31044e-05	0.998438	3.42471e-07	0.000562542	0.000986043	9.75746e-10
Cell_419	1.94579e-05	0.000174206	0.842473	0.157333	3.46367e-07	1.43422e-09
Cell_420	7.35592e-07	0.999079	4.24461e-08	1.61543e-07	0.00092045	5.47868e-11
Cell_421	1.05654e-09	0.999028	4.52488e-11	1.41347e-09	0.000972205	7.8341e-14
Cell_422	9.45862e-07	8.48592e-06	4.73383e-07	1.80162e-06	0.999988	6.98636e-11
Cell_423	1.36117e-16	8.48458e-18	0.20808	0.79192	7.79771e-21	1.0113e-20
Cell_424	0.0988612	0.0143079	0.0522813	0.834529	1.31409e-05	7.20486e-06
Cell_425	0.592215	0.00082915	0.0846793	0.322276	7.87529e-07	6.82629e-09
Cell_426	2.99325e-06	5.8342e-06	0.208078	0.791913	5.47701e-09	2.18144e-10
Cell_427	1.44141e-07	0.99907	2.72577e-09	9.88335e-10	0.000929369	5.34496e-12
Cell_428	9.05313e-06	0.997698	1.26923e-06	0.00135941	0.000932573	6.73681e-10
Cell_429	0.282932	0.0572297	0.137282	0.522471	6.64524e-05	1.89187e-05
Cell_430	0.29962	0.0155562	0.142491	0.542296	1.46038e-05	2.22488e-05
Cell_431	0.122686	2.16473e-23	0.0583459	0.818968	1.99914e-26	1.91552e-27
Cell_432	0.0169708	0.0228958	0.336938	0.623173	2.12058e-05	1.26287e-06
Cell_433	1.17623e-08	0.999062	9.59846e-10	1.16768e-09	0.000937896	8.75982e-13
Cell_434	0.144182	0.522903	0.0691707	0.263252	0.000480572	1.07122e-05
Cell_435	7.35021e-07	0.999053	6.77261e-06	4.22305e-06	0.000935324	5.47853e-11
Cell_436	0.980982	4.34577e-10	0.0139423	0.00507592	4.03284e-13	2.98332e-13
Cell_437	0.797173	1.35265e-15	0.0113579	0.191469	1.2691e-18	9.28576e-19
Cell_438	6.38953e-10	3.44691e-11	0.20808	0.79192	3.16491e-14	4.76243e-14
Cell_439	0.000141173	0.997889	6.81601e-05	0.000869323	0.00103273	1.04573e-08
Cell_440	5.69311e-05	0.00641679	0.900235	0.0932853	5.87778e-06	4.24304e-09
Cell_441	2.49995e-05	0.00147908	0.207767	0.790726	2.9408e-06	1.85471e-09
Cell_442	0.0959309	0.868058	0.00731822	0.0278519	0.000833614	7.14662e-06
Cell_443	7.26327e-12	0.0215937	0.392893	0.585493	1.97901e-05	5.41318e-16
Cell_444	0.000148073	0.998348	8.46106e-06	3.22014e-05	0.00146354	1.04621e-08
Cell_445	0.214074	0.288915	0.103358	0.393363	0.000273679	1.59357e-05
Cell_446	0.893118	1.15153e-05	0.0222377	0.084633	1.3371e-08	6.35151e-10
Cell_447	0.0489772	0.443325	0.0467054	0.460579	0.000409413	3.64984e-06
Cell_448	0.0307906	0.277313	0.00254936	0.689088	0.000256247	2.28309e-06
Cell_449	5.93386e-10	7.39338e-11	0.20808	0.79192	6.87559e-14	4.39988e-14
Cell_450	8.14189e-09	0.999046	8.66212e-10	3.29666e-09	0.000954383	6.06804e-13
Cell_451	1.21931e-10	0.999082	5.79542e-11	9.5688e-11	0.000918033	9.08398e-15
Cell_452	3.56858e-08	0.885582	0.000330972	0.113271	0.000815886	2.65931e-12
Cell_453	0.237443	0.199363	0.117147	0.445843	0.000185454	1.76411e-05
Cell_454	1.0658e-09	0.999078	4.54599e-11	1.73013e-10	0.000921653	7.8345e-14
Cell_455	1.52569e-10	0.99901	2.46581e-12	9.38447e-12	0.000990232	1.13015e-14
Cell_456	0.0120393	2.14241e-09	0.205575	0.782386	2.18327e-12	1.17484e-19
Cell_457	0.0984277	0.888243	0.00259705	0.00988397	0.000841398	7.31279e-06
Cell_458	0.0190471	0.00748309	0.330912	0.642549	6.96102e-06	1.40686e-06
Cell_459	0.215818	0.291029	0.102556	0.390313	0.000266874	1.60523e-05
Cell_460	1.53833e-26	1.37351e-25	0.00478098	0.995219	1.26313e-28	1.1308e-30
Cell_461	0.0816669	0.731163	0.0387844	0.147607	0.000772517	6.01958e-06
Cell_462	3.42638e-08	1.91439e-08	0.20808	0.79192	2.07436e-11	2.53807e-12
Cell_463	0.162721	0.0914457	0.155173	0.590564	8.40273e-05	1.21238e-05
Cell_464	0.000140551	0.998844	2.04349e-05	7.77718e-05	0.000917657	1.04673e-08
Cell_465	4.56764e-16	0.999084	7.30867e-18	1.02588e-16	0.000916366	3.36676e-20
Cell_466	0.210719	0.28218	0.10546	0.401364	0.00026186	1.55642e-05
Cell_467	3.03996e-06	1.67937e-06	0.208079	0.791916	1.55091e-09	2.22649e-10
Cell_468	9.0561e-06	0.999038	4.31028e-06	2.40376e-06	0.00094635	6.74586e-10
Cell_469	1.68658e-10	0.999071	1.56098e-09	5.94085e-09	0.000929369	1.25606e-14
Cell_470	0.00101999	0.278213	0.469233	0.251279	0.000254891	7.60255e-08
Cell_471	1.3906e-12	0.999082	1.28003e-11	4.87159e-11	0.000918201	1.01848e-16
Cell_472	3.02469e-14	2.45662e-13	0.20808	0.79192	2.27972e-16	2.02251e-18
Cell_473	7.17121e-08	0.999084	9.97371e-10	6.43524e-11	0.000916004	5.34503e-12
Cell_474	0.538492	3.8436e-10	0.0101461	0.451362	3.58626e-13	2.91689e-13
Cell_475	0.424734	1.43847e-05	0.201877	0.373375	1.32477e-08	3.65972e-09
Cell_476	2.42116e-07	1.26281e-07	0.0163834	0.983616	1.19621e-10	1.67422e-11
Cell_477	0.470126	7.1788e-09	0.110256	0.419618	6.61933e-12	7.74242e-12
Cell_478	2.42136e-05	0.970313	0.00597112	0.0227251	0.000966915	1.80407e-09
Cell_479	1.55585e-15	1.3069e-15	0.0101242	0.989876	1.25505e-18	1.15645e-19
Cell_480	0.0662149	0.599064	0.0832588	0.250904	0.000553479	4.93202e-06
Cell_481	0.00119437	0.926892	0.000631628	0.00240387	0.0688778	8.74767e-08
Cell_482	0.000577844	8.47586e-05	0.207942	0.791395	9.60006e-08	4.26809e-08
Cell_483	9.05274e-06	0.999042	1.50177e-06	2.53164e-05	0.000922097	6.74589e-10
Cell_484	2.99885e-07	4.03728e-07	0.20808	0.791919	3.71196e-10	2.22684e-11
Cell_485	1.12479e-06	6.27653e-07	0.798187	0.201812	5.83121e-10	8.32134e-11
Cell_486	1.14707e-16	1.79633e-08	0.0591215	0.940878	1.68635e-11	8.10469e-21
Cell_487	4.07996e-07	0.00283737	0.0462245	0.950933	4.33193e-06	2.97341e-11
Cell_488	6.73623e-11	1.5177e-11	0.20808	0.79192	1.60354e-14	5.01713e-15
Cell_489	0.102274	0.890372	0.00135319	0.00515002	0.000843415	7.33032e-06
Cell_490	0.000572588	0.000770862	0.2078	0.790854	1.84268e-06	4.25184e-08
Cell_491	7.17268e-08	0.998476	3.02824e-09	1.1525e-08	0.00152441	5.34177e-12
Cell_492	9.08471e-06	0.999057	7.53074e-07	2.86608e-06	0.00093068	6.74599e-10
Cell_493	4.52916e-11	0.998884	6.04348e-13	2.30005e-12	0.00111638	1.79654e-15
Cell_494	2.78601e-20	0.999079	5.42301e-22	3.85403e-21	0.000920818	2.0762e-24
Cell_495	0.000156554	1.69569e-05	0.0728707	0.926956	1.6008e-08	1.16407e-08
Cell_496	0.000140511	0.998469	7.84502e-05	0.000152331	0.00115937	1.04634e-08
Cell_497	6.19393e-08	1.39635e-08	0.377202	0.622798	1.28033e-11	4.61597e-12
Cell_498	3.41005e-08	1.91309e-08	0.20808	0.79192	1.76906e-11	2.53635e-12
Cell_499	1.06231e-09	0.99853	6.12991e-11	2.3473e-10	0.00146951	7.8302e-14
Cell_500	4.32998e-09	0.00673509	0.0467525	0.946506	6.40495e-06	3.22519e-13
Cell_501	7.35198e-07	0.99801	4.80085e-08	4.4822e-06	0.0019843	5.47282e-11
Cell_502	0.0879956	0.79617	0.0434143	0.0716813	0.000732183	6.55477e-06
Cell_503	1.79847e-08	1.59994e-07	8.62807e-09	8.50845e-08	1	1.31721e-12
Cell_504	0.0024702	0.00597858	0.206321	0.785223	7.93495e-06	1.82979e-07
Cell_505	0.475608	0.188553	0.231971	0.103659	0.000173941	3.54491e-05
Cell_506	1.18753e-05	0.999066	2.0638e-07	7.8545e-07	0.000920806	6.33026e-15
Cell_507	0.0115769	0.104776	0.00552653	0.878024	9.64943e-05	8.62605e-07
Cell_508	2.22615e-06	5.42025e-06	0.000811915	0.99918	4.97214e-09	1.65891e-10
Cell_509	0.0455282	0.412078	0.00376132	0.538241	0.00038786	3.39259e-06
Cell_510	1.05198e-09	0.999083	1.31132e-10	3.94998e-11	0.000917347	7.83453e-14
Cell_511	4.18303e-12	0.99429	3.55516e-13	1.35304e-12	0.00571001	3.09856e-16
Cell_512	0.000523034	0.000292523	0.207911	0.791274	2.68558e-07	3.87823e-08
Cell_513	8.16103e-09	0.999074	6.78582e-10	2.58257e-09	0.000926182	6.06821e-13
Cell_514	9.06754e-06	0.999067	5.05026e-07	1.92205e-06	0.000921642	6.74606e-10
Cell_515	3.21314e-05	1.73706e-05	0.20807	0.79188	1.68791e-08	2.30297e-09
Cell_516	0.0958036	0.865258	0.00793222	0.0301887	0.00081042	7.12356e-06
Cell_517	7.36808e-07	0.999065	1.50304e-08	5.72033e-08	0.000933851	5.4786e-11
Cell_518	7.1711e-08	0.999063	3.40769e-08	2.64553e-06	0.00093385	5.34492e-12
Cell_519	2.52741e-06	0.999072	1.21582e-06	1.54282e-07	0.000924553	1.81148e-10
Cell_520	1.3752e-09	0.999078	9.0518e-10	6.1453e-10	0.000921653	3.00317e-14
Cell_521	2.53186e-18	1.86447e-19	0.160316	0.839684	1.7155e-22	1.60356e-22
Cell_522	0.0765774	0.886851	0.00743761	0.0283063	0.000822147	5.55197e-06
Cell_523	1.51689e-10	0.999069	3.45838e-12	1.3162e-11	0.000930691	1.13022e-14
Cell_524	3.38058e-08	1.89861e-08	0.20808	0.79192	2.64107e-11	2.51715e-12
Cell_525	9.15524e-18	0.999084	1.91137e-19	7.27437e-19	0.000916076	6.82366e-22
Cell_526	0.0812269	0.732627	0.0385917	0.146874	0.00067445	6.03163e-06
Cell_527	3.1542e-05	3.41518e-06	0.173783	0.826182	1.93387e-08	2.34448e-09
Cell_528	2.44432e-11	0.99901	1.36101e-12	4.11774e-10	0.000990232	1.79677e-15
Cell_529	0.0797245	0.694062	0.0378665	0.187704	0.000637648	5.71413e-06
Cell_530	0.062297	0.78379	0.0318574	0.121244	0.000811154	1.75258e-07
Cell_531	6.29646e-10	5.48154e-09	0.20808	0.79192	5.79158e-12	4.51289e-14
Cell_532	9.1332e-06	0.999057	5.60028e-07	2.13138e-06	0.00093068	6.746e-10
Cell_533	0.0213222	0.00268181	0.0119046	0.964087	2.65824e-06	1.35045e-06
Cell_534	0.712433	4.86354e-14	0.0598371	0.22773	1.16259e-16	4.00409e-19
Cell_535	8.61804e-08	2.09297e-07	0.551871	0.448129	1.92986e-10	6.40568e-12
Cell_536	0.0620037	0.520778	0.0302926	0.386357	0.000564296	4.28751e-06
Cell_537	1.05137e-09	0.999063	1.67231e-11	5.8052e-09	0.000937015	7.83438e-14
Cell_538	3.41818e-17	3.51809e-18	0.000932793	0.999067	3.22662e-21	2.41513e-21
Cell_539	1.38489e-12	1.12174e-12	0.0165234	0.983477	1.05896e-15	9.92597e-17
