cell	node	doublet
Cell_0	5	no
Cell_1	3	no
Cell_2	4	no
Cell_3	4	no
Cell_4	5	no
Cell_5	4	no
Cell_6	1	no
Cell_7	4	no
Cell_8	4	no
Cell_9	4	no
Cell_10	3	no
Cell_11	3	no
Cell_12	1	no
Cell_13	4	no
Cell_14	2	no
Cell_15	4	no
Cell_16	2	no
Cell_17	4	no
Cell_18	4	no
Cell_19	3	no
Cell_20	3	yes
Cell_21	4	no
Cell_22	4	no
Cell_23	4	no
Cell_24	2	no
Cell_25	1	no
Cell_26	1	yes
Cell_27	1	no
Cell_28	4	no
Cell_29	1	no
Cell_30	4	no
Cell_31	4	no
Cell_32	3	no
Cell_33	4	no
Cell_34	4	no
Cell_35	3	no
Cell_36	4	no
Cell_37	2	no
Cell_38	1	no
Cell_39	4	no
Cell_40	4	no
Cell_41	4	no
Cell_42	4	no
Cell_43	1	no
Cell_44	3	no
Cell_45	4	no
Cell_46	2	no
Cell_47	4	no
Cell_48	2	no
Cell_49	3	no
Cell_50	4	no
Cell_51	4	no
Cell_52	4	no
Cell_53	4	no
Cell_54	2	no
Cell_55	1	no
Cell_56	2	no
Cell_57	4	no
Cell_58	4	no
Cell_59	4	no
Cell_60	4	no
Cell_61	4	no
Cell_62	3	no
Cell_63	4	no
Cell_64	4	no
Cell_65	4	no
Cell_66	2	no
Cell_67	4	no
Cell_68	1	no
Cell_69	2	no
Cell_70	2	no
Cell_71	1	no
Cell_72	4	no
Cell_73	4	no
Cell_74	4	no
Cell_75	3	no
Cell_76	1	no
Cell_77	4	no
Cell_78	2	no
Cell_79	4	no
Cell_80	4	no
Cell_81	2	no
Cell_82	4	no
Cell_83	2	no
Cell_84	5	no
Cell_85	4	no
Cell_86	1	no
Cell_87	1	no
Cell_88	4	no
Cell_89	4	no
Cell_90	2	yes
Cell_91	4	no
Cell_92	3	no
Cell_93	4	no
Cell_94	4	no
Cell_95	4	no
Cell_96	4	no
Cell_97	4	no
Cell_98	4	no
Cell_99	4	no
Cell_100	4	no
Cell_101	2	no
Cell_102	4	no
Cell_103	4	no
Cell_104	1	no
Cell_105	4	no
Cell_106	4	no
Cell_107	5	no
Cell_108	1	no
Cell_109	2	no
Cell_110	2	no
Cell_111	4	no
Cell_112	2	no
Cell_113	4	no
Cell_114	4	no
Cell_115	4	no
Cell_116	4	no
Cell_117	4	no
Cell_118	1	no
Cell_119	4	no
Cell_120	4	no
Cell_121	4	no
Cell_122	4	no
Cell_123	4	no
Cell_124	4	no
Cell_125	4	no
Cell_126	4	no
Cell_127	4	no
Cell_128	4	no
Cell_129	4	no
Cell_130	1	no
Cell_131	4	no
Cell_132	1	no
Cell_133	4	no
Cell_134	1	yes
Cell_135	4	no
Cell_136	4	no
Cell_137	3	no
Cell_138	4	no
Cell_139	4	no
Cell_140	4	no
Cell_141	1	no
Cell_142	3	no
Cell_143	4	no
Cell_144	4	no
Cell_145	4	no
Cell_146	4	no
Cell_147	4	no
Cell_148	4	no
Cell_149	4	no
Cell_150	4	no
Cell_151	4	no
Cell_152	4	no
Cell_153	2	no
Cell_154	1	no
Cell_155	4	no
Cell_156	4	no
Cell_157	4	no
Cell_158	1	no
Cell_159	4	no
Cell_160	4	no
Cell_161	4	no
Cell_162	4	no
Cell_163	3	no
Cell_164	2	no
Cell_165	4	no
Cell_166	4	no
Cell_167	4	no
Cell_168	4	no
Cell_169	4	no
Cell_170	3	no
Cell_171	4	no
Cell_172	4	no
Cell_173	1	no
Cell_174	4	no
Cell_175	3	no
Cell_176	2	no
Cell_177	4	no
Cell_178	2	no
Cell_179	3	no
Cell_180	4	no
Cell_181	4	no
Cell_182	4	no
Cell_183	1	yes
Cell_184	3	no
Cell_185	4	no
Cell_186	4	no
Cell_187	4	no
Cell_188	4	no
Cell_189	2	no
Cell_190	4	no
Cell_191	4	no
Cell_192	4	no
Cell_193	2	no
Cell_194	3	no
Cell_195	4	no
Cell_196	4	yes
Cell_197	1	yes
Cell_198	4	no
Cell_199	2	yes
Cell_200	4	no
Cell_201	4	no
Cell_202	4	no
Cell_203	4	no
Cell_204	4	no
Cell_205	4	no
Cell_206	4	no
Cell_207	4	no
Cell_208	3	yes
Cell_209	4	no
Cell_210	3	no
Cell_211	4	no
Cell_212	4	no
Cell_213	4	no
Cell_214	3	no
Cell_215	4	no
Cell_216	4	no
Cell_217	4	no
Cell_218	1	no
Cell_219	3	no
Cell_220	2	no
Cell_221	2	no
Cell_222	4	no
Cell_223	2	no
Cell_224	4	no
Cell_225	3	no
Cell_226	4	no
Cell_227	2	yes
Cell_228	4	no
Cell_229	2	no
Cell_230	1	yes
Cell_231	1	no
Cell_232	4	no
Cell_233	4	no
Cell_234	4	no
Cell_235	4	no
Cell_236	2	no
Cell_237	4	no
Cell_238	4	no
Cell_239	4	no
Cell_240	4	no
Cell_241	3	no
Cell_242	4	no
Cell_243	4	no
Cell_244	4	no
Cell_245	4	no
Cell_246	4	no
Cell_247	3	no
Cell_248	4	no
Cell_249	4	no
Cell_250	4	no
Cell_251	4	no
Cell_252	1	no
Cell_253	1	no
Cell_254	4	no
Cell_255	4	no
Cell_256	2	no
Cell_257	4	no
Cell_258	4	no
Cell_259	1	no
Cell_260	4	no
Cell_261	1	no
Cell_262	4	no
Cell_263	4	no
Cell_264	4	no
Cell_265	4	no
Cell_266	5	no
Cell_267	4	no
Cell_268	4	no
Cell_269	2	no
Cell_270	2	no
Cell_271	4	no
Cell_272	4	no
Cell_273	4	no
Cell_274	4	no
Cell_275	5	no
Cell_276	4	no
Cell_277	4	no
Cell_278	4	no
Cell_279	4	no
Cell_280	4	no
Cell_281	4	no
Cell_282	4	no
Cell_283	1	no
Cell_284	2	no
Cell_285	4	no
Cell_286	3	no
Cell_287	4	no
Cell_288	4	no
Cell_289	4	no
Cell_290	4	no
Cell_291	4	no
Cell_292	4	no
Cell_293	4	no
Cell_294	4	no
Cell_295	4	no
Cell_296	4	no
Cell_297	3	no
Cell_298	4	no
Cell_299	2	no
Cell_300	4	no
Cell_301	4	no
Cell_302	4	no
Cell_303	4	no
Cell_304	4	no
Cell_305	4	no
Cell_306	4	no
Cell_307	5	no
Cell_308	4	no
Cell_309	4	no
Cell_310	4	no
Cell_311	4	no
Cell_312	4	no
Cell_313	4	no
Cell_314	2	no
Cell_315	1	no
Cell_316	4	no
Cell_317	3	no
Cell_318	4	no
Cell_319	3	no
Cell_320	4	no
Cell_321	4	no
Cell_322	4	no
Cell_323	3	no
Cell_324	4	no
Cell_325	2	no
Cell_326	1	no
Cell_327	4	no
Cell_328	4	no
Cell_329	4	no
Cell_330	4	no
Cell_331	1	no
Cell_332	4	no
Cell_333	4	no
Cell_334	4	no
Cell_335	4	no
Cell_336	4	no
Cell_337	2	no
Cell_338	4	no
Cell_339	4	no
Cell_340	3	no
Cell_341	2	no
Cell_342	4	no
Cell_343	4	no
Cell_344	4	no
Cell_345	4	no
Cell_346	3	no
Cell_347	2	no
Cell_348	4	no
Cell_349	2	no
Cell_350	4	no
Cell_351	5	no
Cell_352	4	no
Cell_353	4	no
Cell_354	4	no
Cell_355	4	no
Cell_356	4	no
Cell_357	3	no
Cell_358	4	no
Cell_359	2	no
Cell_360	4	no
Cell_361	4	no
Cell_362	4	no
Cell_363	4	no
Cell_364	2	no
Cell_365	2	no
Cell_366	5	no
Cell_367	4	no
Cell_368	4	no
Cell_369	4	no
Cell_370	4	no
Cell_371	4	no
Cell_372	4	no
Cell_373	4	no
Cell_374	2	no
Cell_375	4	no
Cell_376	4	no
Cell_377	2	no
Cell_378	4	no
Cell_379	1	no
Cell_380	3	no
Cell_381	5	no
Cell_382	4	no
Cell_383	2	no
Cell_384	4	no
Cell_385	1	no
Cell_386	1	no
Cell_387	4	no
Cell_388	4	no
Cell_389	4	no
Cell_390	2	no
Cell_391	4	no
Cell_392	4	no
Cell_393	4	no
Cell_394	4	no
Cell_395	2	no
Cell_396	3	no
Cell_397	2	no
Cell_398	4	no
Cell_399	2	no
Cell_400	4	no
Cell_401	4	no
Cell_402	4	no
Cell_403	2	no
Cell_404	4	no
Cell_405	3	no
Cell_406	4	no
Cell_407	4	no
Cell_408	4	no
Cell_409	4	no
Cell_410	4	no
Cell_411	4	no
Cell_412	1	no
Cell_413	4	no
Cell_414	3	no
Cell_415	4	no
Cell_416	1	no
Cell_417	4	no
Cell_418	4	no
Cell_419	3	no
Cell_420	2	no
Cell_421	4	no
Cell_422	5	no
Cell_423	4	no
Cell_424	4	no
Cell_425	1	no
Cell_426	4	no
Cell_427	4	no
Cell_428	2	no
Cell_429	4	no
Cell_430	2	no
Cell_431	1	no
Cell_432	4	no
Cell_433	4	no
Cell_434	4	no
Cell_435	2	no
Cell_436	1	no
Cell_437	1	no
Cell_438	4	no
Cell_439	4	no
Cell_440	3	no
Cell_441	4	no
Cell_442	4	no
Cell_443	3	no
Cell_444	4	no
Cell_445	4	no
Cell_446	1	no
Cell_447	2	no
Cell_448	2	no
Cell_449	4	no
Cell_450	4	no
Cell_451	4	no
Cell_452	4	no
Cell_453	4	no
Cell_454	4	no
Cell_455	4	no
Cell_456	1	yes
Cell_457	4	no
Cell_458	2	no
Cell_459	4	no
Cell_460	3	no
Cell_461	4	no
Cell_462	4	no
Cell_463	4	no
Cell_464	4	no
Cell_465	4	no
Cell_466	4	no
Cell_467	4	no
Cell_468	4	no
Cell_469	4	no
Cell_470	4	no
Cell_471	4	no
Cell_472	4	no
Cell_473	4	no
Cell_474	1	no
Cell_475	1	no
Cell_476	4	no
Cell_477	1	no
Cell_478	3	yes
Cell_479	4	no
Cell_480	2	no
Cell_481	4	no
Cell_482	4	no
Cell_483	4	no
Cell_484	4	no
Cell_485	4	no
Cell_486	3	no
Cell_487	3	no
Cell_488	4	no
Cell_489	4	no
Cell_490	4	no
Cell_491	2	no
Cell_492	4	no
Cell_493	4	no
Cell_494	4	no
Cell_495	3	no
Cell_496	4	no
Cell_497	4	no
Cell_498	4	no
Cell_499	4	no
Cell_500	4	no
Cell_501	4	no
Cell_502	4	no
Cell_503	5	no
Cell_504	4	no
Cell_505	4	no
Cell_506	2	yes
Cell_507	2	no
Cell_508	4	no
Cell_509	4	no
Cell_510	4	no
Cell_511	4	no
Cell_512	4	no
Cell_513	4	no
Cell_514	4	no
Cell_515	4	no
Cell_516	4	no
Cell_517	4	no
Cell_518	4	no
Cell_519	4	no
Cell_520	2	no
Cell_521	2	no
Cell_522	4	no
Cell_523	4	no
Cell_524	2	no
Cell_525	2	no
Cell_526	4	no
Cell_527	4	no
Cell_528	4	no
Cell_529	4	no
Cell_530	4	no
Cell_531	4	no
Cell_532	4	no
Cell_533	4	no
Cell_534	1	no
Cell_535	4	no
Cell_536	4	no
Cell_537	4	no
Cell_538	4	no
Cell_539	2	no
Cell_540	4	no
Cell_541	4	no
Cell_542	1	no
Cell_543	4	no
Cell_544	4	no
Cell_545	4	no
Cell_546	3	no
Cell_547	4	no
Cell_548	4	no
Cell_549	4	no
Cell_550	1	no
Cell_551	4	no
Cell_552	4	no
Cell_553	4	no
Cell_554	3	no
Cell_555	4	no
Cell_556	1	no
Cell_557	4	no
Cell_558	4	no
Cell_559	4	no
Cell_560	4	no
Cell_561	4	no
Cell_562	4	no
Cell_563	4	no
Cell_564	2	no
Cell_565	2	no
Cell_566	4	no
Cell_567	4	no
Cell_568	4	no
Cell_569	4	no
Cell_570	4	no
Cell_571	4	no
Cell_572	4	no
Cell_573	3	no
Cell_574	3	yes
Cell_575	4	no
Cell_576	1	no
Cell_577	4	no
Cell_578	2	no
Cell_579	2	no
Cell_580	4	no
Cell_581	4	no
Cell_582	4	no
Cell_583	4	no
Cell_584	4	no
Cell_585	4	no
Cell_586	4	no
Cell_587	4	no
Cell_588	4	no
Cell_589	2	no
Cell_590	1	no
Cell_591	4	no
Cell_592	1	no
Cell_593	4	no
Cell_594	4	no
Cell_595	4	no
Cell_596	3	no
Cell_597	4	no
Cell_598	4	no
Cell_599	1	no
Cell_600	4	no
Cell_601	3	no
Cell_602	2	no
Cell_603	4	no
Cell_604	4	no
Cell_605	4	no
Cell_606	4	no
Cell_607	2	no
Cell_608	4	no
Cell_609	2	no
Cell_610	4	no
Cell_611	2	yes
Cell_612	2	no
Cell_613	4	no
Cell_614	4	no
Cell_615	2	no
Cell_616	4	no
Cell_617	2	no
Cell_618	4	no
Cell_619	2	no
Cell_620	1	no
Cell_621	1	no
Cell_622	4	no
Cell_623	4	no
Cell_624	3	no
Cell_625	4	no
Cell_626	5	no
Cell_627	3	no
Cell_628	4	no
Cell_629	2	no
Cell_630	1	no
Cell_631	3	no
Cell_632	4	no
Cell_633	2	no
Cell_634	4	no
Cell_635	4	no
Cell_636	4	no
Cell_637	4	no
Cell_638	4	no
Cell_639	1	no
Cell_640	4	no
Cell_641	3	no
Cell_642	4	no
Cell_643	4	no
Cell_644	4	no
Cell_645	4	no
Cell_646	1	no
Cell_647	4	no
Cell_648	4	no
Cell_649	3	no
Cell_650	1	yes
Cell_651	2	no
Cell_652	4	no
Cell_653	4	no
Cell_654	1	no
Cell_655	1	no
Cell_656	4	no
Cell_657	4	no
Cell_658	3	no
Cell_659	3	no
Cell_660	1	no
Cell_661	4	no
Cell_662	2	no
Cell_663	4	no
Cell_664	4	no
Cell_665	1	no
Cell_666	4	no
Cell_667	4	no
Cell_668	4	no
Cell_669	2	no
Cell_670	4	no
Cell_671	2	no
Cell_672	4	no
Cell_673	4	no
Cell_674	1	no
Cell_675	3	no
Cell_676	2	no
Cell_677	4	no
Cell_678	4	no
Cell_679	4	no
Cell_680	4	no
Cell_681	4	no
Cell_682	4	no
Cell_683	2	no
Cell_684	4	no
Cell_685	1	no
Cell_686	4	no
Cell_687	3	no
Cell_688	2	no
Cell_689	4	no
Cell_690	4	no
Cell_691	4	no
Cell_692	4	no
Cell_693	1	no
Cell_694	4	no
Cell_695	1	no
Cell_696	4	no
Cell_697	4	no
Cell_698	4	no
Cell_699	3	no
Cell_700	4	no
Cell_701	4	no
Cell_702	3	no
Cell_703	4	no
Cell_704	2	no
Cell_705	4	no
Cell_706	1	no
Cell_707	1	yes
Cell_708	1	no
Cell_709	4	no
Cell_710	5	no
Cell_711	4	no
Cell_712	4	no
Cell_713	4	no
Cell_714	3	yes
Cell_715	2	no
Cell_716	4	no
Cell_717	4	no
Cell_718	2	no
Cell_719	4	no
Cell_720	4	no
Cell_721	4	no
Cell_722	2	no
Cell_723	4	no
Cell_724	4	no
Cell_725	2	no
Cell_726	4	no
Cell_727	4	no
Cell_728	4	no
Cell_729	2	no
Cell_730	4	no
Cell_731	4	no
Cell_732	4	no
Cell_733	4	no
Cell_734	2	no
Cell_735	2	no
Cell_736	4	no
Cell_737	1	no
Cell_738	4	no
Cell_739	4	no
Cell_740	2	no
Cell_741	2	no
Cell_742	4	no
Cell_743	4	no
Cell_744	2	no
Cell_745	3	no
Cell_746	4	no
Cell_747	3	no
Cell_748	4	no
Cell_749	2	no
Cell_750	3	no
Cell_751	4	no
Cell_752	4	no
Cell_753	4	no
Cell_754	4	no
Cell_755	4	no
Cell_756	4	no
Cell_757	1	no
Cell_758	4	no
Cell_759	4	no
Cell_760	4	no
Cell_761	4	no
Cell_762	1	no
Cell_763	2	no
Cell_764	4	no
Cell_765	3	no
Cell_766	4	no
Cell_767	4	no
Cell_768	4	no
Cell_769	4	no
Cell_770	4	no
Cell_771	4	no
Cell_772	4	no
Cell_773	4	no
Cell_774	4	no
Cell_775	4	no
Cell_776	2	no
Cell_777	1	no
Cell_778	4	no
Cell_779	4	no
Cell_780	2	no
Cell_781	4	no
Cell_782	4	no
Cell_783	4	no
Cell_784	4	no
Cell_785	4	no
Cell_786	2	no
Cell_787	3	no
Cell_788	1	yes
Cell_789	4	no
Cell_790	2	no
Cell_791	4	yes
Cell_792	4	no
Cell_793	4	no
Cell_794	4	no
Cell_795	4	no
Cell_796	4	no
Cell_797	5	no
Cell_798	2	no
Cell_799	4	no
Cell_800	2	no
Cell_801	4	no
Cell_802	4	no
Cell_803	4	no
Cell_804	4	no
Cell_805	2	no
Cell_806	4	no
Cell_807	4	no
Cell_808	1	no
Cell_809	1	no
Cell_810	5	no
Cell_811	4	no
Cell_812	4	no
Cell_813	2	no
Cell_814	4	no
Cell_815	4	no
Cell_816	4	no
Cell_817	4	no
Cell_818	4	no
Cell_819	4	no
Cell_820	4	no
Cell_821	4	no
Cell_822	4	no
Cell_823	4	no
Cell_824	4	no
Cell_825	4	no
Cell_826	4	no
Cell_827	3	no
Cell_828	4	no
Cell_829	2	no
Cell_830	5	no
Cell_831	4	no
Cell_832	4	no
Cell_833	4	no
Cell_834	4	no
Cell_835	1	no
Cell_836	4	no
Cell_837	1	no
Cell_838	2	no
Cell_839	2	no
Cell_840	3	no
Cell_841	4	no
Cell_842	4	no
Cell_843	3	no
Cell_844	4	no
Cell_845	4	no
Cell_846	2	no
Cell_847	4	no
Cell_848	2	no
Cell_849	4	no
Cell_850	4	no
Cell_851	4	no
Cell_852	4	no
Cell_853	4	no
Cell_854	4	no
Cell_855	2	no
Cell_856	4	no
Cell_857	4	no
Cell_858	2	no
Cell_859	4	no
Cell_860	4	no
Cell_861	1	no
Cell_862	3	no
Cell_863	4	no
Cell_864	5	no
Cell_865	2	no
Cell_866	4	no
Cell_867	3	no
Cell_868	4	no
Cell_869	4	no
Cell_870	1	no
Cell_871	4	no
Cell_872	4	no
Cell_873	4	no
Cell_874	2	no
Cell_875	4	no
Cell_876	4	no
Cell_877	1	no
Cell_878	4	no
Cell_879	2	no
Cell_880	4	no
Cell_881	4	no
Cell_882	3	yes
Cell_883	4	no
Cell_884	4	no
Cell_885	4	no
Cell_886	4	no
Cell_887	4	no
Cell_888	4	no
Cell_889	1	no
Cell_890	4	no
Cell_891	4	no
Cell_892	4	no
Cell_893	4	no
Cell_894	1	no
Cell_895	4	no
Cell_896	4	no
Cell_897	2	no
Cell_898	2	no
Cell_899	4	no
Cell_900	4	no
Cell_901	4	no
Cell_902	4	no
Cell_903	4	no
Cell_904	4	no
Cell_905	5	no
Cell_906	3	no
Cell_907	4	no
Cell_908	1	no
Cell_909	4	no
Cell_910	4	no
Cell_911	4	no
Cell_912	4	no
Cell_913	1	no
Cell_914	2	no
Cell_915	4	no
Cell_916	2	no
Cell_917	4	no
Cell_918	4	no
Cell_919	4	no
Cell_920	4	no
Cell_921	2	no
Cell_922	1	no
Cell_923	2	no
Cell_924	4	no
Cell_925	4	no
Cell_926	4	no
Cell_927	1	no
Cell_928	4	yes
Cell_929	4	no
Cell_930	4	no
Cell_931	4	no
Cell_932	4	no
Cell_933	4	no
Cell_934	4	no
Cell_935	4	no
Cell_936	4	no
Cell_937	4	no
Cell_938	4	no
Cell_939	2	no
Cell_940	4	no
Cell_941	4	no
Cell_942	2	no
Cell_943	4	no
Cell_944	4	no
Cell_945	4	no
Cell_946	1	no
Cell_947	4	no
Cell_948	4	no
Cell_949	4	no
Cell_950	4	no
Cell_951	4	no
Cell_952	5	no
Cell_953	4	no
Cell_954	1	yes
Cell_955	1	yes
Cell_956	4	no
Cell_957	4	no
Cell_958	1	no
Cell_959	4	no
Cell_960	2	no
Cell_961	4	no
Cell_962	1	no
Cell_963	4	no
Cell_964	4	no
Cell_965	4	no
Cell_966	4	no
Cell_967	4	no
Cell_968	2	no
Cell_969	4	no
Cell_970	4	yes
Cell_971	4	no
Cell_972	4	no
Cell_973	2	no
Cell_974	2	no
Cell_975	2	no
Cell_976	2	no
Cell_977	4	no
Cell_978	4	no
Cell_979	3	no
Cell_980	4	no
Cell_981	4	no
Cell_982	2	no
Cell_983	3	no
Cell_984	3	no
Cell_985	1	no
Cell_986	2	no
Cell_987	4	no
Cell_988	1	no
Cell_989	1	no
Cell_990	1	yes
Cell_991	3	no
Cell_992	4	no
Cell_993	4	no
Cell_994	3	no
Cell_995	4	no
Cell_996	4	no
Cell_997	1	no
Cell_998	4	no
Cell_999	4	no
Cell_1000	5	no
Cell_1001	5	no
Cell_1002	4	no
Cell_1003	1	no
Cell_1004	3	no
Cell_1005	3	no
Cell_1006	4	no
Cell_1007	3	no
Cell_1008	2	no
Cell_1009	3	no
Cell_1010	4	no
Cell_1011	4	no
Cell_1012	2	no
Cell_1013	1	no
Cell_1014	2	no
Cell_1015	4	no
Cell_1016	4	no
Cell_1017	4	no
Cell_1018	4	no
Cell_1019	4	no
Cell_1020	4	no
Cell_1021	1	no
Cell_1022	1	yes
Cell_1023	4	no
Cell_1024	4	no
Cell_1025	4	no
Cell_1026	4	no
Cell_1027	4	no
Cell_1028	1	no
Cell_1029	4	no
Cell_1030	4	no
Cell_1031	4	no
Cell_1032	4	no
Cell_1033	4	no
Cell_1034	3	no
Cell_1035	1	no
Cell_1036	4	no
Cell_1037	1	no
Cell_1038	4	no
Cell_1039	4	no
Cell_1040	4	no
Cell_1041	2	no
Cell_1042	4	no
Cell_1043	3	no
Cell_1044	4	no
Cell_1045	2	no
Cell_1046	3	yes
Cell_1047	4	no
Cell_1048	4	no
Cell_1049	1	no
Cell_1050	4	no
Cell_1051	4	no
Cell_1052	4	no
Cell_1053	4	no
Cell_1054	4	no
Cell_1055	4	no
Cell_1056	4	no
Cell_1057	4	no
Cell_1058	3	no
Cell_1059	4	no
Cell_1060	4	no
Cell_1061	4	no
Cell_1062	4	no
Cell_1063	5	no
Cell_1064	4	no
Cell_1065	4	no
Cell_1066	4	no
Cell_1067	4	no
Cell_1068	2	no
Cell_1069	4	no
Cell_1070	4	no
Cell_1071	2	no
Cell_1072	3	no
Cell_1073	4	no
Cell_1074	2	no
Cell_1075	4	no
Cell_1076	4	no
Cell_1077	2	no
Cell_1078	4	no
Cell_1079	3	no
Cell_1080	4	no
Cell_1081	4	no
Cell_1082	4	no
Cell_1083	4	no
Cell_1084	3	no
Cell_1085	2	no
Cell_1086	4	no
Cell_1087	4	no
Cell_1088	4	no
Cell_1089	4	no
Cell_1090	1	no
Cell_1091	4	no
Cell_1092	4	no
Cell_1093	4	no
Cell_1094	4	no
Cell_1095	4	no
Cell_1096	4	no
Cell_1097	4	no
Cell_1098	4	no
Cell_1099	2	no
Cell_1100	4	no
Cell_1101	4	no
Cell_1102	3	no
Cell_1103	1	no
Cell_1104	4	no
Cell_1105	2	no
Cell_1106	2	no
Cell_1107	4	no
Cell_1108	4	no
Cell_1109	4	no
Cell_1110	4	no
Cell_1111	3	yes
Cell_1112	1	yes
Cell_1113	1	no
Cell_1114	4	no
Cell_1115	4	no
Cell_1116	3	no
Cell_1117	2	no
Cell_1118	4	no
Cell_1119	4	no
Cell_1120	4	no
Cell_1121	4	no
Cell_1122	4	no
Cell_1123	2	no
Cell_1124	4	no
Cell_1125	1	yes
Cell_1126	4	no
Cell_1127	4	no
Cell_1128	2	no
Cell_1129	4	no
Cell_1130	1	no
Cell_1131	4	no
Cell_1132	4	no
Cell_1133	4	no
Cell_1134	3	no
Cell_1135	4	no
Cell_1136	4	no
Cell_1137	4	no
Cell_1138	1	no
Cell_1139	4	no
Cell_1140	1	no
Cell_1141	3	no
Cell_1142	1	no
Cell_1143	4	no
Cell_1144	3	no
Cell_1145	4	no
Cell_1146	3	yes
Cell_1147	4	no
Cell_1148	2	no
Cell_1149	4	no
Cell_1150	4	no
Cell_1151	2	no
Cell_1152	2	no
Cell_1153	4	no
Cell_1154	4	no
Cell_1155	4	no
Cell_1156	4	no
Cell_1157	4	no
Cell_1158	4	no
Cell_1159	4	no
Cell_1160	4	no
Cell_1161	4	yes
Cell_1162	2	no
Cell_1163	1	no
Cell_1164	1	no
Cell_1165	2	no
Cell_1166	1	no
Cell_1167	4	no
Cell_1168	5	yes
Cell_1169	4	no
Cell_1170	4	no
Cell_1171	2	no
Cell_1172	4	no
Cell_1173	4	no
Cell_1174	4	no
Cell_1175	1	no
Cell_1176	4	no
Cell_1177	4	no
Cell_1178	3	no
Cell_1179	1	no
Cell_1180	4	no
Cell_1181	4	no
Cell_1182	3	no
Cell_1183	3	no
Cell_1184	4	no
Cell_1185	2	no
Cell_1186	4	no
Cell_1187	4	no
Cell_1188	4	no
Cell_1189	4	no
Cell_1190	4	no
Cell_1191	4	no
Cell_1192	1	no
Cell_1193	2	no
Cell_1194	3	no
Cell_1195	3	no
Cell_1196	4	no
Cell_1197	4	no
Cell_1198	4	no
Cell_1199	4	no
Cell_1200	4	no
Cell_1201	4	no
Cell_1202	3	no
Cell_1203	2	no
Cell_1204	4	no
Cell_1205	4	no
Cell_1206	4	no
Cell_1207	4	no
Cell_1208	4	no
Cell_1209	1	no
Cell_1210	1	no
Cell_1211	2	no
Cell_1212	4	no
Cell_1213	4	no
Cell_1214	4	no
Cell_1215	4	no
Cell_1216	3	no
Cell_1217	4	no
Cell_1218	4	no
Cell_1219	4	no
Cell_1220	4	no
Cell_1221	2	no
Cell_1222	4	no
Cell_1223	4	no
Cell_1224	4	no
Cell_1225	1	yes
Cell_1226	1	no
Cell_1227	4	no
Cell_1228	4	no
Cell_1229	4	no
Cell_1230	2	no
Cell_1231	4	no
Cell_1232	4	no
Cell_1233	4	no
Cell_1234	4	no
Cell_1235	4	no
Cell_1236	4	no
Cell_1237	4	no
Cell_1238	2	no
Cell_1239	1	no
Cell_1240	4	no
Cell_1241	4	no
Cell_1242	1	no
Cell_1243	3	no
Cell_1244	4	no
Cell_1245	2	no
Cell_1246	2	no
Cell_1247	4	no
Cell_1248	4	no
Cell_1249	4	no
Cell_1250	2	no
Cell_1251	4	no
Cell_1252	4	no
Cell_1253	3	no
Cell_1254	4	no
Cell_1255	4	no
Cell_1256	4	no
Cell_1257	1	no
Cell_1258	4	no
Cell_1259	4	no
Cell_1260	3	no
Cell_1261	4	no
Cell_1262	4	no
Cell_1263	2	no
Cell_1264	4	no
Cell_1265	4	no
Cell_1266	4	no
Cell_1267	2	no
Cell_1268	5	yes
Cell_1269	4	no
Cell_1270	4	no
Cell_1271	4	no
Cell_1272	4	no
Cell_1273	4	no
Cell_1274	4	no
Cell_1275	2	no
Cell_1276	4	no
Cell_1277	1	no
Cell_1278	4	no
Cell_1279	4	no
Cell_1280	4	no
Cell_1281	4	no
Cell_1282	4	no
Cell_1283	4	no
Cell_1284	4	no
Cell_1285	4	no
Cell_1286	4	no
Cell_1287	4	no
Cell_1288	4	no
Cell_1289	4	no
Cell_1290	4	no
Cell_1291	4	no
Cell_1292	4	no
Cell_1293	3	no
Cell_1294	4	no
Cell_1295	4	no
Cell_1296	1	no
Cell_1297	3	no
Cell_1298	4	no
Cell_1299	2	no
Cell_1300	4	no
Cell_1301	4	no
Cell_1302	2	no
Cell_1303	4	no
Cell_1304	4	no
Cell_1305	4	no
Cell_1306	3	no
Cell_1307	4	no
Cell_1308	4	no
Cell_1309	4	no
Cell_1310	4	no
Cell_1311	2	no
Cell_1312	4	no
Cell_1313	2	no
Cell_1314	4	no
Cell_1315	4	no
Cell_1316	4	no
Cell_1317	4	no
Cell_1318	4	no
Cell_1319	4	no
Cell_1320	4	no
Cell_1321	4	no
Cell_1322	4	no
Cell_1323	2	no
Cell_1324	2	no
Cell_1325	2	no
Cell_1326	4	no
Cell_1327	4	no
Cell_1328	1	no
Cell_1329	4	no
Cell_1330	4	no
Cell_1331	4	no
Cell_1332	4	no
Cell_1333	2	no
Cell_1334	4	no
Cell_1335	4	no
Cell_1336	2	no
Cell_1337	4	no
Cell_1338	4	no
Cell_1339	4	no
Cell_1340	4	no
Cell_1341	4	no
Cell_1342	4	no
Cell_1343	1	no
Cell_1344	4	no
Cell_1345	4	no
Cell_1346	2	no
Cell_1347	1	no
Cell_1348	3	no
Cell_1349	4	no
Cell_1350	2	no
Cell_1351	4	no
Cell_1352	4	no
Cell_1353	4	no
Cell_1354	4	no
Cell_1355	1	no
Cell_1356	4	no
Cell_1357	4	no
Cell_1358	4	no
Cell_1359	3	no
Cell_1360	1	yes
Cell_1361	4	no
Cell_1362	2	no
Cell_1363	3	no
Cell_1364	4	no
Cell_1365	2	no
Cell_1366	4	no
Cell_1367	4	no
Cell_1368	4	no
Cell_1369	4	no
Cell_1370	3	no
Cell_1371	4	no
Cell_1372	4	no
Cell_1373	4	no
Cell_1374	4	no
Cell_1375	2	no
Cell_1376	4	no
Cell_1377	4	no
Cell_1378	1	no
Cell_1379	4	no
Cell_1380	4	no
Cell_1381	4	no
Cell_1382	2	no
Cell_1383	4	no
Cell_1384	4	no
Cell_1385	4	no
Cell_1386	2	no
Cell_1387	4	no
Cell_1388	5	no
Cell_1389	1	no
Cell_1390	4	no
Cell_1391	4	no
Cell_1392	4	no
Cell_1393	2	no
Cell_1394	3	no
Cell_1395	4	no
Cell_1396	4	no
Cell_1397	4	no
Cell_1398	1	no
Cell_1399	4	no
Cell_1400	4	no
Cell_1401	4	no
Cell_1402	1	no
Cell_1403	3	no
Cell_1404	3	no
Cell_1405	2	no
Cell_1406	4	no
Cell_1407	2	no
Cell_1408	1	no
Cell_1409	4	no
Cell_1410	1	no
Cell_1411	3	no
Cell_1412	4	no
Cell_1413	4	no
Cell_1414	4	no
Cell_1415	4	no
Cell_1416	4	no
Cell_1417	2	no
Cell_1418	4	no
Cell_1419	4	no
Cell_1420	4	no
Cell_1421	4	no
Cell_1422	4	no
Cell_1423	1	no
Cell_1424	1	no
Cell_1425	4	no
Cell_1426	4	no
Cell_1427	4	no
Cell_1428	4	no
Cell_1429	4	no
Cell_1430	2	no
Cell_1431	2	no
Cell_1432	4	no
Cell_1433	4	no
Cell_1434	3	no
Cell_1435	4	no
Cell_1436	1	no
Cell_1437	4	no
Cell_1438	2	no
Cell_1439	4	no
Cell_1440	1	no
Cell_1441	1	no
Cell_1442	4	no
Cell_1443	4	no
Cell_1444	2	no
Cell_1445	1	no
Cell_1446	1	no
Cell_1447	2	no
Cell_1448	4	no
Cell_1449	2	no
Cell_1450	1	no
Cell_1451	4	no
Cell_1452	3	yes
Cell_1453	2	no
Cell_1454	1	yes
Cell_1455	4	no
Cell_1456	4	no
Cell_1457	4	no
Cell_1458	4	no
Cell_1459	4	no
Cell_1460	1	no
Cell_1461	4	no
Cell_1462	2	no
Cell_1463	1	no
Cell_1464	4	no
Cell_1465	2	no
Cell_1466	4	no
Cell_1467	4	no
Cell_1468	2	no
Cell_1469	4	no
Cell_1470	4	no
Cell_1471	4	no
Cell_1472	2	no
Cell_1473	2	no
Cell_1474	2	no
Cell_1475	2	no
Cell_1476	4	no
Cell_1477	2	no
Cell_1478	3	no
Cell_1479	4	no
Cell_1480	4	no
Cell_1481	4	no
Cell_1482	4	no
Cell_1483	1	no
Cell_1484	1	no
Cell_1485	4	no
Cell_1486	2	no
Cell_1487	3	no
Cell_1488	4	no
Cell_1489	1	no
Cell_1490	4	no
Cell_1491	4	no
Cell_1492	2	no
Cell_1493	2	no
Cell_1494	4	no
Cell_1495	2	no
Cell_1496	3	no
Cell_1497	4	no
Cell_1498	4	no
Cell_1499	1	no
Cell_1500	4	no
Cell_1501	4	no
Cell_1502	4	no
Cell_1503	4	no
Cell_1504	4	no
Cell_1505	4	no
Cell_1506	2	no
Cell_1507	3	no
Cell_1508	1	no
Cell_1509	2	no
Cell_1510	1	no
Cell_1511	2	yes
Cell_1512	4	no
Cell_1513	4	no
Cell_1514	4	no
Cell_1515	4	no
Cell_1516	4	no
Cell_1517	4	no
Cell_1518	3	no
Cell_1519	1	yes
Cell_1520	1	no
Cell_1521	1	no
Cell_1522	3	no
Cell_1523	3	no
Cell_1524	4	no
Cell_1525	4	no
Cell_1526	1	no
Cell_1527	4	no
Cell_1528	4	no
Cell_1529	4	no
Cell_1530	4	no
Cell_1531	1	no
Cell_1532	4	no
Cell_1533	4	no
Cell_1534	4	no
Cell_1535	3	no
Cell_1536	4	no
Cell_1537	1	no
Cell_1538	2	no
Cell_1539	4	no
Cell_1540	3	no
Cell_1541	1	no
Cell_1542	1	no
Cell_1543	3	no
Cell_1544	4	no
Cell_1545	4	no
Cell_1546	3	no
Cell_1547	4	no
Cell_1548	2	no
Cell_1549	1	no
Cell_1550	4	no
Cell_1551	4	no
Cell_1552	1	no
Cell_1553	2	no
Cell_1554	4	no
Cell_1555	4	no
Cell_1556	4	no
Cell_1557	1	no
Cell_1558	4	no
Cell_1559	4	no
Cell_1560	4	no
Cell_1561	4	no
Cell_1562	4	no
Cell_1563	2	no
Cell_1564	3	no
Cell_1565	4	no
Cell_1566	3	no
Cell_1567	4	no
Cell_1568	4	no
Cell_1569	1	no
Cell_1570	4	no
Cell_1571	2	no
Cell_1572	4	no
Cell_1573	4	no
Cell_1574	2	no
Cell_1575	4	no
Cell_1576	2	no
Cell_1577	4	no
Cell_1578	3	no
Cell_1579	1	no
Cell_1580	4	no
Cell_1581	4	no
Cell_1582	4	no
Cell_1583	1	no
Cell_1584	4	no
Cell_1585	4	no
Cell_1586	4	no
Cell_1587	2	no
Cell_1588	4	no
Cell_1589	1	no
Cell_1590	4	no
Cell_1591	2	no
Cell_1592	4	no
Cell_1593	5	no
Cell_1594	1	no
Cell_1595	4	no
Cell_1596	1	no
Cell_1597	4	no
Cell_1598	1	no
Cell_1599	2	no
Cell_1600	4	no
Cell_1601	4	no
Cell_1602	4	no
Cell_1603	1	no
Cell_1604	4	no
Cell_1605	2	no
Cell_1606	3	no
Cell_1607	4	no
Cell_1608	4	no
Cell_1609	4	no
Cell_1610	1	no
Cell_1611	1	no
Cell_1612	4	no
Cell_1613	4	no
Cell_1614	4	no
Cell_1615	4	no
Cell_1616	1	no
Cell_1617	3	yes
Cell_1618	2	no
Cell_1619	4	no
Cell_1620	3	no
Cell_1621	2	no
Cell_1622	4	no
Cell_1623	4	no
Cell_1624	4	no
Cell_1625	4	no
Cell_1626	4	no
Cell_1627	3	no
Cell_1628	3	no
Cell_1629	4	no
Cell_1630	4	no
Cell_1631	2	no
Cell_1632	4	no
Cell_1633	4	no
Cell_1634	4	no
Cell_1635	4	no
Cell_1636	3	no
Cell_1637	2	no
Cell_1638	4	no
Cell_1639	2	no
Cell_1640	4	no
Cell_1641	3	no
Cell_1642	3	no
Cell_1643	4	no
Cell_1644	4	no
Cell_1645	4	no
Cell_1646	4	no
Cell_1647	4	no
Cell_1648	4	no
Cell_1649	2	no
Cell_1650	1	no
Cell_1651	4	no
Cell_1652	4	no
Cell_1653	4	no
Cell_1654	4	no
Cell_1655	4	no
Cell_1656	4	no
Cell_1657	3	no
Cell_1658	2	no
Cell_1659	3	no
Cell_1660	4	no
Cell_1661	4	no
Cell_1662	3	no
Cell_1663	1	no
Cell_1664	3	no
Cell_1665	4	no
Cell_1666	2	no
Cell_1667	4	no
Cell_1668	1	no
Cell_1669	4	no
Cell_1670	4	no
Cell_1671	1	no
Cell_1672	4	no
Cell_1673	4	no
Cell_1674	1	no
Cell_1675	3	no
Cell_1676	4	no
Cell_1677	4	no
Cell_1678	4	no
Cell_1679	3	no
Cell_1680	3	no
Cell_1681	1	no
Cell_1682	4	no
Cell_1683	2	no
Cell_1684	4	no
Cell_1685	1	no
Cell_1686	3	no
Cell_1687	4	no
Cell_1688	1	no
Cell_1689	3	no
Cell_1690	4	no
Cell_1691	4	no
Cell_1692	4	no
Cell_1693	1	no
Cell_1694	4	no
Cell_1695	2	no
Cell_1696	4	no
Cell_1697	4	no
Cell_1698	4	no
Cell_1699	4	no
Cell_1700	4	no
Cell_1701	1	no
Cell_1702	4	no
Cell_1703	4	no
Cell_1704	1	no
Cell_1705	4	no
Cell_1706	4	no
Cell_1707	1	no
Cell_1708	4	no
Cell_1709	1	no
Cell_1710	4	no
Cell_1711	4	no
Cell_1712	4	no
Cell_1713	1	no
Cell_1714	4	no
Cell_1715	2	no
Cell_1716	4	no
Cell_1717	4	no
Cell_1718	1	no
Cell_1719	4	no
Cell_1720	4	no
Cell_1721	4	no
Cell_1722	4	no
Cell_1723	4	no
Cell_1724	4	no
Cell_1725	4	no
Cell_1726	4	no
Cell_1727	4	no
Cell_1728	4	no
Cell_1729	3	no
Cell_1730	4	no
Cell_1731	4	no
Cell_1732	4	no
Cell_1733	3	no
Cell_1734	4	no
Cell_1735	4	no
Cell_1736	4	no
Cell_1737	4	no
Cell_1738	3	no
Cell_1739	1	no
Cell_1740	4	no
Cell_1741	2	no
Cell_1742	4	no
Cell_1743	4	no
Cell_1744	4	no
Cell_1745	4	no
Cell_1746	1	no
Cell_1747	3	no
Cell_1748	4	no
Cell_1749	2	no
Cell_1750	4	no
Cell_1751	2	no
Cell_1752	4	no
Cell_1753	4	no
Cell_1754	1	no
Cell_1755	4	no
Cell_1756	4	no
Cell_1757	4	no
Cell_1758	2	no
Cell_1759	4	no
Cell_1760	4	no
Cell_1761	4	no
Cell_1762	4	no
Cell_1763	1	yes
Cell_1764	3	no
Cell_1765	4	no
Cell_1766	4	no
Cell_1767	3	no
Cell_1768	2	no
Cell_1769	4	no
Cell_1770	4	no
Cell_1771	4	no
Cell_1772	4	no
Cell_1773	4	no
Cell_1774	3	no
Cell_1775	4	no
Cell_1776	4	no
Cell_1777	4	no
Cell_1778	1	yes
Cell_1779	4	no
Cell_1780	4	no
Cell_1781	4	no
Cell_1782	4	no
Cell_1783	4	no
Cell_1784	4	no
Cell_1785	4	no
Cell_1786	1	no
Cell_1787	4	no
Cell_1788	1	no
Cell_1789	5	no
Cell_1790	4	no
Cell_1791	4	no
Cell_1792	2	no
Cell_1793	4	no
Cell_1794	4	no
Cell_1795	4	no
Cell_1796	4	no
Cell_1797	4	no
Cell_1798	4	no
Cell_1799	2	no
Cell_1800	4	no
Cell_1801	4	no
Cell_1802	4	no
Cell_1803	4	no
Cell_1804	1	no
Cell_1805	4	no
Cell_1806	2	no
Cell_1807	4	no
Cell_1808	4	no
Cell_1809	1	no
Cell_1810	2	no
Cell_1811	4	no
Cell_1812	4	no
Cell_1813	4	no
Cell_1814	2	no
Cell_1815	4	no
Cell_1816	4	no
Cell_1817	4	no
Cell_1818	4	no
Cell_1819	1	no
Cell_1820	4	no
Cell_1821	2	no
Cell_1822	4	no
Cell_1823	4	no
Cell_1824	4	no
Cell_1825	4	no
Cell_1826	4	no
Cell_1827	1	no
Cell_1828	4	no
Cell_1829	4	no
Cell_1830	2	no
Cell_1831	4	no
Cell_1832	4	no
Cell_1833	4	no
Cell_1834	4	no
Cell_1835	4	no
Cell_1836	4	no
Cell_1837	4	no
Cell_1838	4	no
Cell_1839	4	no
Cell_1840	1	no
Cell_1841	4	no
Cell_1842	3	no
Cell_1843	4	no
Cell_1844	4	no
Cell_1845	4	no
Cell_1846	2	no
Cell_1847	4	no
Cell_1848	4	no
Cell_1849	4	no
Cell_1850	4	no
Cell_1851	1	no
Cell_1852	4	no
Cell_1853	4	no
Cell_1854	3	no
Cell_1855	4	no
Cell_1856	4	no
Cell_1857	2	no
Cell_1858	4	no
Cell_1859	4	no
Cell_1860	3	no
Cell_1861	1	no
Cell_1862	4	no
Cell_1863	2	no
Cell_1864	2	no
Cell_1865	2	no
Cell_1866	4	no
Cell_1867	4	no
Cell_1868	4	no
Cell_1869	4	no
Cell_1870	4	no
Cell_1871	4	no
Cell_1872	5	yes
Cell_1873	4	no
Cell_1874	4	no
Cell_1875	4	no
Cell_1876	4	no
Cell_1877	4	no
Cell_1878	3	no
Cell_1879	1	no
Cell_1880	5	no
Cell_1881	1	no
Cell_1882	4	no
Cell_1883	4	no
Cell_1884	4	no
Cell_1885	2	no
Cell_1886	4	no
Cell_1887	1	no
Cell_1888	1	no
Cell_1889	1	no
Cell_1890	4	no
Cell_1891	4	no
Cell_1892	2	no
Cell_1893	4	no
Cell_1894	2	no
Cell_1895	1	no
Cell_1896	4	no
Cell_1897	4	no
Cell_1898	4	no
Cell_1899	1	no
Cell_1900	5	no
Cell_1901	4	no
Cell_1902	1	no
Cell_1903	4	no
Cell_1904	1	no
Cell_1905	4	no
Cell_1906	4	no
Cell_1907	2	no
Cell_1908	4	no
Cell_1909	4	no
Cell_1910	4	no
Cell_1911	4	no
Cell_1912	4	no
Cell_1913	4	no
Cell_1914	4	no
Cell_1915	4	no
Cell_1916	4	no
Cell_1917	4	no
Cell_1918	1	yes
Cell_1919	4	no
Cell_1920	1	no
Cell_1921	4	no
Cell_1922	4	no
Cell_1923	4	no
Cell_1924	4	no
Cell_1925	4	no
Cell_1926	4	no
Cell_1927	4	no
Cell_1928	4	no
Cell_1929	4	no
Cell_1930	1	no
Cell_1931	1	yes
Cell_1932	4	no
Cell_1933	4	no
Cell_1934	4	no
Cell_1935	5	no
Cell_1936	4	no
Cell_1937	2	no
Cell_1938	2	no
Cell_1939	4	no
Cell_1940	4	no
Cell_1941	4	no
Cell_1942	4	no
Cell_1943	4	no
Cell_1944	4	no
Cell_1945	2	no
Cell_1946	2	no
Cell_1947	4	no
Cell_1948	4	no
Cell_1949	4	no
Cell_1950	4	no
Cell_1951	1	no
Cell_1952	4	no
Cell_1953	4	no
Cell_1954	4	no
Cell_1955	3	no
Cell_1956	4	no
Cell_1957	4	no
Cell_1958	4	no
Cell_1959	4	no
Cell_1960	3	no
Cell_1961	4	no
Cell_1962	4	no
Cell_1963	1	yes
Cell_1964	4	no
Cell_1965	4	no
Cell_1966	4	no
Cell_1967	2	no
Cell_1968	4	no
Cell_1969	2	no
Cell_1970	4	no
Cell_1971	2	no
Cell_1972	3	yes
Cell_1973	2	no
Cell_1974	4	no
Cell_1975	4	no
Cell_1976	3	no
Cell_1977	1	no
Cell_1978	4	no
Cell_1979	4	no
Cell_1980	3	no
Cell_1981	3	no
Cell_1982	4	no
Cell_1983	1	no
Cell_1984	4	no
Cell_1985	4	no
Cell_1986	1	no
Cell_1987	4	no
Cell_1988	2	no
Cell_1989	4	no
Cell_1990	4	no
Cell_1991	4	no
Cell_1992	4	no
Cell_1993	4	no
Cell_1994	4	no
Cell_1995	4	no
Cell_1996	4	no
Cell_1997	4	no
Cell_1998	3	no
Cell_1999	4	no
Cell_2000	2	no
Cell_2001	4	no
Cell_2002	4	no
Cell_2003	4	no
Cell_2004	2	no
Cell_2005	2	no
Cell_2006	5	no
Cell_2007	1	no
Cell_2008	4	no
Cell_2009	1	no
Cell_2010	4	no
Cell_2011	2	no
Cell_2012	5	no
Cell_2013	4	no
Cell_2014	4	no
Cell_2015	4	no
Cell_2016	2	no
Cell_2017	4	no
Cell_2018	3	no
Cell_2019	4	no
Cell_2020	2	no
Cell_2021	4	no
Cell_2022	4	no
Cell_2023	4	no
Cell_2024	4	no
Cell_2025	4	no
Cell_2026	4	no
Cell_2027	3	no
Cell_2028	4	no
Cell_2029	4	no
Cell_2030	4	no
Cell_2031	4	no
Cell_2032	4	no
Cell_2033	4	no
Cell_2034	4	no
Cell_2035	2	no
Cell_2036	4	no
Cell_2037	4	no
Cell_2038	4	no
Cell_2039	4	no
Cell_2040	3	no
Cell_2041	2	no
Cell_2042	4	no
Cell_2043	4	no
Cell_2044	4	no
Cell_2045	3	no
Cell_2046	4	no
Cell_2047	4	no
Cell_2048	1	no
Cell_2049	4	no
Cell_2050	4	no
Cell_2051	4	no
Cell_2052	4	no
Cell_2053	4	no
Cell_2054	4	no
Cell_2055	4	no
Cell_2056	4	no
Cell_2057	2	no
Cell_2058	4	no
Cell_2059	2	no
Cell_2060	4	no
Cell_2061	4	no
Cell_2062	1	no
Cell_2063	4	no
Cell_2064	4	no
Cell_2065	4	no
Cell_2066	4	no
Cell_2067	4	no
Cell_2068	1	yes
Cell_2069	4	no
Cell_2070	4	no
Cell_2071	4	no
Cell_2072	4	no
Cell_2073	4	no
Cell_2074	4	no
Cell_2075	4	no
Cell_2076	4	no
Cell_2077	1	no
Cell_2078	2	no
Cell_2079	3	no
Cell_2080	1	no
Cell_2081	4	no
Cell_2082	4	no
Cell_2083	5	no
Cell_2084	1	yes
Cell_2085	4	no
Cell_2086	4	no
Cell_2087	1	yes
Cell_2088	3	no
Cell_2089	3	no
Cell_2090	4	no
Cell_2091	4	no
Cell_2092	2	no
Cell_2093	2	no
Cell_2094	3	no
Cell_2095	4	no
Cell_2096	4	no
Cell_2097	4	no
Cell_2098	2	no
Cell_2099	1	no
Cell_2100	1	no
Cell_2101	4	no
Cell_2102	1	no
Cell_2103	4	no
Cell_2104	2	no
Cell_2105	4	no
Cell_2106	4	no
Cell_2107	4	no
Cell_2108	4	no
Cell_2109	4	no
Cell_2110	4	no
Cell_2111	3	no
Cell_2112	4	no
Cell_2113	4	no
Cell_2114	2	no
Cell_2115	4	no
Cell_2116	4	no
Cell_2117	4	no
Cell_2118	2	no
Cell_2119	4	no
Cell_2120	1	no
Cell_2121	2	no
Cell_2122	4	no
Cell_2123	1	no
Cell_2124	4	no
Cell_2125	4	no
Cell_2126	4	no
Cell_2127	4	no
Cell_2128	4	no
Cell_2129	1	no
Cell_2130	4	no
Cell_2131	4	no
Cell_2132	1	no
Cell_2133	4	no
Cell_2134	4	no
Cell_2135	4	no
Cell_2136	2	no
Cell_2137	2	no
Cell_2138	5	no
Cell_2139	4	no
Cell_2140	4	no
Cell_2141	4	no
Cell_2142	4	no
Cell_2143	4	no
Cell_2144	4	no
Cell_2145	1	no
Cell_2146	4	no
Cell_2147	4	no
Cell_2148	4	no
Cell_2149	4	no
Cell_2150	1	no
Cell_2151	3	no
Cell_2152	5	no
Cell_2153	4	no
Cell_2154	4	no
Cell_2155	4	no
Cell_2156	4	no
Cell_2157	4	no
Cell_2158	3	no
Cell_2159	4	no
Cell_2160	4	no
Cell_2161	4	no
Cell_2162	3	no
Cell_2163	3	no
Cell_2164	4	no
Cell_2165	1	no
Cell_2166	4	no
Cell_2167	4	no
Cell_2168	4	no
Cell_2169	4	no
Cell_2170	4	no
Cell_2171	1	yes
Cell_2172	2	no
Cell_2173	4	no
Cell_2174	4	no
Cell_2175	4	no
Cell_2176	2	no
Cell_2177	4	no
Cell_2178	3	yes
Cell_2179	2	no
Cell_2180	4	no
Cell_2181	4	no
Cell_2182	4	no
Cell_2183	4	no
Cell_2184	4	no
Cell_2185	4	no
Cell_2186	4	no
Cell_2187	3	no
Cell_2188	2	no
Cell_2189	4	no
Cell_2190	4	no
Cell_2191	1	no
Cell_2192	4	no
Cell_2193	3	no
Cell_2194	4	no
Cell_2195	2	no
Cell_2196	1	yes
Cell_2197	1	no
Cell_2198	1	no
Cell_2199	1	no
Cell_2200	2	no
Cell_2201	4	no
Cell_2202	4	no
Cell_2203	4	no
Cell_2204	4	no
Cell_2205	4	no
Cell_2206	4	no
Cell_2207	4	no
Cell_2208	2	no
Cell_2209	2	no
Cell_2210	4	no
Cell_2211	4	no
Cell_2212	4	no
Cell_2213	4	no
Cell_2214	4	no
Cell_2215	3	no
Cell_2216	4	no
Cell_2217	4	no
Cell_2218	4	no
Cell_2219	4	no
Cell_2220	3	no
Cell_2221	4	no
Cell_2222	4	no
Cell_2223	4	no
Cell_2224	4	no
Cell_2225	2	no
Cell_2226	4	no
Cell_2227	1	no
Cell_2228	1	no
Cell_2229	4	no
Cell_2230	4	no
Cell_2231	4	no
Cell_2232	4	no
Cell_2233	4	no
Cell_2234	2	no
Cell_2235	1	no
Cell_2236	4	no
Cell_2237	3	no
Cell_2238	4	no
Cell_2239	3	no
Cell_2240	4	no
Cell_2241	4	no
Cell_2242	4	no
Cell_2243	4	no
Cell_2244	4	no
Cell_2245	4	no
Cell_2246	4	no
Cell_2247	4	no
Cell_2248	3	no
Cell_2249	4	no
Cell_2250	4	no
Cell_2251	4	no
Cell_2252	1	no
Cell_2253	1	no
Cell_2254	4	no
Cell_2255	4	no
Cell_2256	4	no
Cell_2257	4	no
Cell_2258	3	no
Cell_2259	4	no
Cell_2260	5	no
Cell_2261	4	no
Cell_2262	1	no
Cell_2263	2	no
Cell_2264	3	no
Cell_2265	4	no
Cell_2266	2	no
Cell_2267	2	no
Cell_2268	2	no
Cell_2269	4	no
Cell_2270	4	no
Cell_2271	4	no
Cell_2272	4	no
Cell_2273	4	no
Cell_2274	2	no
Cell_2275	4	no
Cell_2276	2	no
Cell_2277	2	no
Cell_2278	4	no
Cell_2279	4	no
Cell_2280	2	no
Cell_2281	4	no
Cell_2282	4	no
Cell_2283	4	no
Cell_2284	4	no
Cell_2285	4	no
Cell_2286	3	no
Cell_2287	2	no
Cell_2288	2	no
Cell_2289	3	no
Cell_2290	4	no
Cell_2291	4	no
Cell_2292	2	no
Cell_2293	4	no
Cell_2294	4	no
Cell_2295	1	yes
Cell_2296	4	no
Cell_2297	4	no
Cell_2298	4	no
Cell_2299	4	no
Cell_2300	1	no
Cell_2301	4	no
Cell_2302	4	no
Cell_2303	4	no
Cell_2304	1	no
Cell_2305	2	no
Cell_2306	4	no
Cell_2307	4	no
Cell_2308	4	no
Cell_2309	4	no
Cell_2310	4	no
Cell_2311	3	no
Cell_2312	4	no
Cell_2313	4	no
Cell_2314	4	no
Cell_2315	2	no
Cell_2316	1	no
Cell_2317	1	no
Cell_2318	3	no
Cell_2319	4	no
Cell_2320	4	no
Cell_2321	4	no
Cell_2322	3	no
Cell_2323	4	no
Cell_2324	4	no
Cell_2325	3	no
Cell_2326	2	no
Cell_2327	4	no
Cell_2328	2	no
Cell_2329	4	no
Cell_2330	1	no
Cell_2331	4	no
Cell_2332	3	no
Cell_2333	4	no
Cell_2334	4	no
Cell_2335	4	no
Cell_2336	4	no
Cell_2337	4	no
Cell_2338	4	no
Cell_2339	4	no
Cell_2340	2	no
Cell_2341	4	no
Cell_2342	4	no
Cell_2343	4	no
Cell_2344	4	no
Cell_2345	2	no
Cell_2346	4	no
Cell_2347	2	no
Cell_2348	2	no
Cell_2349	4	no
Cell_2350	4	no
Cell_2351	4	no
Cell_2352	2	no
Cell_2353	4	no
Cell_2354	3	no
Cell_2355	4	no
Cell_2356	4	no
Cell_2357	3	no
Cell_2358	4	no
Cell_2359	4	no
Cell_2360	4	no
Cell_2361	4	no
Cell_2362	4	no
Cell_2363	1	no
Cell_2364	1	no
Cell_2365	4	no
Cell_2366	1	no
Cell_2367	4	no
Cell_2368	1	no
Cell_2369	1	no
Cell_2370	4	no
Cell_2371	4	no
Cell_2372	2	no
Cell_2373	2	no
Cell_2374	4	no
Cell_2375	3	no
Cell_2376	4	no
Cell_2377	4	no
Cell_2378	4	no
Cell_2379	4	no
Cell_2380	4	no
Cell_2381	4	no
Cell_2382	1	no
Cell_2383	4	no
Cell_2384	1	no
Cell_2385	1	no
Cell_2386	4	no
Cell_2387	4	no
Cell_2388	2	no
Cell_2389	2	no
Cell_2390	4	no
Cell_2391	2	no
Cell_2392	4	no
Cell_2393	4	no
Cell_2394	4	no
Cell_2395	3	yes
Cell_2396	4	no
Cell_2397	3	no
Cell_2398	4	no
Cell_2399	4	no
Cell_2400	4	no
Cell_2401	4	no
Cell_2402	4	no
Cell_2403	1	no
Cell_2404	4	no
Cell_2405	2	no
Cell_2406	4	no
Cell_2407	2	no
Cell_2408	4	no
Cell_2409	1	no
Cell_2410	4	no
Cell_2411	3	yes
Cell_2412	4	no
Cell_2413	4	no
Cell_2414	4	no
Cell_2415	4	no
Cell_2416	4	no
Cell_2417	4	no
Cell_2418	4	no
Cell_2419	2	no
Cell_2420	2	no
Cell_2421	4	no
Cell_2422	4	no
Cell_2423	2	no
Cell_2424	3	no
Cell_2425	4	no
Cell_2426	4	no
Cell_2427	3	no
Cell_2428	1	no
Cell_2429	4	no
Cell_2430	4	no
Cell_2431	1	no
Cell_2432	4	no
Cell_2433	4	no
Cell_2434	4	no
Cell_2435	4	no
Cell_2436	4	no
Cell_2437	4	no
Cell_2438	4	no
Cell_2439	4	no
Cell_2440	3	no
Cell_2441	3	yes
Cell_2442	4	no
Cell_2443	4	no
Cell_2444	3	no
Cell_2445	4	no
Cell_2446	4	no
Cell_2447	2	no
Cell_2448	4	no
Cell_2449	4	no
Cell_2450	2	no
Cell_2451	4	no
Cell_2452	4	no
Cell_2453	4	no
Cell_2454	1	no
Cell_2455	4	no
Cell_2456	4	no
Cell_2457	4	no
Cell_2458	4	no
Cell_2459	1	no
Cell_2460	3	no
Cell_2461	4	no
Cell_2462	3	no
Cell_2463	4	no
Cell_2464	4	no
Cell_2465	4	no
Cell_2466	4	no
Cell_2467	1	no
Cell_2468	4	no
Cell_2469	2	no
Cell_2470	4	no
Cell_2471	4	no
Cell_2472	2	no
Cell_2473	4	no
Cell_2474	4	no
Cell_2475	4	no
Cell_2476	4	no
Cell_2477	3	no
Cell_2478	2	no
Cell_2479	4	no
Cell_2480	4	no
Cell_2481	4	no
Cell_2482	4	no
Cell_2483	4	no
Cell_2484	4	no
Cell_2485	4	no
Cell_2486	4	no
Cell_2487	1	no
Cell_2488	4	no
Cell_2489	4	no
Cell_2490	4	no
Cell_2491	4	no
Cell_2492	4	no
Cell_2493	4	no
Cell_2494	4	no
Cell_2495	4	no
Cell_2496	4	no
Cell_2497	1	no
Cell_2498	2	no
Cell_2499	4	no
Cell_2500	4	no
Cell_2501	4	no
Cell_2502	5	no
Cell_2503	4	no
Cell_2504	4	no
Cell_2505	4	no
Cell_2506	4	no
Cell_2507	4	no
Cell_2508	4	no
Cell_2509	4	no
Cell_2510	4	no
Cell_2511	4	no
Cell_2512	4	no
Cell_2513	4	no
Cell_2514	4	no
Cell_2515	4	no
Cell_2516	3	no
Cell_2517	1	no
Cell_2518	4	no
Cell_2519	4	no
Cell_2520	4	no
Cell_2521	4	no
Cell_2522	4	no
Cell_2523	4	no
Cell_2524	2	no
Cell_2525	2	no
Cell_2526	4	no
Cell_2527	2	no
Cell_2528	2	no
Cell_2529	1	no
Cell_2530	2	no
Cell_2531	4	no
Cell_2532	4	no
Cell_2533	4	no
Cell_2534	2	no
Cell_2535	4	no
Cell_2536	2	no
Cell_2537	4	no
Cell_2538	3	no
Cell_2539	4	no
Cell_2540	2	no
Cell_2541	5	no
Cell_2542	4	no
Cell_2543	4	no
Cell_2544	4	no
Cell_2545	4	no
Cell_2546	4	no
Cell_2547	1	no
Cell_2548	1	no
Cell_2549	4	no
Cell_2550	4	no
Cell_2551	4	no
Cell_2552	1	no
Cell_2553	4	no
Cell_2554	4	no
Cell_2555	2	no
Cell_2556	4	no
Cell_2557	4	no
Cell_2558	4	no
Cell_2559	1	no
Cell_2560	4	no
Cell_2561	3	no
Cell_2562	4	no
Cell_2563	2	no
Cell_2564	3	yes
Cell_2565	4	no
Cell_2566	4	no
Cell_2567	2	no
Cell_2568	2	no
Cell_2569	2	no
Cell_2570	3	no
Cell_2571	1	no
Cell_2572	2	no
Cell_2573	1	yes
Cell_2574	4	no
Cell_2575	4	no
Cell_2576	4	no
Cell_2577	4	no
Cell_2578	4	no
Cell_2579	4	no
Cell_2580	4	no
Cell_2581	4	no
Cell_2582	1	no
Cell_2583	2	no
Cell_2584	4	no
Cell_2585	4	no
Cell_2586	4	no
Cell_2587	3	no
Cell_2588	4	no
Cell_2589	4	no
Cell_2590	4	no
Cell_2591	2	no
Cell_2592	4	no
Cell_2593	3	no
Cell_2594	4	no
Cell_2595	4	no
Cell_2596	2	no
Cell_2597	4	no
Cell_2598	3	no
Cell_2599	4	no
Cell_2600	4	no
Cell_2601	4	no
Cell_2602	4	no
Cell_2603	4	no
Cell_2604	2	no
Cell_2605	4	no
Cell_2606	1	no
Cell_2607	4	no
Cell_2608	4	no
Cell_2609	4	no
Cell_2610	4	no
Cell_2611	4	no
Cell_2612	3	no
Cell_2613	4	no
Cell_2614	4	no
Cell_2615	4	no
Cell_2616	2	no
Cell_2617	4	no
Cell_2618	4	no
Cell_2619	4	no
Cell_2620	1	no
Cell_2621	4	no
Cell_2622	4	no
Cell_2623	4	no
Cell_2624	4	no
Cell_2625	4	no
Cell_2626	2	no
Cell_2627	4	no
Cell_2628	4	no
Cell_2629	4	no
Cell_2630	1	no
Cell_2631	4	no
Cell_2632	4	no
Cell_2633	4	no
Cell_2634	4	no
Cell_2635	3	no
Cell_2636	4	no
Cell_2637	4	no
Cell_2638	4	no
Cell_2639	4	no
Cell_2640	4	no
Cell_2641	1	no
Cell_2642	4	no
Cell_2643	3	no
Cell_2644	4	no
Cell_2645	3	no
Cell_2646	4	no
Cell_2647	4	no
Cell_2648	3	no
Cell_2649	4	no
Cell_2650	4	no
Cell_2651	3	no
Cell_2652	4	no
Cell_2653	4	no
Cell_2654	4	no
Cell_2655	4	no
Cell_2656	4	no
Cell_2657	4	no
Cell_2658	4	no
Cell_2659	1	no
Cell_2660	4	no
Cell_2661	4	no
Cell_2662	4	no
Cell_2663	4	no
Cell_2664	3	no
Cell_2665	4	no
Cell_2666	1	no
Cell_2667	4	no
Cell_2668	2	no
Cell_2669	3	no
Cell_2670	3	no
Cell_2671	1	no
Cell_2672	3	no
Cell_2673	4	no
Cell_2674	4	no
Cell_2675	1	no
Cell_2676	4	no
Cell_2677	3	no
Cell_2678	1	no
Cell_2679	3	no
Cell_2680	1	no
Cell_2681	4	no
Cell_2682	2	no
Cell_2683	4	no
Cell_2684	1	no
Cell_2685	4	no
Cell_2686	1	no
Cell_2687	4	no
Cell_2688	1	no
Cell_2689	4	no
Cell_2690	4	no
Cell_2691	4	no
Cell_2692	4	no
Cell_2693	4	no
Cell_2694	1	no
Cell_2695	4	no
Cell_2696	4	no
Cell_2697	1	no
Cell_2698	4	no
Cell_2699	4	no
Cell_2700	1	no
Cell_2701	4	no
Cell_2702	1	no
Cell_2703	4	no
Cell_2704	4	no
Cell_2705	4	no
Cell_2706	1	no
Cell_2707	4	no
Cell_2708	2	no
Cell_2709	4	no
Cell_2710	4	no
Cell_2711	3	no
Cell_2712	4	no
Cell_2713	4	no
Cell_2714	3	no
Cell_2715	4	no
Cell_2716	2	no
Cell_2717	4	no
Cell_2718	4	no
Cell_2719	3	no
Cell_2720	4	no
Cell_2721	2	no
Cell_2722	4	no
Cell_2723	2	no
Cell_2724	4	no
Cell_2725	4	no
Cell_2726	4	no
Cell_2727	2	no
Cell_2728	3	no
Cell_2729	1	yes
Cell_2730	4	no
Cell_2731	1	no
Cell_2732	4	no
Cell_2733	4	no
Cell_2734	4	no
Cell_2735	4	no
Cell_2736	4	no
Cell_2737	1	no
Cell_2738	4	no
Cell_2739	4	no
Cell_2740	4	no
Cell_2741	4	no
Cell_2742	4	no
Cell_2743	3	no
Cell_2744	4	no
Cell_2745	4	no
Cell_2746	4	no
Cell_2747	4	no
Cell_2748	4	no
Cell_2749	4	no
Cell_2750	4	no
Cell_2751	4	no
Cell_2752	4	no
Cell_2753	4	no
Cell_2754	1	no
Cell_2755	4	no
Cell_2756	1	no
Cell_2757	3	no
Cell_2758	4	no
Cell_2759	3	no
Cell_2760	3	no
Cell_2761	4	no
Cell_2762	4	no
Cell_2763	4	no
Cell_2764	4	no
Cell_2765	4	no
Cell_2766	4	no
Cell_2767	4	no
Cell_2768	4	no
Cell_2769	1	no
Cell_2770	4	no
Cell_2771	2	no
Cell_2772	4	no
Cell_2773	3	no
Cell_2774	1	no
Cell_2775	3	no
Cell_2776	4	no
Cell_2777	1	no
Cell_2778	4	no
Cell_2779	4	no
Cell_2780	2	no
Cell_2781	4	no
Cell_2782	4	no
Cell_2783	1	no
Cell_2784	4	no
Cell_2785	4	no
Cell_2786	4	no
Cell_2787	4	no
Cell_2788	4	no
Cell_2789	1	no
Cell_2790	1	no
Cell_2791	4	no
Cell_2792	4	no
Cell_2793	4	no
Cell_2794	4	no
Cell_2795	4	no
Cell_2796	4	no
Cell_2797	4	no
Cell_2798	4	no
Cell_2799	5	no
Cell_2800	2	no
Cell_2801	4	no
Cell_2802	4	no
Cell_2803	4	no
Cell_2804	4	no
Cell_2805	4	no
Cell_2806	4	no
Cell_2807	4	no
Cell_2808	3	no
Cell_2809	4	no
Cell_2810	1	no
Cell_2811	1	no
Cell_2812	4	no
Cell_2813	2	no
Cell_2814	4	no
Cell_2815	4	no
Cell_2816	4	no
Cell_2817	4	no
Cell_2818	1	no
Cell_2819	4	no
Cell_2820	4	no
Cell_2821	4	no
Cell_2822	4	no
Cell_2823	2	no
Cell_2824	4	no
Cell_2825	4	no
Cell_2826	4	no
Cell_2827	4	no
Cell_2828	2	no
Cell_2829	2	no
Cell_2830	3	no
Cell_2831	4	no
Cell_2832	4	no
Cell_2833	4	no
Cell_2834	4	no
Cell_2835	4	no
Cell_2836	4	no
Cell_2837	2	no
Cell_2838	2	no
Cell_2839	4	no
Cell_2840	4	no
Cell_2841	3	no
Cell_2842	2	no
Cell_2843	4	no
Cell_2844	4	no
Cell_2845	4	no
Cell_2846	4	no
Cell_2847	3	no
Cell_2848	4	no
Cell_2849	1	no
Cell_2850	4	no
Cell_2851	4	no
Cell_2852	4	no
Cell_2853	4	no
Cell_2854	4	no
Cell_2855	4	no
Cell_2856	3	no
Cell_2857	4	no
Cell_2858	4	no
Cell_2859	1	no
Cell_2860	4	no
Cell_2861	4	no
Cell_2862	3	no
Cell_2863	4	no
Cell_2864	4	no
Cell_2865	4	no
Cell_2866	4	no
Cell_2867	4	no
Cell_2868	4	no
Cell_2869	4	no
Cell_2870	4	no
Cell_2871	4	no
Cell_2872	4	no
Cell_2873	2	no
Cell_2874	4	no
Cell_2875	4	no
Cell_2876	1	no
Cell_2877	1	no
Cell_2878	3	no
Cell_2879	4	no
Cell_2880	1	no
Cell_2881	4	no
Cell_2882	3	yes
Cell_2883	3	no
Cell_2884	4	no
Cell_2885	4	no
Cell_2886	4	no
Cell_2887	3	no
Cell_2888	4	no
Cell_2889	4	no
Cell_2890	2	no
Cell_2891	4	no
Cell_2892	4	no
Cell_2893	4	no
Cell_2894	2	no
Cell_2895	4	no
Cell_2896	2	no
Cell_2897	1	no
Cell_2898	4	no
Cell_2899	4	no
Cell_2900	1	no
Cell_2901	2	no
Cell_2902	4	no
Cell_2903	4	no
Cell_2904	4	no
Cell_2905	4	no
Cell_2906	1	no
Cell_2907	4	no
Cell_2908	4	no
Cell_2909	1	no
Cell_2910	4	no
Cell_2911	2	no
Cell_2912	4	no
Cell_2913	2	no
Cell_2914	4	no
Cell_2915	2	no
Cell_2916	4	no
Cell_2917	4	no
Cell_2918	4	no
Cell_2919	5	no
Cell_2920	3	no
Cell_2921	4	no
Cell_2922	4	no
Cell_2923	2	no
Cell_2924	4	no
Cell_2925	2	no
Cell_2926	4	no
Cell_2927	1	no
Cell_2928	4	no
Cell_2929	4	no
Cell_2930	2	no
Cell_2931	4	no
Cell_2932	2	no
Cell_2933	1	no
Cell_2934	4	no
Cell_2935	4	no
Cell_2936	2	no
Cell_2937	1	no
Cell_2938	4	no
Cell_2939	1	no
Cell_2940	4	no
Cell_2941	4	no
Cell_2942	4	no
Cell_2943	2	no
Cell_2944	2	no
Cell_2945	2	no
Cell_2946	4	no
Cell_2947	4	no
Cell_2948	2	no
Cell_2949	4	no
Cell_2950	4	no
Cell_2951	4	no
Cell_2952	3	no
Cell_2953	4	no
Cell_2954	4	no
Cell_2955	4	no
Cell_2956	3	no
Cell_2957	4	no
Cell_2958	4	no
Cell_2959	1	no
Cell_2960	4	no
Cell_2961	4	no
Cell_2962	4	no
Cell_2963	4	no
Cell_2964	4	no
Cell_2965	4	no
Cell_2966	4	no
Cell_2967	4	no
Cell_2968	4	no
Cell_2969	2	no
Cell_2970	4	no
Cell_2971	4	no
Cell_2972	3	no
Cell_2973	1	no
Cell_2974	3	no
Cell_2975	4	no
Cell_2976	4	no
Cell_2977	1	no
Cell_2978	3	no
Cell_2979	4	no
Cell_2980	4	no
Cell_2981	4	no
Cell_2982	4	no
Cell_2983	4	no
Cell_2984	2	no
Cell_2985	4	no
Cell_2986	4	no
Cell_2987	4	no
Cell_2988	4	no
Cell_2989	3	no
Cell_2990	1	no
Cell_2991	4	no
Cell_2992	4	no
Cell_2993	4	no
Cell_2994	4	no
Cell_2995	4	no
Cell_2996	4	no
Cell_2997	3	no
Cell_2998	4	no
Cell_2999	3	no
Cell_3000	4	no
Cell_3001	3	no
Cell_3002	4	no
Cell_3003	4	no
Cell_3004	2	no
Cell_3005	4	no
Cell_3006	1	no
Cell_3007	2	no
Cell_3008	1	no
Cell_3009	4	no
Cell_3010	4	no
Cell_3011	1	no
Cell_3012	4	no
Cell_3013	4	no
Cell_3014	3	no
Cell_3015	2	no
Cell_3016	4	no
Cell_3017	4	no
Cell_3018	3	no
Cell_3019	4	no
Cell_3020	4	no
Cell_3021	4	no
Cell_3022	2	no
Cell_3023	4	no
Cell_3024	4	no
Cell_3025	4	no
Cell_3026	4	no
Cell_3027	2	no
Cell_3028	2	no
Cell_3029	1	no
Cell_3030	2	no
Cell_3031	4	no
Cell_3032	4	no
Cell_3033	4	no
Cell_3034	1	no
Cell_3035	1	no
Cell_3036	4	no
Cell_3037	3	no
Cell_3038	4	no
Cell_3039	3	no
Cell_3040	1	no
Cell_3041	4	no
Cell_3042	4	no
Cell_3043	4	no
Cell_3044	3	no
Cell_3045	1	no
Cell_3046	2	no
Cell_3047	4	no
Cell_3048	4	no
Cell_3049	4	no
Cell_3050	4	no
Cell_3051	5	no
Cell_3052	4	no
Cell_3053	4	no
Cell_3054	4	no
Cell_3055	1	no
Cell_3056	2	no
Cell_3057	2	no
Cell_3058	4	no
Cell_3059	4	no
Cell_3060	4	no
Cell_3061	3	no
Cell_3062	4	no
Cell_3063	4	no
Cell_3064	1	no
Cell_3065	4	no
Cell_3066	4	no
Cell_3067	1	no
Cell_3068	4	no
Cell_3069	4	no
Cell_3070	4	no
Cell_3071	4	no
Cell_3072	1	no
Cell_3073	4	no
Cell_3074	4	no
Cell_3075	4	no
Cell_3076	4	no
Cell_3077	4	no
Cell_3078	4	no
Cell_3079	4	no
Cell_3080	4	no
Cell_3081	4	no
Cell_3082	4	no
Cell_3083	4	no
Cell_3084	4	no
Cell_3085	1	no
Cell_3086	4	no
Cell_3087	3	no
Cell_3088	4	no
Cell_3089	4	no
Cell_3090	3	no
Cell_3091	2	no
Cell_3092	1	no
Cell_3093	4	no
Cell_3094	2	no
Cell_3095	4	no
Cell_3096	4	no
Cell_3097	4	no
Cell_3098	2	no
Cell_3099	4	no
Cell_3100	4	no
Cell_3101	4	no
Cell_3102	4	no
Cell_3103	1	no
Cell_3104	4	no
Cell_3105	4	no
Cell_3106	4	no
Cell_3107	2	no
Cell_3108	4	no
Cell_3109	4	no
Cell_3110	3	no
Cell_3111	4	no
Cell_3112	4	no
Cell_3113	2	no
Cell_3114	1	no
Cell_3115	4	no
Cell_3116	4	no
Cell_3117	4	no
Cell_3118	4	no
Cell_3119	1	no
Cell_3120	4	no
Cell_3121	4	no
Cell_3122	4	no
Cell_3123	4	no
Cell_3124	4	no
Cell_3125	4	no
Cell_3126	4	no
Cell_3127	4	no
Cell_3128	4	no
Cell_3129	4	no
Cell_3130	4	no
Cell_3131	4	no
Cell_3132	4	no
Cell_3133	4	no
Cell_3134	2	no
Cell_3135	4	no
Cell_3136	1	no
Cell_3137	4	no
Cell_3138	4	no
Cell_3139	4	no
Cell_3140	4	no
Cell_3141	1	no
Cell_3142	4	no
Cell_3143	1	no
Cell_3144	4	no
Cell_3145	4	no
Cell_3146	2	no
Cell_3147	4	no
Cell_3148	2	no
Cell_3149	2	no
Cell_3150	1	no
Cell_3151	4	no
Cell_3152	4	no
Cell_3153	3	no
Cell_3154	4	no
Cell_3155	4	no
Cell_3156	4	no
Cell_3157	4	no
Cell_3158	4	no
Cell_3159	4	no
Cell_3160	3	yes
Cell_3161	3	no
Cell_3162	4	no
Cell_3163	3	no
Cell_3164	4	no
Cell_3165	4	no
Cell_3166	4	no
Cell_3167	2	no
Cell_3168	2	no
Cell_3169	4	no
Cell_3170	1	no
Cell_3171	4	no
Cell_3172	4	no
Cell_3173	4	no
Cell_3174	3	no
Cell_3175	4	no
Cell_3176	3	no
Cell_3177	3	no
Cell_3178	1	no
Cell_3179	2	no
Cell_3180	2	no
Cell_3181	2	no
Cell_3182	4	no
Cell_3183	4	no
Cell_3184	4	no
Cell_3185	4	no
Cell_3186	4	no
Cell_3187	5	no
Cell_3188	4	no
Cell_3189	4	no
Cell_3190	4	no
Cell_3191	4	no
Cell_3192	2	no
Cell_3193	4	no
Cell_3194	4	no
Cell_3195	4	no
Cell_3196	4	no
Cell_3197	4	no
Cell_3198	4	no
Cell_3199	4	no
Cell_3200	4	no
Cell_3201	3	no
Cell_3202	4	no
Cell_3203	4	no
Cell_3204	4	no
Cell_3205	4	no
Cell_3206	4	no
Cell_3207	1	no
Cell_3208	1	no
Cell_3209	1	no
Cell_3210	4	no
Cell_3211	4	no
Cell_3212	4	no
Cell_3213	4	no
Cell_3214	2	no
Cell_3215	4	no
Cell_3216	4	no
Cell_3217	4	no
Cell_3218	2	no
Cell_3219	4	no
Cell_3220	4	no
Cell_3221	1	no
Cell_3222	2	no
Cell_3223	1	no
Cell_3224	4	no
Cell_3225	4	no
Cell_3226	4	no
Cell_3227	4	no
Cell_3228	4	no
Cell_3229	1	no
Cell_3230	4	no
Cell_3231	2	no
Cell_3232	2	no
Cell_3233	4	no
Cell_3234	4	no
Cell_3235	4	no
Cell_3236	4	no
Cell_3237	2	no
Cell_3238	3	no
Cell_3239	2	no
Cell_3240	4	no
Cell_3241	4	no
Cell_3242	3	no
Cell_3243	4	no
Cell_3244	4	no
Cell_3245	4	no
Cell_3246	4	no
Cell_3247	1	no
Cell_3248	4	no
Cell_3249	4	no
Cell_3250	4	no
Cell_3251	2	no
Cell_3252	4	no
Cell_3253	2	no
Cell_3254	4	no
Cell_3255	2	no
Cell_3256	4	no
Cell_3257	2	no
Cell_3258	4	no
Cell_3259	1	no
Cell_3260	4	no
Cell_3261	4	no
Cell_3262	4	no
Cell_3263	1	no
Cell_3264	2	no
Cell_3265	1	no
Cell_3266	4	no
Cell_3267	4	no
Cell_3268	4	no
Cell_3269	2	no
Cell_3270	4	no
Cell_3271	4	no
Cell_3272	4	no
Cell_3273	2	no
Cell_3274	4	no
Cell_3275	4	no
Cell_3276	2	no
Cell_3277	1	no
Cell_3278	2	no
Cell_3279	4	no
Cell_3280	4	no
Cell_3281	4	no
Cell_3282	2	no
Cell_3283	4	no
Cell_3284	3	no
Cell_3285	4	no
Cell_3286	4	no
Cell_3287	4	no
Cell_3288	4	no
Cell_3289	4	no
Cell_3290	4	no
Cell_3291	4	no
Cell_3292	4	no
Cell_3293	4	no
Cell_3294	4	no
Cell_3295	4	no
Cell_3296	4	no
Cell_3297	4	no
Cell_3298	4	no
Cell_3299	4	no
Cell_3300	4	no
Cell_3301	2	no
Cell_3302	2	no
Cell_3303	1	no
Cell_3304	2	no
Cell_3305	4	no
Cell_3306	4	no
Cell_3307	3	no
Cell_3308	4	no
Cell_3309	3	no
Cell_3310	3	no
Cell_3311	5	no
Cell_3312	4	no
Cell_3313	4	no
Cell_3314	2	no
Cell_3315	4	no
Cell_3316	2	no
Cell_3317	4	no
Cell_3318	4	no
Cell_3319	4	no
Cell_3320	4	no
Cell_3321	4	no
Cell_3322	4	no
Cell_3323	4	no
Cell_3324	4	no
Cell_3325	1	no
Cell_3326	4	no
Cell_3327	4	no
Cell_3328	3	no
Cell_3329	4	no
Cell_3330	4	no
Cell_3331	3	no
Cell_3332	4	no
Cell_3333	4	no
Cell_3334	4	no
Cell_3335	4	no
Cell_3336	4	no
Cell_3337	4	no
Cell_3338	4	no
Cell_3339	2	no
Cell_3340	3	no
Cell_3341	4	no
Cell_3342	1	no
Cell_3343	4	no
Cell_3344	3	no
Cell_3345	4	no
Cell_3346	4	no
Cell_3347	4	no
Cell_3348	4	no
Cell_3349	1	no
Cell_3350	4	no
Cell_3351	4	no
Cell_3352	3	no
Cell_3353	2	no
Cell_3354	4	no
Cell_3355	4	no
Cell_3356	2	no
Cell_3357	4	no
Cell_3358	1	no
Cell_3359	2	no
Cell_3360	4	no
Cell_3361	4	no
Cell_3362	1	no
Cell_3363	3	no
Cell_3364	4	no
Cell_3365	2	no
Cell_3366	4	no
Cell_3367	3	yes
Cell_3368	4	no
Cell_3369	1	yes
Cell_3370	2	no
Cell_3371	4	no
Cell_3372	2	no
Cell_3373	4	no
Cell_3374	2	no
Cell_3375	4	no
Cell_3376	4	no
Cell_3377	3	no
Cell_3378	3	no
Cell_3379	2	no
Cell_3380	4	no
Cell_3381	1	yes
Cell_3382	2	no
Cell_3383	1	no
Cell_3384	4	no
Cell_3385	1	yes
Cell_3386	4	no
Cell_3387	4	no
Cell_3388	4	no
Cell_3389	1	no
Cell_3390	4	no
Cell_3391	4	no
Cell_3392	4	no
Cell_3393	1	no
Cell_3394	4	no
Cell_3395	4	no
Cell_3396	3	no
Cell_3397	4	no
Cell_3398	4	no
Cell_3399	4	no
Cell_3400	3	no
Cell_3401	2	no
Cell_3402	2	no
Cell_3403	3	yes
Cell_3404	1	no
Cell_3405	4	no
Cell_3406	4	no
Cell_3407	4	no
Cell_3408	4	no
Cell_3409	4	no
Cell_3410	4	no
Cell_3411	4	no
Cell_3412	4	no
Cell_3413	4	no
Cell_3414	4	no
Cell_3415	4	no
Cell_3416	4	no
Cell_3417	4	no
Cell_3418	4	no
Cell_3419	4	no
Cell_3420	4	no
Cell_3421	4	no
Cell_3422	3	no
Cell_3423	4	no
Cell_3424	4	no
Cell_3425	4	no
Cell_3426	4	no
Cell_3427	4	no
Cell_3428	3	no
Cell_3429	4	no
Cell_3430	4	no
Cell_3431	4	no
Cell_3432	4	no
Cell_3433	2	no
Cell_3434	4	no
Cell_3435	4	no
Cell_3436	4	no
Cell_3437	2	no
Cell_3438	4	no
Cell_3439	4	no
Cell_3440	4	no
Cell_3441	1	no
Cell_3442	4	no
Cell_3443	1	no
Cell_3444	4	no
Cell_3445	4	no
Cell_3446	4	no
Cell_3447	4	no
Cell_3448	4	no
Cell_3449	4	no
Cell_3450	2	no
Cell_3451	4	no
Cell_3452	4	no
Cell_3453	4	no
Cell_3454	4	no
Cell_3455	2	no
Cell_3456	2	no
Cell_3457	4	no
Cell_3458	4	no
Cell_3459	4	no
Cell_3460	4	no
Cell_3461	2	no
Cell_3462	4	no
Cell_3463	4	no
Cell_3464	4	yes
Cell_3465	4	no
Cell_3466	4	no
Cell_3467	4	no
Cell_3468	4	no
Cell_3469	4	no
Cell_3470	4	no
Cell_3471	2	no
Cell_3472	4	no
Cell_3473	3	no
Cell_3474	4	no
Cell_3475	4	no
Cell_3476	4	no
Cell_3477	4	no
Cell_3478	4	no
Cell_3479	4	no
Cell_3480	4	no
Cell_3481	1	no
Cell_3482	4	no
Cell_3483	4	no
Cell_3484	4	no
Cell_3485	3	no
Cell_3486	4	no
Cell_3487	1	no
Cell_3488	1	no
Cell_3489	4	no
Cell_3490	3	no
Cell_3491	4	no
Cell_3492	4	no
Cell_3493	3	no
Cell_3494	2	no
Cell_3495	4	no
Cell_3496	1	no
Cell_3497	4	no
Cell_3498	4	no
Cell_3499	1	no
Cell_3500	4	no
Cell_3501	4	no
Cell_3502	4	no
Cell_3503	4	no
Cell_3504	3	no
Cell_3505	5	no
Cell_3506	4	no
Cell_3507	4	no
Cell_3508	4	no
Cell_3509	4	no
Cell_3510	4	no
Cell_3511	4	no
Cell_3512	4	no
Cell_3513	4	no
Cell_3514	3	no
Cell_3515	1	yes
Cell_3516	1	no
Cell_3517	4	no
Cell_3518	4	no
Cell_3519	1	no
Cell_3520	4	no
Cell_3521	4	no
Cell_3522	4	no
Cell_3523	3	no
Cell_3524	4	no
Cell_3525	2	no
Cell_3526	4	no
Cell_3527	4	no
Cell_3528	4	no
Cell_3529	1	no
Cell_3530	4	no
Cell_3531	4	no
Cell_3532	1	yes
Cell_3533	1	no
Cell_3534	4	no
Cell_3535	2	no
Cell_3536	4	no
Cell_3537	1	no
Cell_3538	4	no
Cell_3539	4	no
Cell_3540	4	no
Cell_3541	4	no
Cell_3542	3	no
Cell_3543	4	no
Cell_3544	2	no
Cell_3545	4	no
Cell_3546	1	no
Cell_3547	2	no
Cell_3548	4	no
Cell_3549	4	no
Cell_3550	4	no
Cell_3551	4	no
Cell_3552	4	no
Cell_3553	4	no
Cell_3554	4	no
Cell_3555	1	no
Cell_3556	4	no
Cell_3557	4	no
Cell_3558	2	no
Cell_3559	3	no
Cell_3560	3	no
Cell_3561	4	no
Cell_3562	1	no
Cell_3563	4	no
Cell_3564	4	no
Cell_3565	4	no
Cell_3566	3	no
Cell_3567	4	no
Cell_3568	4	no
Cell_3569	5	no
Cell_3570	4	no
Cell_3571	4	no
Cell_3572	4	no
Cell_3573	4	no
Cell_3574	4	no
Cell_3575	3	no
Cell_3576	1	no
Cell_3577	4	no
Cell_3578	4	no
Cell_3579	2	no
Cell_3580	1	no
Cell_3581	2	no
Cell_3582	4	no
Cell_3583	4	no
Cell_3584	4	no
Cell_3585	4	no
Cell_3586	4	no
Cell_3587	2	no
Cell_3588	3	no
Cell_3589	5	no
Cell_3590	4	no
Cell_3591	4	no
Cell_3592	4	no
Cell_3593	4	no
Cell_3594	2	no
Cell_3595	2	no
Cell_3596	4	no
Cell_3597	1	no
Cell_3598	4	no
Cell_3599	4	no
Cell_3600	4	no
Cell_3601	4	no
Cell_3602	4	no
Cell_3603	4	no
Cell_3604	2	no
Cell_3605	2	no
Cell_3606	1	yes
Cell_3607	4	no
Cell_3608	3	no
Cell_3609	3	no
Cell_3610	4	no
Cell_3611	1	no
Cell_3612	2	no
Cell_3613	4	no
Cell_3614	4	no
Cell_3615	4	no
Cell_3616	3	no
Cell_3617	4	no
Cell_3618	4	no
Cell_3619	1	no
Cell_3620	4	no
Cell_3621	4	no
Cell_3622	4	no
Cell_3623	4	no
Cell_3624	4	no
Cell_3625	4	no
Cell_3626	4	no
Cell_3627	2	no
Cell_3628	4	no
Cell_3629	4	no
Cell_3630	4	no
Cell_3631	1	yes
Cell_3632	4	no
Cell_3633	1	no
Cell_3634	4	no
Cell_3635	2	no
Cell_3636	4	no
Cell_3637	1	no
Cell_3638	4	no
Cell_3639	4	no
Cell_3640	4	no
Cell_3641	4	no
Cell_3642	4	no
Cell_3643	4	no
Cell_3644	1	no
Cell_3645	2	no
Cell_3646	4	no
Cell_3647	4	no
Cell_3648	4	no
Cell_3649	2	no
Cell_3650	4	no
Cell_3651	4	no
Cell_3652	4	no
Cell_3653	4	no
Cell_3654	4	no
Cell_3655	4	no
Cell_3656	4	no
Cell_3657	4	no
Cell_3658	4	no
Cell_3659	4	no
Cell_3660	3	no
Cell_3661	1	no
Cell_3662	1	no
Cell_3663	4	no
Cell_3664	4	no
Cell_3665	4	no
Cell_3666	1	no
Cell_3667	4	no
Cell_3668	4	no
Cell_3669	4	no
Cell_3670	2	no
Cell_3671	5	no
Cell_3672	4	no
Cell_3673	2	no
Cell_3674	1	no
Cell_3675	4	no
Cell_3676	4	no
Cell_3677	4	no
Cell_3678	4	no
Cell_3679	4	no
Cell_3680	4	no
Cell_3681	4	no
Cell_3682	2	no
Cell_3683	2	no
Cell_3684	4	no
Cell_3685	2	no
Cell_3686	2	no
Cell_3687	4	no
Cell_3688	4	no
Cell_3689	4	no
Cell_3690	1	no
Cell_3691	1	no
Cell_3692	4	no
Cell_3693	3	no
Cell_3694	4	no
Cell_3695	4	no
Cell_3696	1	no
Cell_3697	4	no
Cell_3698	4	no
Cell_3699	4	no
Cell_3700	4	no
Cell_3701	4	no
Cell_3702	4	no
Cell_3703	4	no
Cell_3704	1	no
Cell_3705	4	no
Cell_3706	3	no
Cell_3707	4	no
Cell_3708	4	no
Cell_3709	4	no
Cell_3710	4	no
Cell_3711	3	no
Cell_3712	2	no
Cell_3713	3	no
Cell_3714	4	no
Cell_3715	4	no
Cell_3716	4	no
Cell_3717	4	no
Cell_3718	1	no
Cell_3719	4	no
Cell_3720	1	no
Cell_3721	1	no
Cell_3722	4	no
Cell_3723	4	no
Cell_3724	4	no
Cell_3725	4	no
Cell_3726	3	no
Cell_3727	4	no
Cell_3728	4	no
Cell_3729	4	no
Cell_3730	2	no
Cell_3731	4	no
Cell_3732	2	no
Cell_3733	4	no
Cell_3734	2	no
Cell_3735	4	no
Cell_3736	2	no
Cell_3737	4	no
Cell_3738	3	no
Cell_3739	4	no
Cell_3740	4	no
Cell_3741	4	no
Cell_3742	4	no
Cell_3743	4	no
Cell_3744	1	no
Cell_3745	1	no
Cell_3746	4	no
Cell_3747	3	no
Cell_3748	1	no
Cell_3749	4	no
Cell_3750	4	no
Cell_3751	4	no
Cell_3752	5	no
Cell_3753	4	no
Cell_3754	4	no
Cell_3755	4	no
Cell_3756	4	no
Cell_3757	4	no
Cell_3758	2	no
Cell_3759	4	no
Cell_3760	4	no
Cell_3761	4	no
Cell_3762	1	no
Cell_3763	4	no
Cell_3764	2	no
Cell_3765	2	no
Cell_3766	2	no
Cell_3767	4	no
Cell_3768	4	no
Cell_3769	4	no
Cell_3770	2	no
Cell_3771	4	no
Cell_3772	4	no
Cell_3773	4	no
Cell_3774	4	no
Cell_3775	4	no
Cell_3776	1	no
Cell_3777	3	no
Cell_3778	4	no
Cell_3779	1	no
Cell_3780	4	no
Cell_3781	4	no
Cell_3782	2	no
Cell_3783	4	no
Cell_3784	4	no
Cell_3785	4	no
Cell_3786	4	no
Cell_3787	4	no
Cell_3788	2	no
Cell_3789	1	no
Cell_3790	4	no
Cell_3791	2	no
Cell_3792	4	no
Cell_3793	2	no
Cell_3794	4	no
Cell_3795	4	no
Cell_3796	4	no
Cell_3797	4	no
Cell_3798	1	no
Cell_3799	4	no
Cell_3800	4	no
Cell_3801	1	no
Cell_3802	4	no
Cell_3803	4	no
Cell_3804	4	no
Cell_3805	4	no
Cell_3806	2	no
Cell_3807	4	no
Cell_3808	4	no
Cell_3809	2	no
Cell_3810	2	no
Cell_3811	4	no
Cell_3812	4	no
Cell_3813	4	no
Cell_3814	4	no
Cell_3815	4	no
Cell_3816	3	yes
Cell_3817	3	no
Cell_3818	4	no
Cell_3819	4	no
Cell_3820	3	no
Cell_3821	4	no
Cell_3822	2	no
Cell_3823	2	no
Cell_3824	4	no
Cell_3825	4	no
Cell_3826	2	no
Cell_3827	4	no
Cell_3828	4	no
Cell_3829	4	no
Cell_3830	4	no
Cell_3831	1	no
Cell_3832	4	no
Cell_3833	4	no
Cell_3834	4	no
Cell_3835	4	no
Cell_3836	1	no
Cell_3837	4	no
Cell_3838	1	no
Cell_3839	4	no
Cell_3840	3	no
Cell_3841	4	no
Cell_3842	4	no
Cell_3843	1	no
Cell_3844	4	no
Cell_3845	1	no
Cell_3846	4	no
Cell_3847	4	no
Cell_3848	4	no
Cell_3849	1	yes
Cell_3850	4	no
Cell_3851	4	no
Cell_3852	2	no
Cell_3853	4	no
Cell_3854	4	no
Cell_3855	4	no
Cell_3856	4	no
Cell_3857	4	no
Cell_3858	3	no
Cell_3859	4	no
Cell_3860	4	no
Cell_3861	5	no
Cell_3862	1	no
Cell_3863	4	no
Cell_3864	1	no
Cell_3865	4	no
Cell_3866	4	no
Cell_3867	4	no
Cell_3868	4	no
Cell_3869	4	no
Cell_3870	4	no
Cell_3871	2	yes
Cell_3872	4	no
Cell_3873	4	yes
Cell_3874	3	no
Cell_3875	4	no
Cell_3876	4	no
Cell_3877	4	no
Cell_3878	2	no
Cell_3879	4	no
Cell_3880	4	no
Cell_3881	4	no
Cell_3882	1	no
Cell_3883	2	no
Cell_3884	4	no
Cell_3885	3	no
Cell_3886	4	no
Cell_3887	2	no
Cell_3888	3	no
Cell_3889	4	no
Cell_3890	4	no
Cell_3891	4	no
Cell_3892	4	no
Cell_3893	2	no
Cell_3894	4	no
Cell_3895	4	no
Cell_3896	2	no
Cell_3897	3	no
Cell_3898	4	no
Cell_3899	4	no
Cell_3900	4	no
Cell_3901	4	no
Cell_3902	4	no
Cell_3903	4	no
Cell_3904	4	no
Cell_3905	3	no
Cell_3906	4	no
Cell_3907	4	no
Cell_3908	4	no
Cell_3909	3	no
Cell_3910	4	no
Cell_3911	4	no
Cell_3912	1	no
Cell_3913	4	no
Cell_3914	4	no
Cell_3915	4	no
Cell_3916	3	no
Cell_3917	4	no
Cell_3918	4	no
Cell_3919	3	no
Cell_3920	5	no
Cell_3921	4	no
Cell_3922	4	no
Cell_3923	4	no
Cell_3924	4	no
Cell_3925	4	no
Cell_3926	4	no
Cell_3927	4	no
Cell_3928	4	no
Cell_3929	4	no
Cell_3930	4	no
Cell_3931	4	no
Cell_3932	2	no
Cell_3933	4	no
Cell_3934	4	no
Cell_3935	4	no
Cell_3936	2	no
Cell_3937	4	no
Cell_3938	3	no
Cell_3939	4	no
Cell_3940	4	no
Cell_3941	1	no
Cell_3942	4	no
Cell_3943	2	no
Cell_3944	4	no
Cell_3945	2	no
Cell_3946	4	no
Cell_3947	3	no
Cell_3948	2	no
Cell_3949	4	no
Cell_3950	2	no
Cell_3951	2	no
Cell_3952	1	no
Cell_3953	4	no
Cell_3954	2	no
Cell_3955	4	no
Cell_3956	4	no
Cell_3957	4	no
Cell_3958	4	no
Cell_3959	3	no
Cell_3960	4	no
Cell_3961	2	no
Cell_3962	3	no
Cell_3963	4	no
Cell_3964	4	no
Cell_3965	4	no
Cell_3966	4	no
Cell_3967	2	no
Cell_3968	5	no
Cell_3969	4	no
Cell_3970	4	no
Cell_3971	4	no
Cell_3972	4	no
Cell_3973	4	no
Cell_3974	4	no
Cell_3975	4	no
Cell_3976	4	no
Cell_3977	2	no
Cell_3978	4	no
Cell_3979	4	no
Cell_3980	4	no
Cell_3981	4	no
Cell_3982	2	no
Cell_3983	4	no
Cell_3984	4	no
Cell_3985	3	no
Cell_3986	4	no
Cell_3987	1	yes
Cell_3988	4	no
Cell_3989	2	no
Cell_3990	2	no
Cell_3991	4	no
Cell_3992	4	no
Cell_3993	2	no
Cell_3994	4	no
Cell_3995	1	no
Cell_3996	4	no
Cell_3997	4	no
Cell_3998	4	no
Cell_3999	2	no
Cell_4000	4	no
Cell_4001	4	no
Cell_4002	4	no
Cell_4003	4	no
Cell_4004	1	no
Cell_4005	1	no
Cell_4006	3	no
Cell_4007	2	no
Cell_4008	4	no
Cell_4009	3	no
Cell_4010	4	no
Cell_4011	2	no
Cell_4012	2	no
Cell_4013	4	no
Cell_4014	4	no
Cell_4015	4	no
Cell_4016	4	no
Cell_4017	4	no
Cell_4018	2	no
Cell_4019	2	no
Cell_4020	4	no
Cell_4021	4	no
Cell_4022	4	no
Cell_4023	1	no
Cell_4024	2	no
Cell_4025	4	no
Cell_4026	4	no
Cell_4027	4	no
Cell_4028	4	no
Cell_4029	4	no
Cell_4030	4	no
Cell_4031	3	no
Cell_4032	2	no
Cell_4033	2	no
Cell_4034	1	no
Cell_4035	4	no
Cell_4036	4	no
Cell_4037	4	no
Cell_4038	4	no
Cell_4039	4	no
Cell_4040	3	no
Cell_4041	3	no
Cell_4042	4	no
Cell_4043	4	no
Cell_4044	4	no
Cell_4045	4	no
Cell_4046	4	no
Cell_4047	4	no
Cell_4048	4	no
Cell_4049	4	no
Cell_4050	1	no
Cell_4051	5	no
Cell_4052	3	no
Cell_4053	4	no
Cell_4054	4	no
Cell_4055	4	no
Cell_4056	4	no
Cell_4057	2	no
Cell_4058	4	no
Cell_4059	1	no
Cell_4060	4	no
Cell_4061	4	no
Cell_4062	3	no
Cell_4063	1	no
Cell_4064	1	no
Cell_4065	4	no
Cell_4066	4	no
Cell_4067	2	no
Cell_4068	4	yes
Cell_4069	4	no
Cell_4070	2	no
Cell_4071	4	no
Cell_4072	4	no
Cell_4073	4	no
Cell_4074	3	no
Cell_4075	2	no
Cell_4076	4	no
Cell_4077	4	no
Cell_4078	1	no
Cell_4079	4	no
Cell_4080	4	no
Cell_4081	4	no
Cell_4082	4	yes
Cell_4083	3	no
Cell_4084	4	no
Cell_4085	2	no
Cell_4086	1	no
Cell_4087	4	no
Cell_4088	4	no
Cell_4089	5	no
Cell_4090	4	no
Cell_4091	4	no
Cell_4092	4	no
Cell_4093	4	no
Cell_4094	4	no
Cell_4095	4	no
Cell_4096	2	no
Cell_4097	4	no
Cell_4098	1	yes
Cell_4099	3	no
Cell_4100	4	no
Cell_4101	4	no
Cell_4102	4	no
Cell_4103	4	no
Cell_4104	4	no
Cell_4105	4	no
Cell_4106	4	no
Cell_4107	4	no
Cell_4108	4	no
Cell_4109	2	no
Cell_4110	1	no
Cell_4111	1	no
Cell_4112	4	no
Cell_4113	1	no
Cell_4114	1	no
Cell_4115	4	no
Cell_4116	4	no
Cell_4117	2	no
Cell_4118	1	no
Cell_4119	2	no
Cell_4120	2	no
Cell_4121	1	no
Cell_4122	4	no
Cell_4123	4	no
Cell_4124	4	no
Cell_4125	4	no
