cell	Node 0	Node 1	Node 2	Node 3
Cell_0	2.84642e-24	0.861132	0.126515	0.0123537
Cell_1	2.07948e-18	0.8442	0.124027	0.0317727
Cell_2	7.07724e-36	0.997988	5.68039e-14	0.00201157
Cell_3	1.89551e-19	0.225737	0.769257	0.00500605
Cell_4	4.53241e-23	0.997935	6.88852e-10	0.00206455
Cell_5	3.35378e-10	0.258279	0.738016	0.00370524
Cell_6	1.51834e-23	0.995226	2.91661e-09	0.00477351
Cell_7	4.55621e-16	0.228549	0.770979	0.000471549
Cell_8	4.1456e-24	0.997987	1.17026e-08	0.00201348
Cell_9	2.78015e-24	0.99799	5.28301e-11	0.00200957
Cell_10	5.26134e-19	0.351106	0.648189	0.000705886
Cell_11	6.99931e-21	0.185325	0.628474	0.186201
Cell_12	9.98919e-05	0.226558	0.772817	0.000525315
Cell_13	1.88213e-16	0.847757	0.120337	0.0319066
Cell_14	1.56419e-19	0.224438	0.759006	0.0165562
Cell_15	5.70122e-16	0.992587	2.36762e-05	0.00738904
Cell_16	1.13813e-09	0.931292	8.48138e-06	0.0686991
Cell_17	1.41443e-19	0.9313	1.22686e-08	0.0686997
Cell_18	2.30837e-19	0.819213	0.120356	0.0604313
Cell_19	1.22252e-19	0.997753	7.18699e-05	0.00217466
Cell_20	3.12617e-25	0.997214	9.49928e-13	0.00278552
Cell_21	1.27222e-08	0.870337	0.127867	0.0017957
Cell_22	7.83088e-18	0.227056	0.772471	0.000472843
Cell_23	2.16362e-14	0.86628	0.127271	0.00644878
Cell_24	2.02468e-34	0.997732	8.06994e-08	0.00226795
Cell_25	2.49046e-21	0.985854	3.3266e-06	0.014143
Cell_26	7.26219e-22	0.931298	2.02011e-06	0.0686996
Cell_27	1.33577e-33	0.997982	8.98219e-13	0.00201844
Cell_28	8.41665e-23	0.00298831	0.000439034	0.996573
Cell_29	1.02052e-23	0.997473	1.62088e-07	0.00252726
Cell_30	5.50216e-34	0.997994	1.57991e-10	0.00200579
Cell_31	2.93071e-25	0.997825	2.37086e-10	0.00217482
Cell_32	1.02274e-19	0.869784	0.127786	0.00242957
Cell_33	2.05799e-26	0.996766	4.08732e-10	0.00323379
Cell_34	5.48847e-33	0.985857	2.85696e-16	0.014143
Cell_35	3.87439e-26	0.978305	9.01988e-12	0.0216953
Cell_36	6.74374e-16	0.978305	4.96791e-12	0.0216953
Cell_37	8.89242e-22	0.869177	0.127697	0.00312637
Cell_38	9.31755e-39	0.978304	2.2049e-07	0.0216953
Cell_39	5.82955e-21	0.997984	1.19782e-10	0.00201558
Cell_40	4.75752e-23	0.994192	1.70949e-09	0.00580767
Cell_41	2.80502e-31	0.997473	4.32412e-12	0.00252726
Cell_42	7.98492e-23	0.997631	1.01558e-11	0.00236931
Cell_43	5.46495e-32	0.963729	5.99165e-11	0.0362714
Cell_44	1.14441e-12	0.978304	5.65954e-07	0.0216953
Cell_45	2.64084e-13	0.351041	0.64807	0.000889419
Cell_46	9.7661e-24	0.00295762	5.66565e-13	0.997042
Cell_47	3.50337e-17	0.992611	5.19991e-08	0.00738922
Cell_48	1.42008e-19	0.226734	0.770013	0.0032527
Cell_49	6.24582e-35	0.997946	7.94657e-15	0.00205407
Cell_50	9.8301e-38	0.994192	1.59804e-11	0.00580767
Cell_51	2.0884e-21	0.99786	4.64614e-06	0.00213554
Cell_52	2.45686e-21	0.997992	1.44457e-07	0.00200767
Cell_53	1.7073e-29	0.810946	4.51485e-16	0.189054
Cell_54	7.32432e-54	0.9313	2.01357e-12	0.0686997
Cell_55	1.56342e-26	0.992611	6.22106e-10	0.00738922
Cell_56	1.72948e-23	0.201913	0.259592	0.538494
Cell_57	3.04156e-31	0.99795	4.12171e-18	0.00204972
Cell_58	1.73789e-05	0.86879	0.12764	0.00355305
Cell_59	2.42609e-17	0.869895	0.127802	0.00230242
Cell_60	7.20389e-22	0.994192	8.69165e-08	0.00580767
Cell_61	2.79798e-27	0.963724	5.28211e-06	0.0362712
Cell_62	1.49008e-33	0.978305	2.96553e-11	0.0216953
Cell_63	5.67435e-15	0.22692	0.772525	0.000554847
Cell_64	8.75517e-19	0.983657	0.0134059	0.00293731
Cell_65	5.64243e-19	0.8442	0.124027	0.0317727
Cell_66	1.10868e-17	0.968928	0.0254119	0.00566009
Cell_67	1.55034e-05	0.861118	0.126513	0.0123535
Cell_68	9.49399e-14	0.997732	3.98388e-08	0.00226795
Cell_69	5.12011e-40	0.997929	2.7001e-26	0.00207091
Cell_70	2.86683e-23	0.997214	3.05187e-08	0.00278552
Cell_71	1.597e-19	0.995922	4.58467e-06	0.00407298
Cell_72	5.91939e-12	0.994569	0.00220443	0.00322666
Cell_73	3.52273e-35	0.917265	4.75654e-06	0.0827303
Cell_74	2.85045e-10	0.963727	2.09045e-06	0.0362713
Cell_75	2.10307e-13	0.275321	0.724098	0.00058141
Cell_76	1.14905e-20	0.997561	4.59739e-13	0.00243916
Cell_77	8.08444e-29	0.997864	1.82216e-12	0.00213555
Cell_78	1.24126e-17	0.995213	1.34304e-05	0.00477345
Cell_79	4.40751e-22	0.978298	7.00042e-06	0.0216951
Cell_80	1.1395e-13	0.994827	0.00159504	0.00357832
Cell_81	3.12967e-19	0.996162	0.00183463	0.002003
Cell_82	2.14022e-32	0.997561	5.29879e-15	0.00243916
Cell_83	4.84609e-35	0.996766	5.22976e-13	0.00323379
Cell_84	1.18234e-15	0.870375	0.127873	0.00175174
Cell_85	2.65613e-19	0.0214341	0.00314904	0.975417
Cell_86	2.33994e-22	0.990088	2.41182e-10	0.00991153
Cell_87	2.17396e-18	0.99419	1.97408e-06	0.00580766
Cell_88	1.74279e-28	0.963729	1.11106e-07	0.0362714
Cell_89	1.5863e-23	0.997993	4.60882e-11	0.00200719
Cell_90	1.66778e-20	0.995217	9.06355e-06	0.00477347
Cell_91	1.46243e-19	0.978304	2.43006e-07	0.0216953
Cell_92	8.1619e-23	0.978232	7.45778e-05	0.0216937
Cell_93	3.50465e-19	0.963728	2.67664e-07	0.0362714
Cell_94	6.19495e-21	0.931298	2.95517e-06	0.0686995
Cell_95	9.15276e-26	0.997968	4.37407e-09	0.00203196
Cell_96	1.06288e-15	0.226623	0.772919	0.000458549
Cell_97	1.78399e-09	0.23686	0.762652	0.000487529
Cell_98	2.06527e-32	0.997954	7.5588e-18	0.00204587
Cell_99	8.86292e-26	0.997214	3.63773e-12	0.00278552
Cell_100	3.58987e-19	0.226684	0.770064	0.00325198
Cell_101	2.09213e-16	0.867484	0.127448	0.0050675
Cell_102	8.09102e-24	0.997732	5.73632e-09	0.00226795
Cell_103	6.82032e-29	0.997561	4.33073e-13	0.00243916
Cell_104	5.18428e-23	0.985857	1.3674e-07	0.014143
Cell_105	2.62649e-06	0.60951	0.389258	0.00122875
Cell_106	5.09925e-19	0.997732	1.63154e-09	0.00226795
Cell_107	6.10868e-13	0.86628	0.127271	0.00644878
Cell_108	1.93453e-17	0.229717	0.769776	0.000506551
Cell_109	6.47038e-10	0.977322	0.0186806	0.00399692
Cell_110	1.40863e-23	0.985857	1.80418e-10	0.014143
Cell_111	3.04715e-38	0.992611	7.53499e-11	0.00738922
Cell_112	6.98431e-37	0.992611	8.99612e-25	0.00738922
Cell_113	5.36991e-24	0.963729	7.40722e-13	0.0362714
Cell_114	1.32755e-27	0.997984	2.40645e-09	0.00201621
Cell_115	3.10725e-26	0.997973	3.61345e-09	0.00202651
Cell_116	2.79032e-26	0.978305	1.13777e-12	0.0216953
Cell_117	2.15037e-14	0.226562	0.772805	0.000632857
Cell_118	6.69436e-17	0.993832	0.000362822	0.00580556
Cell_119	3.5081e-12	0.9313	1.15706e-07	0.0686997
Cell_120	2.46524e-31	0.997769	4.2031e-11	0.00223085
Cell_121	5.96378e-16	0.927473	0.0705958	0.00193146
Cell_122	2.3584e-09	0.931197	0.000110516	0.0686921
Cell_123	2.41275e-11	0.672007	0.321266	0.0067273
Cell_124	9.67873e-24	0.995226	4.45876e-07	0.00477351
Cell_125	6.53774e-30	0.997946	3.34414e-12	0.00205407
Cell_126	4.36566e-23	0.997214	4.05986e-08	0.00278552
Cell_127	6.87479e-22	0.99798	2.00577e-06	0.00201764
Cell_128	6.61327e-26	0.997556	4.85624e-06	0.00243915
Cell_129	6.76705e-31	0.997832	1.40782e-05	0.00215349
Cell_130	1.25045e-20	0.997654	3.31563e-05	0.00231324
Cell_131	1.74522e-34	0.9313	8.7957e-24	0.0686997
Cell_132	1.59037e-26	0.227006	0.772419	0.000575155
Cell_133	5.02493e-22	0.997979	1.37154e-08	0.0020213
Cell_134	7.82559e-21	0.994192	4.19759e-09	0.00580767
Cell_135	1.86707e-13	0.226823	0.772622	0.00055461
Cell_136	5.38523e-22	0.996753	1.3732e-05	0.00323375
Cell_137	3.39797e-24	0.997214	9.41621e-09	0.00278552
Cell_138	4.85637e-24	0.997961	1.80225e-11	0.00203938
Cell_139	3.91764e-15	0.869443	0.127736	0.00282072
Cell_140	4.76202e-14	0.232563	0.766486	0.000951102
Cell_141	1.94489e-14	0.931298	2.30454e-06	0.0686996
Cell_142	2.00332e-26	0.997893	5.2917e-10	0.00210731
Cell_143	7.32398e-32	0.997986	7.26383e-13	0.00201445
Cell_144	1.04192e-27	0.985857	2.79166e-10	0.014143
Cell_145	2.3153e-26	0.994192	5.79146e-08	0.00580767
Cell_146	1.75232e-30	0.997214	3.20913e-12	0.00278552
Cell_147	1.0606e-23	0.997904	2.74393e-09	0.00209614
Cell_148	7.25444e-20	0.226663	0.772859	0.000478656
Cell_149	9.83395e-20	0.962803	0.00096038	0.0362365
Cell_150	2.82725e-17	0.997601	3.01245e-05	0.00236924
Cell_151	5.15518e-12	0.985857	3.77939e-08	0.014143
Cell_152	2.6172e-14	0.235518	0.763936	0.000546091
Cell_153	5.26319e-22	0.996766	6.74113e-09	0.00323379
Cell_154	4.04493e-30	0.997631	1.02038e-12	0.00236931
Cell_155	2.35054e-16	0.864358	0.126989	0.00865288
Cell_156	1.14841e-22	0.931148	0.000163863	0.0686885
Cell_157	6.84506e-19	0.869784	0.127786	0.00242957
Cell_158	1.47685e-10	0.227369	0.772168	0.00046345
Cell_159	9.95604e-10	0.963722	7.29881e-06	0.0362711
Cell_160	2.63681e-18	0.9313	2.54288e-08	0.0686997
Cell_161	5.59768e-22	0.963729	9.64812e-10	0.0362714
Cell_162	6.89148e-24	0.997561	3.40824e-07	0.00243916
Cell_163	1.48776e-47	0.9313	4.43833e-12	0.0686997
Cell_164	1.37461e-29	0.997473	2.4754e-20	0.00252726
Cell_165	8.94239e-28	0.997872	0.00010758	0.00202005
Cell_166	3.39254e-35	0.0215018	3.66201e-14	0.978498
Cell_167	4.7826e-25	0.997023	4.68869e-11	0.00297722
Cell_168	2.09404e-11	0.946297	0.0180876	0.0356153
Cell_169	1.15144e-23	0.997845	1.14723e-06	0.00215351
Cell_170	5.89549e-44	0.995226	8.83894e-25	0.00477351
Cell_171	1.37984e-20	0.9313	1.80985e-09	0.0686997
Cell_172	3.15708e-28	0.997214	1.36326e-09	0.00278552
Cell_173	2.01028e-20	0.997992	4.89056e-08	0.00200787
Cell_174	4.01886e-19	0.930531	0.000825647	0.068643
Cell_175	5.64823e-13	0.870144	0.127839	0.00201758
Cell_176	7.45779e-23	0.997214	6.9004e-10	0.00278552
Cell_177	7.83517e-46	0.976773	0.0015661	0.0216613
Cell_178	7.42698e-23	0.996716	0.000916799	0.00236714
Cell_179	6.58964e-16	0.869639	0.127765	0.00259684
Cell_180	1.4854e-25	0.997023	1.9626e-12	0.00297722
Cell_181	6.16583e-17	0.997814	1.16098e-05	0.00217479
Cell_182	1.92602e-27	0.99797	2.88453e-10	0.00202996
Cell_183	2.61854e-11	0.997978	8.63661e-07	0.0020213
Cell_184	2.5548e-32	0.997994	2.33443e-14	0.00200627
Cell_185	1.52222e-28	0.978305	1.98398e-11	0.0216953
Cell_186	4.75043e-25	0.997992	3.07084e-10	0.00200767
Cell_187	2.5906e-19	0.996555	0.00143919	0.00200598
Cell_188	2.30895e-23	0.99673	0.000485673	0.00278417
Cell_189	7.80199e-16	0.870101	0.127832	0.00206644
Cell_190	4.97124e-19	0.869443	0.127736	0.00282072
Cell_191	4.42037e-27	0.996416	1.08866e-09	0.00358403
Cell_192	4.3256e-15	0.997984	3.65433e-11	0.00201621
Cell_193	1.59148e-21	0.869784	0.127786	0.00242957
Cell_194	3.09573e-23	0.997769	7.34088e-09	0.00223085
Cell_195	1.62684e-11	0.226675	0.772852	0.000472051
Cell_196	6.41036e-26	0.985857	9.62764e-13	0.014143
Cell_197	1.48192e-21	0.990086	2.26135e-06	0.00991151
Cell_198	5.29793e-20	0.00298963	1.36134e-07	0.99701
Cell_199	4.63247e-50	4.37025e-06	2.42243e-15	0.999996
Cell_200	5.55299e-20	0.870316	0.127864	0.00181972
Cell_201	4.76089e-13	0.22724	0.772159	0.000601452
Cell_202	6.68606e-23	0.978305	1.50351e-10	0.0216953
Cell_203	8.44303e-17	0.22756	0.771702	0.00073827
Cell_204	1.46124e-15	0.867484	0.127448	0.0050675
Cell_205	3.66544e-21	0.990088	4.81372e-09	0.00991153
Cell_206	5.79737e-30	0.963727	1.43848e-06	0.0362713
Cell_207	7.00688e-06	0.944787	0.0513422	0.00386386
Cell_208	2.05912e-26	0.997687	3.12679e-09	0.00231331
Cell_209	1.63643e-33	0.00123785	6.68086e-16	0.998762
Cell_210	2.95471e-17	0.99546	0.00250245	0.00203733
Cell_211	1.26858e-22	0.997947	1.07553e-05	0.00204242
Cell_212	3.65965e-15	0.892576	0.105061	0.00236245
Cell_213	3.21075e-33	0.985857	1.05925e-15	0.014143
Cell_214	1.86983e-19	0.997357	3.36541e-06	0.00263978
Cell_215	2.45446e-25	0.997946	5.61964e-08	0.00205407
Cell_216	2.72134e-19	0.995925	2.13045e-06	0.00407299
Cell_217	3.06142e-16	0.223055	0.760491	0.0164542
Cell_218	1.30598e-16	0.223254	0.760277	0.0164689
Cell_219	3.05187e-23	0.997989	9.2905e-10	0.00201126
Cell_220	6.84318e-25	0.997846	6.49927e-10	0.00215352
Cell_221	3.96641e-34	0.997946	5.48711e-21	0.00205407
Cell_222	4.16596e-22	0.992611	1.6228e-08	0.00738922
Cell_223	2.79678e-30	0.995927	5.77983e-15	0.004073
Cell_224	6.56135e-15	0.765373	0.223647	0.01098
Cell_225	2.34666e-17	0.997528	0.000436016	0.00203575
Cell_226	8.79136e-13	0.228407	0.770498	0.00109553
Cell_227	5.56128e-24	0.997913	5.72602e-07	0.00208651
Cell_228	5.98136e-24	0.868805	0.127642	0.00355312
Cell_229	6.54903e-27	0.99789	2.67299e-06	0.0021073
Cell_230	5.70605e-17	0.995626	0.00234201	0.00203187
Cell_231	5.32596e-21	0.997473	2.82455e-10	0.00252726
Cell_232	2.45971e-29	0.997941	7.59013e-12	0.00205898
Cell_233	6.66925e-35	0.224961	0.766572	0.00846675
Cell_234	1.91097e-17	0.223325	0.7602	0.0164742
Cell_235	6.02213e-21	0.995226	1.3643e-07	0.00477351
Cell_236	5.93008e-29	0.996766	4.25999e-13	0.00323379
Cell_237	1.65473e-27	0.997561	5.19597e-09	0.00243916
Cell_238	3.18396e-22	0.994192	7.51849e-10	0.00580767
Cell_239	7.46247e-13	0.819213	0.120356	0.0604313
Cell_240	4.25105e-17	0.8442	0.124027	0.0317727
Cell_241	1.92602e-21	0.963729	3.55433e-12	0.0362714
Cell_242	9.62949e-11	0.870369	0.127872	0.00175964
Cell_243	2.85679e-29	0.997561	1.24954e-11	0.00243916
Cell_244	1.7805e-18	0.995352	0.00264066	0.00200695
Cell_245	9.14732e-27	0.997214	2.47704e-07	0.00278552
Cell_246	3.02586e-24	0.994192	1.39931e-09	0.00580767
Cell_247	1.34439e-16	0.83841	0.15954	0.00205001
Cell_248	4.67842e-32	0.994192	1.93918e-16	0.00580767
Cell_249	2.2012e-23	0.996766	2.36998e-12	0.00323379
Cell_250	1.11807e-19	0.226562	0.772864	0.000574032
Cell_251	2.68575e-17	0.990888	0.00173568	0.00737639
Cell_252	4.6023e-20	0.867484	0.127448	0.0050675
Cell_253	2.14164e-16	0.868272	0.127564	0.00416458
Cell_254	7.84252e-26	0.997687	7.93978e-11	0.00231331
Cell_255	2.57658e-18	0.868805	0.127642	0.00355312
Cell_256	6.35062e-37	0.985856	1.28956e-06	0.014143
Cell_257	3.55635e-14	0.996766	2.6075e-10	0.00323379
Cell_258	0.000100078	0.26617	0.733188	0.000541415
Cell_259	1.30748e-15	0.961285	0.0364324	0.00228299
Cell_260	2.23968e-18	0.868805	0.127642	0.00355312
Cell_261	2.89025e-13	0.223671	0.75983	0.0164996
Cell_262	1.25871e-25	0.997732	3.6294e-11	0.00226795
Cell_263	7.7836e-17	0.870371	0.127872	0.00175733
Cell_264	4.52071e-30	0.994192	5.85703e-12	0.00580767
Cell_265	5.91668e-28	0.997946	1.01125e-08	0.00205407
Cell_266	2.85821e-25	0.855364	0.125667	0.0189689
Cell_267	1.45681e-12	0.2267	0.772762	0.000538399
Cell_268	1.07765e-36	0.994192	1.47011e-23	0.00580767
Cell_269	4.54163e-33	0.985857	2.99982e-17	0.014143
Cell_270	3.25711e-07	0.994454	0.0031141	0.00243156
Cell_271	4.2388e-20	0.99592	6.58471e-06	0.00407297
Cell_272	3.19425e-20	0.978305	7.18503e-10	0.0216953
Cell_273	7.73299e-28	0.997991	2.0094e-11	0.00200938
Cell_274	1.28513e-36	2.30891e-13	1.96106e-21	1
Cell_275	1.30495e-18	0.990085	3.63283e-06	0.0099115
Cell_276	2.56324e-19	0.228106	0.770196	0.00169807
Cell_277	9.92629e-17	0.996346	7.04968e-05	0.00358378
Cell_278	8.73679e-10	0.223546	0.759964	0.0164904
Cell_279	2.96912e-34	0.997561	5.40152e-30	0.00243916
Cell_280	1.71609e-27	0.0355037	1.50407e-15	0.964496
Cell_281	5.73292e-24	0.997631	1.11349e-10	0.00236931
Cell_282	3.69589e-28	0.997904	1.96551e-09	0.00209614
Cell_283	7.63095e-28	0.978305	7.19934e-12	0.0216953
Cell_284	1.28515e-25	0.997846	1.27587e-09	0.00215352
Cell_285	4.89329e-37	0.997825	2.81381e-22	0.00217482
Cell_286	1.13606e-17	0.997242	0.000389184	0.00236839
Cell_287	4.82896e-27	0.990088	1.85825e-10	0.00991153
Cell_288	7.38368e-09	0.226517	0.772557	0.000926376
Cell_289	3.25261e-16	0.22665	0.772887	0.00046317
Cell_290	3.42737e-18	0.869443	0.127736	0.00282072
Cell_291	7.41654e-18	0.995922	4.63579e-06	0.00407298
Cell_292	1.63885e-24	0.997214	1.55888e-10	0.00278552
Cell_293	3.43595e-29	0.997846	4.69825e-12	0.00215352
Cell_294	1.53521e-48	2.25426e-05	1.31532e-14	0.999977
Cell_295	6.26639e-26	0.997438	3.43756e-05	0.00252717
Cell_296	3.68567e-24	0.994192	2.05414e-09	0.00580767
Cell_297	1.88638e-34	0.9313	5.34773e-25	0.0686997
Cell_298	9.11697e-31	0.997954	4.27912e-12	0.00204587
Cell_299	5.52126e-30	0.997966	2.41877e-13	0.00203418
Cell_300	1.22208e-33	0.978305	8.21263e-13	0.0216953
Cell_301	2.39673e-57	8.30838e-05	1.54673e-19	0.999917
Cell_302	4.12707e-11	0.436939	0.561756	0.00130475
Cell_303	2.50663e-28	0.978305	1.32329e-13	0.0216953
Cell_304	3.46051e-29	0.997976	1.37207e-13	0.00202367
Cell_305	4.13483e-37	0.985857	7.70044e-26	0.014143
Cell_306	2.78703e-15	0.819213	0.120356	0.0604313
Cell_307	5.29698e-47	0.978305	9.34063e-09	0.0216953
Cell_308	3.8794e-25	0.997904	4.07348e-10	0.00209614
Cell_309	5.60856e-22	0.997825	1.61058e-11	0.00217482
Cell_310	6.82375e-21	0.963728	1.64562e-07	0.0362714
Cell_311	1.28823e-23	0.992611	3.6436e-09	0.00738922
Cell_312	5.26231e-31	0.994158	3.42626e-05	0.00580747
Cell_313	1.96297e-46	0.307963	0.045245	0.646792
Cell_314	1.65522e-25	0.997966	4.06273e-08	0.00203418
Cell_315	3.32305e-42	0.963729	3.22947e-12	0.0362714
Cell_316	1.85861e-35	0.000320268	4.70527e-05	0.999633
Cell_317	1.02895e-57	0.985857	9.31502e-33	0.014143
Cell_318	1.83449e-21	0.997687	7.10236e-09	0.00231331
Cell_319	6.67693e-13	0.976216	0.00213463	0.021649
Cell_320	1.75329e-25	0.996416	9.61292e-16	0.00358403
Cell_321	1.41704e-25	0.995226	2.48299e-11	0.00477351
Cell_322	5.29314e-31	0.997023	6.10458e-12	0.00297722
Cell_323	1.48844e-21	0.997214	1.14966e-07	0.00278552
Cell_324	1.95636e-10	0.874272	0.123651	0.00207634
Cell_325	4.43551e-18	0.87023	0.127851	0.00191895
Cell_326	5.50231e-14	0.870372	0.127872	0.00175528
Cell_327	9.88448e-31	8.8397e-06	5.00954e-13	0.999991
Cell_328	3.54791e-21	0.997686	2.38246e-07	0.00231331
Cell_329	2.76458e-16	0.870369	0.127872	0.00175964
Cell_330	8.23701e-14	0.239663	0.756898	0.00343819
Cell_331	6.72625e-06	0.226285	0.771443	0.00226528
Cell_332	1.3266e-21	0.870178	0.127844	0.00197801
Cell_333	1.91201e-13	0.870249	0.127854	0.00189676
Cell_334	1.10954e-16	0.898012	0.100182	0.00180662
Cell_335	3.83366e-23	0.990722	0.00727663	0.00200092
Cell_336	2.53943e-22	0.978305	2.97927e-08	0.0216953
Cell_337	2.84243e-24	0.997941	2.9382e-13	0.00205898
Cell_338	1.66288e-26	0.985685	0.000174305	0.0141405
Cell_339	1.87709e-30	0.997954	1.34892e-16	0.00204587
Cell_340	8.76412e-34	0.996766	1.35262e-16	0.00323379
Cell_341	4.69032e-21	0.227026	0.772488	0.000485864
Cell_342	2.2061e-15	0.997561	1.61646e-11	0.00243916
Cell_343	8.56764e-54	4.59086e-09	2.72623e-14	1
Cell_344	2.29918e-22	0.99795	5.28452e-08	0.00204972
Cell_345	2.8711e-24	0.997913	1.93211e-14	0.00208651
Cell_346	1.53389e-43	0.996416	1.90787e-29	0.00358403
Cell_347	2.96625e-31	0.990088	9.96332e-13	0.00991153
Cell_348	2.5547e-30	0.9313	3.78619e-25	0.0686997
Cell_349	8.38297e-25	0.995927	4.56189e-13	0.004073
Cell_350	1.03294e-17	0.869639	0.127765	0.00259684
Cell_351	8.12823e-23	0.995927	1.4843e-10	0.004073
Cell_352	3.03698e-11	0.864358	0.126989	0.00865288
Cell_353	2.6429e-21	0.996765	1.29966e-06	0.00323379
Cell_354	5.2332e-16	0.990065	2.40402e-05	0.00991129
Cell_355	4.1644e-17	0.869177	0.127697	0.00312637
Cell_356	2.01016e-27	0.996416	6.69474e-12	0.00358403
Cell_357	8.08812e-43	0.997356	3.83309e-06	0.00263978
Cell_358	7.21684e-29	0.992611	1.01847e-12	0.00738922
Cell_359	7.78946e-26	0.997984	7.43095e-08	0.00201558
Cell_360	4.45923e-19	0.996306	0.00105676	0.002637
Cell_361	1.90109e-23	0.0040913	7.1999e-12	0.995909
Cell_362	5.89502e-23	0.992611	2.07223e-09	0.00738922
Cell_363	1.44561e-22	0.997473	2.82971e-10	0.00252726
Cell_364	1.82745e-18	0.917042	0.0698018	0.0131558
Cell_365	1.58617e-26	0.997904	3.04165e-10	0.00209614
Cell_366	3.54217e-29	0.997732	3.39408e-12	0.00226795
Cell_367	8.36518e-16	0.227101	0.77236	0.000539351
Cell_368	6.05695e-26	0.996766	3.47886e-11	0.00323379
Cell_369	1.04881e-44	0.9313	4.96258e-13	0.0686997
Cell_370	2.62246e-17	0.8442	0.124027	0.0317727
Cell_371	4.13981e-18	0.226534	0.772834	0.000632777
Cell_372	1.15116e-21	0.978305	2.42848e-09	0.0216953
Cell_373	1.40918e-28	0.997993	3.06898e-11	0.00200713
Cell_374	2.0579e-27	0.997941	1.02639e-13	0.00205898
Cell_375	9.34753e-26	0.997958	1.96561e-09	0.00204244
Cell_376	2.42251e-16	0.9313	5.93991e-09	0.0686997
Cell_377	1.60079e-20	0.995226	2.47795e-09	0.00477351
Cell_378	2.61961e-17	0.9313	4.79241e-10	0.0686997
Cell_379	6.03937e-16	0.870377	0.127873	0.00174972
Cell_380	2.8708e-26	0.990088	5.24118e-11	0.00991153
Cell_381	3.87978e-20	0.997979	7.55826e-06	0.00201347
Cell_382	1.27588e-13	0.226652	0.772671	0.000676807
Cell_383	1.02126e-24	0.869639	0.127765	0.00259684
Cell_384	1.36168e-24	0.985857	3.67362e-12	0.014143
Cell_385	7.45963e-30	0.997825	1.09518e-11	0.00217482
Cell_386	8.17971e-22	0.9313	1.31563e-09	0.0686997
Cell_387	1.53088e-13	0.963729	1.06987e-07	0.0362714
Cell_388	4.66257e-28	0.997788	0.00015292	0.00205866
Cell_389	7.69681e-25	0.997495	0.000136062	0.00236899
Cell_390	7.48671e-32	0.997972	4.73423e-19	0.00202815
Cell_391	3.11161e-15	0.226496	0.772577	0.000926293
Cell_392	1.09876e-17	0.870361	0.127871	0.00176881
Cell_393	7.88632e-70	1.04578e-06	6.36143e-17	0.999999
Cell_394	2.99656e-28	0.997946	7.54688e-10	0.00205407
Cell_395	5.05574e-15	0.8442	0.124027	0.0317727
Cell_396	1.04683e-24	0.997214	3.13896e-09	0.00278552
Cell_397	8.56204e-25	0.985857	4.60843e-14	0.014143
Cell_398	4.1392e-25	0.996416	1.64181e-10	0.00358403
Cell_399	8.45446e-32	0.990088	3.70282e-10	0.00991153
Cell_400	1.10987e-22	0.992226	0.000387227	0.00738636
Cell_401	2.06357e-12	0.230687	0.767965	0.00134758
Cell_402	1.63957e-39	0.9313	1.76134e-23	0.0686997
Cell_403	2.09203e-17	0.9313	2.02941e-07	0.0686997
Cell_404	6.65455e-29	0.997993	3.99545e-12	0.002007
Cell_405	2.62688e-18	0.992611	6.05352e-08	0.00738922
Cell_406	2.09289e-30	0.997769	2.43279e-14	0.00223085
Cell_407	1.0224e-42	0.963728	1.71927e-07	0.0362714
Cell_408	6.06915e-16	0.865545	0.101879	0.0325761
Cell_409	2.35134e-18	0.870341	0.127868	0.00179142
Cell_410	2.81325e-30	0.9313	2.80379e-14	0.0686997
Cell_411	9.63811e-25	0.997214	1.07067e-12	0.00278552
Cell_412	6.12317e-17	0.960347	0.0183562	0.021297
Cell_413	1.90307e-08	0.240361	0.759102	0.000537409
Cell_414	5.47255e-22	0.985857	3.94193e-10	0.014143
Cell_415	6.41292e-34	0.997993	1.3042e-14	0.00200706
Cell_416	1.71402e-17	0.226707	0.772836	0.000457033
Cell_417	1.70076e-33	0.167286	6.93495e-20	0.832714
Cell_418	3.92319e-18	0.2266	0.772941	0.000459211
Cell_419	1.99793e-25	0.996416	8.14672e-12	0.00358403
Cell_420	1.51279e-18	0.996772	0.00091685	0.00231119
Cell_421	6.15721e-22	2.97374e-07	4.36893e-08	1
Cell_422	4.19062e-10	0.230825	0.768426	0.000748863
Cell_423	1.39565e-17	0.868272	0.127564	0.00416458
Cell_424	3.60323e-16	0.819213	0.120356	0.0604313
Cell_425	6.91729e-23	0.997846	1.60392e-11	0.00215352
Cell_426	7.1869e-17	0.869784	0.127786	0.00242957
Cell_427	1.62417e-30	0.9313	9.81083e-15	0.0686997
Cell_428	6.41229e-16	0.238418	0.760951	0.000631038
Cell_429	1.10276e-16	0.997939	1.83878e-05	0.0020424
Cell_430	5.09411e-06	0.22819	0.754972	0.016833
Cell_431	8.32714e-13	0.870333	0.127867	0.00180057
Cell_432	1.64435e-68	7.26373e-07	6.4425e-17	0.999999
Cell_433	2.88725e-19	0.226778	0.770952	0.00227022
Cell_434	2.09741e-31	0.963729	7.14887e-15	0.0362714
Cell_435	6.54328e-15	0.226747	0.772771	0.000481797
Cell_436	1.04673e-23	0.995927	2.1068e-12	0.004073
Cell_437	1.65505e-21	0.997922	1.74444e-07	0.00207817
Cell_438	1.37784e-20	0.870316	0.127864	0.00181972
Cell_439	1.75697e-24	0.997992	2.99669e-12	0.00200819
Cell_440	6.02922e-24	0.995226	7.02064e-10	0.00477351
Cell_441	1.86229e-25	0.995226	1.76006e-09	0.00477351
Cell_442	2.09442e-24	0.855364	0.125667	0.0189689
Cell_443	3.19676e-17	0.226835	0.77184	0.00132508
Cell_444	1.15644e-12	0.870364	0.127871	0.0017649
Cell_445	1.07333e-12	0.870048	0.127825	0.00212737
Cell_446	2.08188e-14	0.819213	0.120356	0.0604313
Cell_447	7.23828e-18	0.9978	6.20641e-09	0.00220026
Cell_448	8.44047e-20	0.227788	0.77174	0.000472705
Cell_449	1.89187e-18	0.985857	1.72335e-07	0.014143
Cell_450	1.47203e-16	0.870178	0.127844	0.00197801
Cell_451	3.57783e-12	0.819213	0.120356	0.0604313
Cell_452	6.59928e-26	0.997972	1.36381e-10	0.00202815
Cell_453	4.31051e-18	0.351104	0.648186	0.000709573
Cell_454	7.24767e-28	0.997732	7.31527e-17	0.00226795
Cell_455	3.19828e-26	0.995927	2.7839e-07	0.004073
Cell_456	3.68204e-26	0.990088	3.40696e-15	0.00991153
Cell_457	9.26726e-08	0.224801	0.766738	0.00846072
Cell_458	1.89433e-29	0.997561	1.69651e-10	0.00243916
Cell_459	3.23463e-06	0.966616	0.0237046	0.00967655
Cell_460	9.3317e-21	0.997981	1.6865e-07	0.00201932
Cell_461	1.27173e-34	0.515618	1.57023e-08	0.484382
Cell_462	3.19839e-14	0.861132	0.126515	0.0123537
Cell_463	5.26294e-29	0.9313	1.2294e-11	0.0686997
Cell_464	1.0642e-23	0.869443	0.127736	0.00282072
Cell_465	1.37179e-19	0.997979	6.94299e-06	0.00201394
Cell_466	3.0041e-30	0.997981	8.1284e-09	0.00201932
Cell_467	7.2347e-31	0.997561	5.55685e-14	0.00243916
Cell_468	2.39149e-30	0.997825	9.37678e-12	0.00217482
Cell_469	3.50713e-23	0.869443	0.127736	0.00282072
Cell_470	3.52854e-27	0.997929	3.67695e-10	0.00207091
Cell_471	1.1386e-28	0.997982	1.26105e-14	0.00201844
Cell_472	2.21693e-24	0.985857	6.19555e-15	0.014143
Cell_473	3.00808e-18	0.226595	0.772924	0.000481472
Cell_474	4.05906e-20	0.995773	0.000645327	0.00358172
Cell_475	3.23243e-15	0.970302	0.0257295	0.00396821
Cell_476	9.89007e-26	0.997904	4.87273e-10	0.00209614
Cell_477	2.21066e-14	0.985856	5.34953e-07	0.014143
Cell_478	2.53159e-29	0.995927	3.41535e-12	0.004073
Cell_479	9.37048e-28	0.985857	2.29176e-12	0.014143
Cell_480	4.00444e-60	2.021e-09	2.02925e-20	1
Cell_481	7.30857e-13	0.870101	0.127832	0.00206644
Cell_482	2.73507e-24	0.997804	2.15818e-05	0.00217477
Cell_483	5.18424e-25	0.000462158	0.00157492	0.997963
Cell_484	5.9105e-18	0.992383	0.00285718	0.00475987
Cell_485	5.53078e-29	0.997023	7.12415e-15	0.00297722
Cell_486	7.61317e-20	0.226584	0.772916	0.000499643
Cell_487	1.25322e-24	0.997935	3.82569e-08	0.00206455
Cell_488	1.57295e-24	0.997214	3.29741e-15	0.00278552
Cell_489	1.00965e-14	0.997905	2.38031e-05	0.00207086
Cell_490	2.43826e-23	0.978304	2.43006e-07	0.0216953
Cell_491	5.35083e-21	0.994192	2.16646e-07	0.00580767
Cell_492	1.06338e-22	0.997561	8.72769e-09	0.00243916
Cell_493	3.12276e-09	0.963706	2.29873e-05	0.0362705
Cell_494	4.81833e-22	0.997472	5.77042e-07	0.00252726
Cell_495	1.01755e-26	0.990088	4.24539e-12	0.00991153
Cell_496	8.86855e-26	0.00740663	2.70194e-09	0.992593
Cell_497	4.73356e-23	0.99753	0.000439276	0.00203107
Cell_498	7.07199e-21	0.99788	9.32105e-11	0.00212031
Cell_499	2.69464e-43	0.997023	3.52999e-15	0.00297722
Cell_500	3.97489e-15	0.864358	0.126989	0.00865288
Cell_501	4.37945e-20	0.997728	4.30508e-06	0.00226794
Cell_502	8.93194e-18	0.997864	3.94438e-05	0.00209606
Cell_503	1.7987e-32	0.992611	4.12996e-17	0.00738922
Cell_504	4.97791e-24	0.997023	1.52642e-08	0.00297722
Cell_505	1.28086e-24	0.99788	1.24284e-10	0.00212031
Cell_506	0.000105354	0.227003	0.772291	0.000600825
Cell_507	7.92002e-16	0.870316	0.127864	0.00181972
Cell_508	6.72709e-21	0.997982	9.08872e-06	0.00200901
Cell_509	9.05367e-31	0.997023	4.84203e-17	0.00297722
Cell_510	7.24178e-19	0.993065	0.00217147	0.00476315
Cell_511	7.97778e-13	0.386832	0.609296	0.00387248
Cell_512	8.71456e-26	0.997023	2.4648e-11	0.00297722
Cell_513	5.85342e-26	0.994192	5.2995e-10	0.00580767
Cell_514	1.36833e-28	0.226962	0.772578	0.000460875
Cell_515	2.24264e-53	0.997473	2.14012e-37	0.00252726
Cell_516	1.18466e-20	0.991204	0.00141708	0.00737875
Cell_517	3.34414e-24	0.870178	0.127844	0.00197801
Cell_518	4.15555e-23	0.997769	8.72951e-09	0.00223085
Cell_519	8.77999e-20	0.226858	0.772683	0.000458644
Cell_520	1.56e-22	0.990088	2.31924e-10	0.00991153
Cell_521	1.33756e-19	0.870185	0.128041	0.00177372
Cell_522	1.94684e-17	0.99553	0.00220656	0.00226295
Cell_523	7.58555e-37	0.992611	4.71742e-11	0.00738922
Cell_524	2.38104e-25	0.228501	0.770817	0.000682329
Cell_525	2.67943e-26	0.997968	1.30752e-08	0.00203196
Cell_526	1.10097e-18	0.869895	0.127802	0.00230242
Cell_527	1.73537e-28	0.985857	2.27611e-11	0.014143
Cell_528	1.43823e-21	0.226859	0.772684	0.000456852
Cell_529	3.54471e-19	0.993942	0.000251311	0.00580621
Cell_530	9.8553e-42	0.9313	6.1843e-12	0.0686997
Cell_531	5.69021e-17	0.227154	0.77239	0.000456731
Cell_532	1.08636e-23	0.997825	4.4288e-08	0.00217482
Cell_533	1.94239e-18	0.99795	1.09612e-07	0.00204972
Cell_534	5.29892e-19	0.870337	0.127867	0.0017957
Cell_535	2.70819e-23	0.963729	1.21315e-08	0.0362714
Cell_536	2.57668e-20	0.978304	4.78572e-07	0.0216953
Cell_537	3.94709e-31	0.994192	6.24794e-15	0.00580767
Cell_538	2.1152e-25	0.997941	3.42519e-10	0.00205898
Cell_539	1.20722e-22	0.997023	1.37023e-08	0.00297722
Cell_540	2.56994e-22	0.997985	2.09741e-07	0.002015
Cell_541	6.65957e-30	0.997732	5.29084e-10	0.00226795
Cell_542	1.00812e-24	0.997686	3.03141e-07	0.00231331
Cell_543	1.77124e-08	0.226658	0.772886	0.000456601
Cell_544	8.75147e-27	0.9313	5.83947e-13	0.0686997
Cell_545	1.59309e-36	0.985857	8.87338e-27	0.014143
Cell_546	7.85476e-20	0.997945	7.08673e-07	0.00205407
Cell_547	4.14164e-10	0.226245	0.77149	0.00226488
Cell_548	9.28468e-16	0.870375	0.127873	0.00175186
Cell_549	7.57334e-13	0.991792	0.0041523	0.00405609
Cell_550	7.45711e-24	0.996766	5.64377e-10	0.00323379
Cell_551	1.47923e-22	0.963729	8.76753e-09	0.0362714
Cell_552	2.20523e-18	0.995226	3.63127e-08	0.00477351
Cell_553	9.35267e-24	0.994192	9.19384e-10	0.00580767
Cell_554	2.82601e-23	0.985856	7.41876e-07	0.014143
Cell_555	1.18576e-12	0.869443	0.127736	0.00282072
Cell_556	6.02625e-19	0.226559	0.772867	0.000574025
Cell_557	1.43807e-17	0.989982	0.000107958	0.00991046
Cell_558	7.72334e-19	0.99736	7.09755e-07	0.00263978
Cell_559	8.13687e-19	0.922208	0.0759283	0.00186376
Cell_560	6.45274e-24	0.995226	5.75743e-07	0.00477351
Cell_561	3.24702e-20	0.227973	0.769745	0.00228218
Cell_562	6.83978e-20	0.997783	1.69824e-05	0.00220022
Cell_563	3.7831e-26	0.8442	0.124027	0.0317727
Cell_564	3.46668e-15	0.868272	0.127564	0.00416458
Cell_565	4.92469e-19	0.963729	1.24092e-07	0.0362714
Cell_566	7.17981e-18	0.870377	0.127873	0.00174948
Cell_567	4.98663e-18	0.997968	4.44574e-07	0.00203196
Cell_568	2.74776e-13	0.22661	0.772303	0.00108691
Cell_569	8.38733e-17	0.8442	0.124027	0.0317727
Cell_570	2.1318e-28	0.963729	4.7746e-11	0.0362714
Cell_571	6.30108e-36	0.992611	1.68142e-11	0.00738922
Cell_572	4.77874e-45	0.223166	0.760371	0.0164624
Cell_573	1.01169e-18	0.819213	0.120356	0.0604313
Cell_574	8.39161e-18	0.995927	1.2406e-08	0.004073
Cell_575	1.83307e-25	0.997994	2.23447e-08	0.00200558
Cell_576	3.5159e-12	0.659422	0.3392	0.00137877
Cell_577	4.36434e-21	0.990088	8.69171e-13	0.00991153
Cell_578	1.90091e-19	0.226563	0.772837	0.000599661
Cell_579	2.56203e-16	0.867484	0.127448	0.0050675
Cell_580	1.33724e-21	0.9313	5.52345e-08	0.0686997
Cell_581	1.24831e-24	0.997023	1.48593e-10	0.00297722
Cell_582	1.79501e-17	0.931125	0.000188474	0.0686868
Cell_583	2.4815e-25	0.963719	9.87036e-06	0.036271
Cell_584	9.4164e-30	0.995226	9.39787e-17	0.00477351
Cell_585	3.18696e-17	0.869443	0.127736	0.00282072
Cell_586	2.98314e-24	0.997864	7.85911e-07	0.00213555
Cell_587	6.56586e-29	0.995226	8.22605e-11	0.00477351
Cell_588	4.92903e-25	0.990088	6.09484e-11	0.00991153
Cell_589	9.03496e-15	0.226658	0.772885	0.0004571
Cell_590	2.47619e-19	0.997556	4.74261e-06	0.00243915
Cell_591	1.34513e-10	0.226583	0.772932	0.000484917
Cell_592	5.04726e-17	0.226665	0.772835	0.000499821
Cell_593	6.85227e-29	0.996416	5.64179e-10	0.00358403
Cell_594	1.33504e-46	0.0045492	3.21437e-11	0.995451
Cell_595	1.4104e-11	0.869639	0.127765	0.00259684
Cell_596	1.16908e-38	0.963725	4.18193e-06	0.0362712
Cell_597	6.80712e-24	0.996766	5.00777e-20	0.00323379
Cell_598	3.12945e-17	0.870378	0.127873	0.001749
Cell_599	1.19065e-14	0.985708	0.000151068	0.0141409
Cell_600	1.90931e-27	0.997864	1.94875e-11	0.00213555
Cell_601	3.30769e-22	0.977769	0.000547418	0.0216834
Cell_602	2.82425e-16	0.861132	0.126515	0.0123537
Cell_603	1.22419e-13	0.963729	8.97599e-10	0.0362714
Cell_604	1.61612e-21	0.985857	1.38904e-07	0.014143
Cell_605	3.72476e-30	0.990088	4.66061e-11	0.00991153
Cell_606	3.39149e-25	0.99736	1.12688e-09	0.00263979
Cell_607	1.44759e-35	0.992611	2.57892e-23	0.00738922
Cell_608	1.50395e-09	0.997965	1.10949e-05	0.00202365
Cell_609	1.13894e-24	0.995927	1.57327e-12	0.004073
Cell_610	4.929e-25	0.997769	1.05397e-09	0.00223085
Cell_611	3.19889e-21	0.992611	2.24606e-09	0.00738922
Cell_612	1.50337e-29	0.997769	2.27934e-14	0.00223085
Cell_613	7.4814e-18	0.226227	0.771509	0.0022647
Cell_614	1.53312e-17	0.868272	0.127564	0.00416458
Cell_615	4.77061e-25	0.990088	2.93208e-11	0.00991153
Cell_616	2.47674e-15	0.870378	0.127873	0.00174909
Cell_617	1.04132e-17	0.996416	1.2159e-08	0.00358403
Cell_618	1.63424e-12	0.997214	6.06829e-07	0.00278552
Cell_619	1.68891e-16	0.868272	0.127564	0.00416458
Cell_620	3.53997e-19	0.966637	0.0119262	0.0214365
Cell_621	1.87458e-36	0.997473	2.02157e-18	0.00252726
Cell_622	4.21939e-21	0.990088	9.78355e-10	0.00991153
Cell_623	1.43893e-18	0.855364	0.125667	0.0189689
Cell_624	4.61506e-14	0.819213	0.120356	0.0604313
Cell_625	1.12991e-25	0.985857	4.79813e-09	0.014143
Cell_626	2.93779e-16	0.227128	0.756117	0.0167547
Cell_627	1.63684e-05	0.819199	0.120354	0.0604303
Cell_628	1.61307e-18	0.990088	2.39421e-09	0.00991153
Cell_629	8.68932e-24	0.9313	3.31302e-12	0.0686997
Cell_630	1.88039e-21	0.869639	0.127765	0.00259684
Cell_631	6.77908e-21	0.869784	0.127786	0.00242957
Cell_632	1.63321e-14	0.870279	0.127859	0.0018625
Cell_633	6.91319e-11	0.994876	0.00105525	0.0040687
Cell_634	2.61933e-13	0.223115	0.760426	0.0164587
Cell_635	1.64668e-28	0.985839	1.83229e-05	0.0141427
Cell_636	8.32958e-30	0.819213	0.120356	0.0604313
Cell_637	6.45856e-22	0.995919	8.45143e-06	0.00407297
Cell_638	6.64287e-24	0.978305	5.65994e-09	0.0216953
Cell_639	2.86174e-21	0.997021	2.2067e-06	0.00297721
Cell_640	1.17597e-26	0.990088	9.13839e-11	0.00991153
Cell_641	3.30834e-15	0.228135	0.769581	0.0022838
Cell_642	1.18384e-24	0.997983	4.66531e-07	0.0020169
Cell_643	1.9049e-15	0.2591	0.740363	0.000537684
Cell_644	7.16366e-21	0.931297	3.20902e-06	0.0686995
Cell_645	2.30563e-14	0.855364	0.125667	0.0189689
Cell_646	1.04809e-18	0.99736	4.24954e-07	0.00263979
Cell_647	1.29124e-22	0.997931	5.70691e-05	0.00201214
Cell_648	5.8735e-34	0.225186	0.766338	0.00847523
Cell_649	6.59213e-26	0.978305	8.38075e-15	0.0216953
Cell_650	9.80373e-22	0.870368	0.127872	0.00176034
Cell_651	1.78598e-21	0.997471	1.30058e-06	0.00252725
Cell_652	5.17777e-16	0.997473	2.9205e-08	0.00252726
Cell_653	3.61375e-21	0.931294	6.42948e-06	0.0686993
Cell_654	6.14398e-16	0.997981	2.4703e-07	0.00201844
Cell_655	4.1135e-16	0.934592	0.0560523	0.00935597
Cell_656	1.67791e-18	0.997385	0.000176374	0.00243873
Cell_657	2.52157e-22	0.994095	9.78572e-05	0.0058071
Cell_658	4.59786e-36	0.994192	2.59312e-11	0.00580767
Cell_659	4.245e-10	0.869177	0.127697	0.00312637
Cell_660	2.23303e-16	0.245567	0.753918	0.000515824
Cell_661	5.32273e-12	0.958587	0.0358129	0.00559968
Cell_662	2.69463e-18	0.870316	0.127864	0.00181972
Cell_663	6.64867e-15	0.870048	0.127825	0.00212737
Cell_664	2.06332e-15	0.226581	0.772881	0.000538116
Cell_665	2.63426e-20	0.990888	0.00173568	0.00737639
Cell_666	1.59426e-34	0.9313	3.52292e-10	0.0686997
Cell_667	3.6905e-16	0.867484	0.127448	0.0050675
Cell_668	2.31377e-29	0.000919957	0.000766822	0.998313
Cell_669	4.05209e-23	0.226571	0.772973	0.000456484
Cell_670	3.88035e-15	0.233476	0.766049	0.000474911
Cell_671	2.61925e-26	0.997954	2.44606e-11	0.00204587
Cell_672	2.63676e-31	0.996766	1.43445e-14	0.00323379
Cell_673	1.9845e-13	0.868272	0.127564	0.00416458
Cell_674	1.29963e-19	0.9978	1.10867e-08	0.00220026
Cell_675	1.9247e-23	0.997748	0.000116593	0.0021353
Cell_676	9.10681e-18	0.995893	3.40084e-05	0.00407286
Cell_677	1.75828e-32	0.9313	1.24204e-17	0.0686997
Cell_678	4.77577e-31	0.997968	4.49419e-11	0.00203196
Cell_679	5.2359e-26	0.994192	5.71597e-09	0.00580767
Cell_680	7.71359e-12	0.868805	0.127642	0.00355312
Cell_681	2.98346e-12	0.997334	0.000435931	0.00222988
Cell_682	2.50691e-43	0.172329	0.025318	0.802353
Cell_683	8.85705e-27	0.99736	2.70343e-12	0.00263979
Cell_684	2.13387e-19	0.320665	0.672224	0.00711119
Cell_685	2.4826e-29	0.994192	1.97935e-14	0.00580767
Cell_686	6.09613e-18	0.226729	0.772594	0.000677036
Cell_687	1.74072e-05	0.869966	0.127813	0.0022042
Cell_688	1.06942e-26	0.0355037	6.06245e-14	0.964496
Cell_689	1.04751e-17	0.226594	0.772891	0.000515071
Cell_690	4.58644e-32	0.997214	1.07827e-15	0.00278552
Cell_691	2.85474e-26	0.992611	8.29413e-14	0.00738922
Cell_692	8.19509e-19	0.223139	0.760401	0.0164604
Cell_693	4.31598e-20	0.997905	3.01337e-05	0.00206449
Cell_694	2.69606e-23	0.997968	4.19784e-12	0.00203196
Cell_695	7.90367e-18	0.997023	1.16913e-08	0.00297722
Cell_696	7.56279e-44	0.997958	6.74919e-09	0.00204244
Cell_697	1.35646e-21	0.995224	2.1554e-06	0.0047735
Cell_698	1.80785e-41	0.0423068	6.43863e-09	0.957693
Cell_699	3.36211e-23	0.992611	1.27377e-11	0.00738922
Cell_700	3.43081e-37	0.759592	4.63243e-08	0.240408
Cell_701	7.09631e-24	0.992611	3.97711e-13	0.00738922
Cell_702	8.03831e-18	0.225598	0.769399	0.00500295
Cell_703	1.64002e-65	6.73219e-08	4.68009e-20	1
Cell_704	9.60667e-15	0.867484	0.127448	0.0050675
Cell_705	4.04464e-28	0.992059	0.000555419	0.00738511
Cell_706	1.85066e-12	0.992123	0.000491386	0.00738559
Cell_707	2.00647e-16	0.870328	0.127866	0.00180611
Cell_708	3.54483e-14	0.867484	0.127448	0.0050675
Cell_709	1.23976e-20	0.997929	1.63352e-07	0.00207091
Cell_710	6.67222e-22	0.870323	0.127865	0.00181244
Cell_711	7.5809e-19	0.864358	0.126989	0.00865288
Cell_712	6.28208e-30	0.242239	0.755336	0.00242499
Cell_713	6.46105e-26	0.99795	1.11909e-08	0.00204972
Cell_714	5.41266e-23	0.225993	0.770764	0.00324208
Cell_715	4.53478e-38	0.99756	1.07311e-06	0.00243915
Cell_716	3.24327e-11	0.993641	0.00159314	0.00476591
Cell_717	1.64852e-24	0.997981	2.81172e-12	0.00201932
Cell_718	1.12267e-20	0.992597	1.36747e-05	0.00738912
Cell_719	8.33977e-20	0.997214	3.23304e-10	0.00278552
Cell_720	3.61553e-50	0.994192	8.59124e-35	0.00580767
Cell_721	3.27393e-15	0.819213	0.120356	0.0604313
Cell_722	2.21364e-16	0.227837	0.771483	0.000680345
Cell_723	1.97605e-24	0.0134838	6.02578e-16	0.986516
Cell_724	3.29167e-27	0.978305	1.39106e-07	0.0216953
Cell_725	3.36309e-20	0.985857	2.3852e-08	0.014143
Cell_726	3.43484e-18	0.997557	0.000389307	0.00205327
Cell_727	1.14016e-42	0.997941	4.16421e-12	0.00205898
Cell_728	1.20821e-22	0.963728	2.43608e-07	0.0362714
Cell_729	5.37018e-23	0.997023	3.46101e-14	0.00297722
Cell_730	8.22211e-15	0.868805	0.127642	0.00355312
Cell_731	1.23767e-12	0.9313	1.25584e-08	0.0686997
Cell_732	1.25439e-29	0.997981	8.15853e-11	0.00201932
Cell_733	1.63828e-28	0.997687	5.36329e-08	0.00231331
Cell_734	2.07709e-23	0.99736	2.18928e-09	0.00263979
Cell_735	3.74243e-29	0.997769	4.58954e-11	0.00223085
Cell_736	1.70035e-15	0.869895	0.127802	0.00230242
Cell_737	8.64368e-20	0.997969	4.19931e-06	0.00202651
Cell_738	1.09256e-18	0.958092	0.0363114	0.00559679
Cell_739	3.31043e-13	0.870337	0.127867	0.0017957
Cell_740	1.59114e-41	0.226561	0.772865	0.000574029
Cell_741	6.14923e-30	0.978305	1.29784e-14	0.0216953
Cell_742	2.92038e-10	0.226944	0.772517	0.000538978
Cell_743	9.3923e-15	0.870048	0.127825	0.00212737
Cell_744	8.25582e-31	0.99798	3.30192e-13	0.00202027
Cell_745	1.69949e-34	0.997846	3.82168e-22	0.00215352
Cell_746	2.56352e-27	0.995923	3.82758e-06	0.00407299
Cell_747	1.4594e-12	0.226639	0.772434	0.000926875
Cell_748	1.12785e-29	0.99553	0.00220656	0.00226295
Cell_749	3.20494e-19	0.977887	0.00042743	0.021686
Cell_750	1.33738e-20	0.978304	4.21906e-07	0.0216953
Cell_751	2.31438e-24	0.994192	4.84355e-08	0.00580767
Cell_752	1.27118e-15	0.869784	0.127786	0.00242957
Cell_753	3.48874e-25	0.99736	8.73732e-08	0.00263979
Cell_754	7.18309e-16	0.223064	0.760481	0.0164549
Cell_755	2.16951e-49	7.55934e-06	3.98118e-17	0.999992
Cell_756	1.69292e-34	0.992611	2.57296e-21	0.00738922
Cell_757	3.00557e-14	0.246877	0.751285	0.00183781
Cell_758	1.78505e-21	0.963729	6.76043e-10	0.0362714
Cell_759	1.69578e-17	0.996999	2.37815e-05	0.00297715
Cell_760	1.61746e-44	0.191377	4.55259e-09	0.808623
Cell_761	7.81501e-17	0.869177	0.127697	0.00312637
Cell_762	4.90538e-16	0.985814	4.3733e-05	0.0141424
Cell_763	3.75799e-37	0.500919	0.497586	0.0014958
Cell_764	1.80212e-15	0.87037	0.127872	0.00175785
Cell_765	5.64363e-18	0.869443	0.127736	0.00282072
Cell_766	9.79971e-12	0.995357	0.00264067	0.00200246
Cell_767	4.2655e-16	0.87037	0.127872	0.0017584
Cell_768	4.52011e-28	0.992611	1.47619e-15	0.00738922
Cell_769	4.49659e-33	0.992611	3.10816e-16	0.00738922
Cell_770	2.53514e-28	0.996766	1.18071e-09	0.00323379
Cell_771	1.39544e-20	0.226645	0.772781	0.00057424
Cell_772	5.05933e-18	0.850643	0.147641	0.00171549
Cell_773	1.16965e-23	0.00103677	4.14771e-13	0.998963
Cell_774	4.75852e-23	0.995927	4.19534e-11	0.004073
Cell_775	3.16179e-16	0.351068	0.648118	0.000814012
Cell_776	2.07535e-24	0.997904	1.11379e-10	0.00209614
Cell_777	4.1549e-23	0.997214	3.29453e-09	0.00278552
Cell_778	1.87218e-08	0.8442	0.124027	0.0317727
Cell_779	5.0275e-21	0.994191	1.05612e-06	0.00580767
