cell	Node 0	Node 1	Node 2	Node 3
Cell_0	1.17811e-05	0.00453886	0.35927	0.636179
Cell_1	1.77742e-05	0.0177979	0.0223752	0.959809
Cell_2	2.99775e-12	1.77409e-10	1	1.61879e-07
Cell_3	1.10296e-12	6.53347e-10	1.39037e-09	1
Cell_4	1.51903e-10	9.20344e-09	0.999992	8.2028e-06
Cell_5	1.09113e-13	4.20376e-11	3.32746e-09	1
Cell_6	9.86028e-12	1.30867e-09	3.00695e-07	1
Cell_7	1.17837e-12	7.12199e-11	3.5935e-08	1
Cell_8	3.62111e-17	2.14483e-15	1	4.15865e-09
Cell_9	1.41024e-08	8.33836e-07	0.171645	0.828354
Cell_10	1.81688e-12	1.07276e-10	0.999964	3.63704e-05
Cell_11	3.98949e-14	1.06029e-09	1.21662e-09	1
Cell_12	3.09703e-05	0.00208105	0.944456	0.0534323
Cell_13	3.82577e-11	3.83086e-08	0.016655	0.983345
Cell_14	6.50665e-12	1.277e-08	0.191239	0.808761
Cell_15	1.71673e-05	0.00348058	0.523526	0.472977
Cell_16	2.00689e-12	3.93874e-09	0.96738	0.03262
Cell_17	5.99089e-13	1.17578e-09	0.719078	0.280922
Cell_18	9.84536e-12	1.93226e-08	0.997813	0.00218684
Cell_19	3.46693e-16	2.20206e-14	1.05726e-11	1
Cell_20	4.01194e-17	3.1994e-15	0.999966	3.40466e-05
Cell_21	1.18263e-05	0.000714776	0.360651	0.638623
Cell_22	7.24881e-16	4.41808e-14	8.05597e-05	0.999919
Cell_23	2.14159e-07	4.34198e-05	0.00653091	0.993425
Cell_24	5.37843e-08	3.54922e-06	6.85848e-05	0.999928
Cell_25	4.78371e-14	1.84301e-11	0.985225	0.0147745
Cell_26	3.31768e-23	6.51131e-20	1	1.24295e-13
Cell_27	1.34545e-13	7.98701e-12	2.54842e-05	0.999975
Cell_28	1.05445e-17	9.29967e-11	0.000462659	0.999537
Cell_29	3.03582e-05	0.00221252	0.925791	0.0719664
Cell_30	7.10433e-11	4.19348e-09	0.999996	3.83634e-06
Cell_31	4.81301e-14	3.05703e-12	1.46776e-09	1
Cell_32	1.18236e-05	0.0009429	0.360568	0.638477
Cell_33	1.40534e-12	1.28832e-10	0.00262117	0.997379
Cell_34	1.17811e-05	0.00453886	0.35927	0.636179
Cell_35	2.55923e-17	1.51598e-14	7.80451e-13	1
Cell_36	7.551e-13	4.47289e-10	2.30272e-08	1
Cell_37	4.80079e-09	4.84878e-07	2.02005e-05	0.999979
Cell_38	6.44631e-12	3.81852e-09	1.96584e-07	1
Cell_39	1.18265e-05	0.000701158	0.360655	0.638632
Cell_40	3.11051e-11	4.98809e-09	9.48568e-07	0.999999
Cell_41	1.18246e-05	0.000861782	0.360598	0.638529
Cell_42	4.89012e-15	3.35868e-13	0.999994	5.64003e-06
Cell_43	3.61706e-31	3.62187e-28	4.55076e-28	1
Cell_44	1.78747e-18	1.05882e-15	0.999978	2.23018e-05
Cell_45	4.50148e-09	3.2807e-07	0.000137275	0.999862
Cell_46	1.43996e-08	0.128394	0.000439124	0.871167
Cell_47	2.70271e-12	5.47963e-10	1.88712e-08	1
Cell_48	5.0018e-41	1.92703e-38	1	2.70098e-36
Cell_49	7.03842e-12	4.2448e-10	2.14641e-07	1
Cell_50	1.10157e-29	1.76651e-27	1	5.9485e-25
Cell_51	2.45654e-16	1.53468e-14	7.49137e-12	1
Cell_52	4.08527e-15	2.41345e-13	1	2.20605e-10
Cell_53	1.32231e-10	8.16022e-07	4.03246e-06	0.999995
Cell_54	2.31518e-14	4.5438e-11	0.00680245	0.993198
Cell_55	3.10203e-16	6.28921e-14	9.45981e-12	1
Cell_56	4.81847e-09	0.000339877	0.259054	0.740606
Cell_57	1.90621e-12	1.14742e-10	0.106147	0.893853
Cell_58	6.11049e-06	0.000696782	0.66933	0.329967
Cell_59	8.98599e-17	6.81784e-15	0.00746407	0.992536
Cell_60	7.41896e-09	1.18972e-06	0.977278	0.0227205
Cell_61	1.17837e-12	1.17994e-09	3.5935e-08	1
Cell_62	4.85498e-12	2.87589e-09	1.48055e-07	1
Cell_63	6.36886e-11	4.49253e-09	0.999999	6.97882e-07
Cell_64	1.45835e-16	1.23735e-14	4.44732e-12	1
Cell_65	5.38827e-13	5.39544e-10	1	2.90967e-08
Cell_66	1.28866e-09	2.06653e-07	0.999409	0.000591085
Cell_67	1.23046e-31	4.74055e-29	1	7.49344e-25
Cell_68	1.19118e-10	7.86059e-09	0.993003	0.00699684
Cell_69	2.55503e-13	1.55233e-11	0.000537668	0.999462
Cell_70	2.38847e-12	1.90473e-10	1	1.28977e-07
Cell_71	4.01515e-09	4.57849e-07	0.999992	7.35982e-06
Cell_72	2.13086e-05	0.00195343	0.649817	0.348209
Cell_73	3.16673e-10	7.57199e-07	0.969242	0.0307572
Cell_74	6.84498e-15	6.85409e-12	0.0641611	0.935839
Cell_75	1.08716e-13	6.71027e-12	1	3.32434e-08
Cell_76	1.80168e-05	0.00127089	0.0258021	0.972909
Cell_77	2.95513e-18	1.84616e-16	0.999992	7.69337e-06
Cell_78	4.75233e-11	6.30735e-09	0.0935967	0.906403
Cell_79	3.97415e-15	2.35412e-12	0.077649	0.922351
Cell_80	5.46168e-12	5.51628e-10	1.66557e-07	1
Cell_81	1.36727e-12	8.07384e-11	1.71958e-09	1
Cell_82	3.14442e-19	2.21805e-17	0.987713	0.0122866
Cell_83	3.66819e-16	3.36276e-14	1.11863e-11	1
Cell_84	1.11438e-10	6.58613e-09	3.39838e-06	0.999997
Cell_85	7.76338e-07	0.934402	0.0236749	0.0419224
Cell_86	2.46283e-20	6.66491e-18	1	9.22344e-17
Cell_87	4.71742e-12	7.56495e-10	1.03819e-08	1
Cell_88	1.55399e-05	0.0155606	0.145268	0.839156
Cell_89	3.84018e-09	2.26818e-07	0.999992	7.61005e-06
Cell_90	1.12063e-09	1.48732e-07	3.41743e-05	0.999966
Cell_91	4.51456e-14	2.67423e-11	0.294199	0.705801
Cell_92	1.17524e-05	0.00696162	0.358396	0.634631
Cell_93	1.50089e-12	1.50289e-09	0.000463772	0.999536
Cell_94	1.80477e-14	3.54205e-11	1.00221e-06	0.999999
Cell_95	7.7052e-11	4.6017e-09	0.999997	3.02946e-06
Cell_96	2.91537e-05	0.00173133	0.889057	0.109182
Cell_97	7.27675e-18	4.38853e-16	1	3.92945e-13
Cell_98	6.24718e-13	3.75402e-11	1.90511e-08	1
Cell_99	1.18236e-05	0.0009429	0.360568	0.638477
Cell_100	2.26834e-10	8.73918e-08	6.91744e-06	0.999993
Cell_101	1.18124e-05	0.00189426	0.360225	0.637869
Cell_102	6.0196e-11	3.97233e-09	1.83571e-06	0.999998
Cell_103	5.53847e-15	3.90678e-13	1.68899e-10	1
Cell_104	7.0358e-11	2.71067e-08	0.371191	0.628809
Cell_105	1.18265e-05	0.000700004	0.360656	0.638632
Cell_106	3.07006e-15	2.02593e-13	9.36233e-11	1
Cell_107	1.81694e-14	3.68377e-12	9.80787e-05	0.999902
Cell_108	1.20817e-15	7.75547e-14	3.6844e-11	1
Cell_109	3.04899e-05	0.00347678	0.929807	0.0666853
Cell_110	2.91092e-13	1.12148e-10	8.87701e-09	1
Cell_111	1.50429e-27	3.04988e-25	4.58741e-23	1
Cell_112	1.85698e-06	0.000376493	0.0566296	0.942992
Cell_113	1.16962e-05	0.0117117	0.356682	0.631595
Cell_114	1.33377e-14	7.90975e-13	0.999994	6.36827e-06
Cell_115	1.18264e-05	0.000704588	0.360654	0.638629
Cell_116	2.63289e-10	1.55961e-07	3.33453e-07	1
Cell_117	1.18236e-05	0.0009429	0.360568	0.638477
Cell_118	3.0583e-05	0.00490436	0.932646	0.0624193
Cell_119	2.00503e-21	3.93509e-18	6.11447e-17	1
Cell_120	6.67921e-13	4.34178e-11	2.03686e-08	1
Cell_121	2.39133e-16	1.45749e-14	0.962909	0.0370914
Cell_122	7.61919e-20	1.49535e-16	2.32351e-15	1
Cell_123	8.85036e-08	2.39508e-05	0.00269897	0.997277
Cell_124	1.53453e-13	2.03664e-11	0.999999	7.11825e-07
Cell_125	1.25206e-16	7.55104e-15	3.81822e-12	1
Cell_126	4.75554e-10	3.79241e-08	0.999974	2.568e-05
Cell_127	2.38519e-15	1.41541e-13	0.999989	1.10039e-05
Cell_128	8.25699e-13	5.8244e-11	2.51802e-08	1
Cell_129	1.1826e-05	0.000744447	0.36064	0.638604
Cell_130	2.70271e-12	1.81609e-10	1.57542e-06	0.999998
Cell_131	1.15661e-05	0.0226998	0.352716	0.624573
Cell_132	1.16634e-15	8.50036e-14	0.992193	0.00780657
Cell_133	1.34825e-12	8.01386e-11	0.102119	0.897881
Cell_134	9.48758e-13	1.52145e-10	0.611449	0.388551
Cell_135	2.66926e-07	1.88287e-05	0.00814005	0.991841
Cell_136	8.59934e-12	7.88333e-10	2.62242e-07	1
Cell_137	3.31374e-15	2.64261e-13	1.01054e-10	1
Cell_138	1.02437e-12	6.1379e-11	0.999749	0.000251072
Cell_139	9.95034e-09	9.12184e-07	1.25343e-05	0.999987
Cell_140	3.02877e-08	3.45372e-06	0.000923642	0.999073
Cell_141	2.71747e-24	5.33333e-21	1	6.59012e-09
Cell_142	1.98417e-10	1.22469e-08	6.05085e-06	0.999994
Cell_143	1.12079e-12	6.6415e-11	1.41027e-09	1
Cell_144	1.98131e-13	7.63334e-11	0.999801	0.000199345
Cell_145	2.9782e-21	4.7759e-19	1	5.14208e-18
Cell_146	6.86728e-18	5.47646e-16	0.999677	0.000323301
Cell_147	3.09581e-16	1.90164e-14	0.00200332	0.997997
Cell_148	6.48697e-16	4.00394e-14	1	3.50297e-11
Cell_149	2.92834e-13	2.93224e-10	8.93014e-09	1
Cell_150	7.337e-14	5.03927e-12	2.23746e-09	1
Cell_151	2.95576e-11	1.13876e-08	1.6044e-06	0.999998
Cell_152	4.67185e-11	3.13925e-09	0.999948	5.16602e-05
Cell_153	3.9626e-18	3.63266e-16	3.06836e-05	0.999969
Cell_154	2.31916e-17	1.59287e-15	4.7726e-05	0.999952
Cell_155	3.70469e-18	1.00256e-15	5.5675e-07	0.999999
Cell_156	5.55132e-11	1.08951e-07	1.69291e-06	0.999998
Cell_157	3.06591e-09	2.44497e-07	0.999834	0.000165559
Cell_158	1.0463e-12	6.25485e-11	1	1.827e-09
Cell_159	7.60314e-16	7.61325e-13	0.999998	1.60767e-06
Cell_160	1.15661e-05	0.0226998	0.352716	0.624573
Cell_161	2.59297e-15	2.59642e-12	0.963886	0.0361142
Cell_162	9.49034e-13	6.69439e-11	2.89413e-08	1
Cell_163	8.69472e-13	1.70643e-09	2.6515e-08	1
Cell_164	9.11644e-21	6.64411e-19	1	1.56907e-08
Cell_165	3.08905e-12	1.83525e-10	9.42023e-08	1
Cell_166	3.95951e-14	4.76567e-08	1.20748e-09	1
Cell_167	3.58233e-10	3.03946e-08	0.999981	1.93446e-05
Cell_168	3.26289e-07	0.000326724	0.000412081	0.999261
Cell_169	1.10765e-13	6.97265e-12	0.999996	3.90367e-06
Cell_170	9.42863e-22	1.25138e-19	1.18592e-18	1
Cell_171	1.15661e-05	0.0226998	0.352716	0.624573
Cell_172	1.18236e-05	0.0009429	0.360568	0.638477
Cell_173	8.70509e-09	5.14316e-07	0.000265467	0.999734
Cell_174	1.84857e-12	3.62802e-09	0.316031	0.683969
Cell_175	1.18254e-05	0.000794607	0.360622	0.638572
Cell_176	6.90745e-29	5.50849e-27	1	3.73003e-24
Cell_177	1.49345e-13	8.84656e-11	0.9871	0.0129001
Cell_178	9.06203e-15	6.22408e-13	0.343831	0.656169
Cell_179	7.09924e-12	6.02342e-10	2.16495e-07	1
Cell_180	4.48753e-10	3.80749e-08	0.0154282	0.984572
Cell_181	3.77389e-10	2.39702e-08	0.932649	0.0673505
Cell_182	1.05439e-14	6.29141e-13	3.21541e-10	1
Cell_183	6.11687e-09	3.6358e-07	0.827844	0.172156
Cell_184	1.12544e-09	6.64459e-08	0.724968	0.275032
Cell_185	4.27162e-18	2.53033e-15	1.30266e-13	1
Cell_186	1.10765e-13	6.54367e-12	1	1.95862e-10
Cell_187	1.8077e-05	0.00106851	0.0227529	0.976161
Cell_188	1.59693e-06	0.00012735	0.0486992	0.951172
Cell_189	1.74971e-11	1.20176e-09	5.33585e-07	0.999999
Cell_190	1.1822e-05	0.00108376	0.360517	0.638387
Cell_191	1.80603e-05	0.00182408	0.0229009	0.975257
Cell_192	1.47892e-13	8.77057e-12	1	7.98619e-09
Cell_193	2.33867e-05	0.00186502	0.71319	0.284921
Cell_194	1.00501e-05	0.000653301	0.306484	0.692853
Cell_195	3.49061e-17	2.1275e-15	1	2.66196e-13
Cell_196	4.64825e-13	1.79082e-10	0.999926	7.37154e-05
Cell_197	2.96616e-13	8.02703e-11	7.201e-05	0.999928
Cell_198	6.32638e-14	5.57954e-07	0.030495	0.969504
Cell_199	2.03751e-11	0.123297	2.98838e-06	0.876701
Cell_200	4.65227e-16	2.84583e-14	0.00154288	0.998457
Cell_201	1.18242e-05	0.000897122	0.360585	0.638506
Cell_202	3.2265e-16	1.91124e-13	1	1.74231e-11
Cell_203	5.954e-09	5.45825e-07	0.000181571	0.999818
Cell_204	2.74739e-13	4.40578e-11	1	4.82077e-10
Cell_205	3.60389e-11	9.75283e-09	1.09903e-06	0.999999
Cell_206	2.99085e-14	2.99483e-11	0.509565	0.490435
Cell_207	1.18188e-05	0.00134771	0.360422	0.638218
Cell_208	1.18254e-05	0.000794607	0.360622	0.638572
Cell_209	3.02019e-17	6.45432e-10	0.0164074	0.983593
Cell_210	2.64714e-14	1.58829e-12	8.07261e-10	1
Cell_211	1.83947e-18	1.10368e-16	5.60956e-14	1
Cell_212	3.45596e-06	0.00026221	0.813112	0.186622
Cell_213	1.17811e-05	0.00453886	0.35927	0.636179
Cell_214	4.00098e-14	3.03562e-12	0.650732	0.349268
Cell_215	5.24306e-11	3.16203e-09	1.5989e-06	0.999998
Cell_216	2.65721e-12	3.03003e-10	0.99998	2.03131e-05
Cell_217	1.15661e-05	0.0226998	0.352716	0.624573
Cell_218	4.65146e-11	9.129e-08	0.729839	0.270161
Cell_219	2.81115e-18	1.66343e-16	8.57276e-14	1
Cell_220	1.72692e-08	1.0871e-06	0.000526635	0.999472
Cell_221	4.49566e-18	2.71129e-16	0.86621	0.13379
Cell_222	7.67262e-15	1.55559e-12	2.33981e-10	1
Cell_223	1.18188e-05	0.00134771	0.360422	0.638218
Cell_224	1.17811e-05	0.00453886	0.35927	0.636179
Cell_225	3.02878e-08	1.81261e-06	0.000923643	0.999075
Cell_226	3.06566e-05	0.00406878	0.93489	0.0610103
Cell_227	1.14114e-16	6.98045e-15	0.366084	0.633916
Cell_228	7.6311e-22	8.70179e-20	1	2.85835e-08
Cell_229	5.11804e-18	3.159e-16	1	8.85396e-15
Cell_230	3.83738e-14	2.29652e-12	1	2.07219e-09
Cell_231	1.45908e-15	1.06339e-13	0.0155283	0.984472
Cell_232	1.18263e-05	0.000714776	0.360651	0.638623
Cell_233	3.86526e-14	3.8704e-11	1.17873e-09	1
Cell_234	2.60681e-12	5.11615e-09	1	1.40768e-07
Cell_235	2.14162e-07	2.84239e-05	0.006531	0.99344
Cell_236	8.93699e-12	8.19287e-10	2.72539e-07	1
Cell_237	3.85734e-13	2.72093e-11	0.952054	0.0479458
Cell_238	1.06864e-11	1.71369e-09	7.9186e-07	0.999999
Cell_239	2.74109e-09	5.37968e-06	0.999979	1.55256e-05
Cell_240	7.07481e-13	7.08422e-10	2.1575e-08	1
Cell_241	1.16962e-05	0.0117117	0.356682	0.631595
Cell_242	3.20548e-14	1.90218e-12	9.77529e-10	1
Cell_243	1.59517e-17	1.12522e-15	1	3.76208e-08
Cell_244	2.14166e-07	1.26784e-05	0.00653111	0.993456
Cell_245	1.30789e-07	1.04301e-05	0.000166235	0.999823
Cell_246	1.90947e-13	3.06207e-11	1	1.03112e-08
Cell_247	1.06378e-09	7.50383e-08	0.896679	0.103321
Cell_248	4.51185e-15	7.23531e-13	1.37592e-10	1
Cell_249	1.1822e-05	0.00108376	0.360517	0.638387
Cell_250	6.42316e-14	4.68124e-12	1.95878e-09	1
Cell_251	5.45657e-11	1.1063e-08	0.991613	0.00838684
Cell_252	3.75297e-14	6.01834e-12	4.73506e-11	1
Cell_253	1.97134e-07	2.61639e-05	0.999407	0.000566907
Cell_254	3.064e-06	0.000205886	0.00385476	0.995936
Cell_255	2.39164e-30	2.7272e-28	3.00822e-27	1
Cell_256	1.78543e-05	0.00687868	0.0289698	0.964134
Cell_257	5.05687e-19	4.63582e-17	1.54212e-14	1
Cell_258	7.80811e-06	0.000465902	0.238113	0.761413
Cell_259	2.47036e-13	1.69671e-11	7.53349e-09	1
Cell_260	6.10697e-21	6.96381e-19	1	1.24291e-09
Cell_261	2.91898e-05	0.0572881	0.890159	0.0525235
Cell_262	7.53126e-16	4.96987e-14	2.2967e-11	1
Cell_263	3.2602e-15	1.93237e-13	9.94218e-11	1
Cell_264	1.43067e-06	0.000229425	0.043629	0.95614
Cell_265	1.37345e-14	8.28311e-13	4.1884e-10	1
Cell_266	1.78598e-16	1.05794e-13	5.44643e-12	1
Cell_267	9.58122e-13	6.58067e-11	0.0216245	0.978375
Cell_268	3.59075e-16	5.75821e-14	1.09502e-11	1
Cell_269	1.54702e-09	5.96016e-07	0.999916	8.35392e-05
Cell_270	1.78085e-11	1.25619e-09	0.00018126	0.999819
Cell_271	1.18188e-05	0.00134771	0.360422	0.638218
Cell_272	2.77251e-05	0.0164232	0.845492	0.138057
Cell_273	1.61588e-15	9.55346e-14	4.92772e-11	1
Cell_274	7.96727e-18	1	2.42966e-13	1.26103e-13
Cell_275	1.03922e-10	2.81233e-08	0.999994	5.61179e-06
Cell_276	3.08072e-05	0.00624602	0.939483	0.0542402
Cell_277	1.43758e-18	1.45195e-16	1	1.04149e-08
Cell_278	1.96285e-14	3.8523e-11	1	1.05994e-09
Cell_279	1.12079e-12	7.90596e-11	3.41792e-08	1
Cell_280	8.45899e-45	6.13817e-39	1	3.43925e-18
Cell_281	7.80756e-06	0.000536247	0.238096	0.76136
Cell_282	2.13258e-12	1.30997e-10	6.50342e-08	1
Cell_283	1.72143e-05	0.010197	0.0602117	0.929574
Cell_284	2.74637e-19	1.72884e-17	4.74343e-13	1
Cell_285	1.80759e-05	0.00114811	0.022732	0.976102
Cell_286	2.76878e-14	1.90168e-12	1	1.49514e-09
Cell_287	1.1797e-05	0.0031925	0.359756	0.637039
Cell_288	1.99715e-21	2.27736e-19	6.09043e-17	1
Cell_289	8.79101e-15	5.26748e-13	0.82578	0.17422
Cell_290	1.1822e-05	0.00108376	0.360517	0.638387
Cell_291	4.01467e-14	4.57794e-12	1.2243e-09	1
Cell_292	7.04403e-16	5.61741e-14	2.14812e-11	1
Cell_293	2.37926e-17	1.49775e-15	2.74896e-07	1
Cell_294	5.5443e-12	0.00650418	0.993496	2.99393e-07
Cell_295	4.9092e-10	3.57785e-08	1.49709e-05	0.999985
Cell_296	8.42056e-19	1.35034e-16	2.5679e-14	1
Cell_297	2.72708e-24	5.35218e-21	3.84495e-15	1
Cell_298	1.18264e-05	0.000710663	0.360652	0.638625
Cell_299	1.18264e-05	0.000706993	0.360653	0.638628
Cell_300	2.39764e-08	1.42026e-05	0.998691	0.00129473
Cell_301	3.14158e-09	0.999899	9.58042e-05	5.429e-06
Cell_302	1.18229e-05	0.00100313	0.360547	0.638439
Cell_303	1.17524e-05	0.00696162	0.358396	0.634631
Cell_304	3.96524e-17	2.35939e-15	1.20922e-12	1
Cell_305	5.37793e-19	2.07194e-16	0.722477	0.277523
Cell_306	8.00256e-17	1.57059e-13	1	4.32139e-12
Cell_307	1.65603e-11	9.80961e-09	5.05015e-07	0.999999
Cell_308	3.31354e-13	2.03539e-11	1.01048e-08	1
Cell_309	4.01338e-30	2.54914e-28	1	1.35418e-18
Cell_310	3.99968e-11	4.005e-08	1.21973e-06	0.999999
Cell_311	4.973e-11	1.00825e-08	6.25724e-08	1
Cell_312	1.18124e-05	0.00189426	0.360225	0.637869
Cell_313	7.14055e-06	0.396647	0.217755	0.385591
Cell_314	2.46088e-12	1.47113e-10	0.504383	0.495617
Cell_315	4.29475e-15	4.30047e-12	1.30971e-10	1
Cell_316	7.94115e-12	0.000655498	2.4217e-07	0.999344
Cell_317	2.46278e-29	9.48828e-27	1.18057e-24	1
Cell_318	4.8943e-11	3.28873e-09	1.49254e-06	0.999999
Cell_319	7.0608e-11	4.18252e-08	2.15323e-06	0.999998
Cell_320	2.60586e-08	2.63191e-06	0.000794671	0.999203
Cell_321	9.86028e-12	1.30867e-09	3.00695e-07	1
Cell_322	2.77754e-14	2.35663e-12	3.6998e-11	1
Cell_323	2.39948e-16	1.91352e-14	0.99844	0.0015599
Cell_324	1.18252e-05	0.000812188	0.360615	0.638561
Cell_325	4.77832e-14	3.06728e-12	1	2.5803e-09
Cell_326	1.93299e-14	1.1445e-12	5.89477e-10	1
Cell_327	3.34254e-10	0.999989	1.01933e-05	7.10148e-07
Cell_328	1.18254e-05	0.000794607	0.360622	0.638572
Cell_329	2.57846e-16	1.5301e-14	7.86315e-12	1
Cell_330	6.86133e-13	2.64345e-10	2.0924e-08	1
Cell_331	1.32708e-10	3.59136e-08	4.04702e-06	0.999996
Cell_332	3.09664e-05	0.00204347	0.944339	0.053587
Cell_333	1.76445e-05	0.00112071	0.046055	0.952807
Cell_334	8.67974e-14	5.12795e-12	1	6.53073e-10
Cell_335	5.37e-08	3.18371e-06	0.00163761	0.998359
Cell_336	1.00187e-19	5.93464e-17	0.999829	0.000170838
Cell_337	6.30608e-14	3.81136e-12	0.999926	7.42294e-05
Cell_338	3.67206e-14	1.41473e-11	1.11982e-09	1
Cell_339	0.000328489	0.0197394	0.413112	0.56682
Cell_340	1.27352e-14	1.16748e-12	0.999451	0.000549147
Cell_341	1.04973e-11	6.55799e-10	3.20121e-07	1
Cell_342	2.60209e-05	0.00183549	0.793522	0.204617
Cell_343	1.73594e-13	1	2.18394e-10	9.37407e-09
Cell_344	4.29403e-22	2.58473e-20	1	2.31878e-17
Cell_345	7.575e-15	4.63368e-13	2.11148e-06	0.999998
Cell_346	3.96445e-15	4.00408e-13	1.86713e-05	0.999981
Cell_347	2.30959e-32	6.25021e-30	7.04322e-28	1
Cell_348	2.01966e-34	3.9638e-31	1	1.09062e-29
Cell_349	1.61374e-05	0.00184016	0.126722	0.871422
Cell_350	1.18229e-05	0.00100313	0.360547	0.638439
Cell_351	5.07365e-07	5.78551e-05	0.0154724	0.984469
Cell_352	7.80027e-15	2.11091e-12	2.37874e-10	1
Cell_353	4.2236e-09	3.87193e-07	0.480644	0.519355
Cell_354	9.9998e-06	0.00270615	0.457293	0.539991
Cell_355	7.31427e-15	7.38739e-13	9.2034e-12	1
Cell_356	5.90216e-12	5.96117e-10	0.652165	0.347835
Cell_357	2.41697e-14	1.8338e-12	0.999692	0.000307741
Cell_358	1.68688e-11	3.42007e-09	5.14423e-07	0.999999
Cell_359	4.79027e-13	2.84001e-11	1.46082e-08	1
Cell_360	5.63853e-05	0.00427806	0.0742591	0.921406
Cell_361	1.38705e-09	0.00892919	0.000137868	0.990933
Cell_362	4.00981e-17	8.1297e-15	1.27144e-09	1
Cell_363	8.64947e-17	6.30378e-15	0.000606176	0.999394
Cell_364	1.34133e-05	0.00516771	0.270499	0.72432
Cell_365	4.7023e-14	2.88845e-12	1	9.00095e-09
Cell_366	1.32658e-10	8.75407e-09	0.000385808	0.999614
Cell_367	1.13593e-22	7.80194e-21	1	1.20205e-12
Cell_368	2.65161e-21	2.43083e-19	1.56256e-10	1
Cell_369	3.61545e-15	7.0957e-12	0.524359	0.475641
Cell_370	1.16962e-05	0.0117117	0.356682	0.631595
Cell_371	3.73703e-12	2.98018e-10	1.13963e-07	1
Cell_372	2.74281e-19	1.62473e-16	0.00129522	0.998705
Cell_373	6.47695e-12	3.82545e-10	0.00158122	0.998419
Cell_374	3.17595e-16	1.91953e-14	9.68525e-12	1
Cell_375	1.18264e-05	0.000709586	0.360652	0.638626
Cell_376	4.23768e-23	8.3169e-20	1	2.28835e-18
Cell_377	3.29832e-10	4.37757e-08	0.967298	0.0327018
Cell_378	6.48673e-12	1.27309e-08	7.42818e-05	0.999926
Cell_379	1.74844e-19	1.03228e-17	5.33198e-15	1
Cell_380	2.53094e-17	6.84922e-15	0.00998193	0.990018
Cell_381	4.58765e-13	2.71732e-11	1.39903e-08	1
Cell_382	1.18229e-05	0.00100313	0.360547	0.638439
Cell_383	7.90011e-16	6.70293e-14	2.40918e-11	1
Cell_384	4.04088e-15	1.55682e-12	0.995742	0.00425789
Cell_385	1.17856e-15	7.48571e-14	3.59407e-11	1
Cell_386	2.26754e-14	4.45029e-11	6.91499e-10	1
Cell_387	2.88104e-22	2.88487e-19	1	2.51378e-09
Cell_388	3.23394e-08	1.95457e-06	0.000986208	0.999012
Cell_389	8.74472e-12	6.00614e-10	0.409822	0.590178
Cell_390	1.75452e-13	1.04606e-11	1	3.10246e-10
Cell_391	1.18188e-05	0.00134771	0.360422	0.638218
Cell_392	4.36263e-13	2.60104e-11	5.07247e-07	0.999999
Cell_393	3.95437e-11	0.999997	1.20591e-06	2.13536e-06
Cell_394	4.18393e-18	2.52328e-16	1.27591e-13	1
Cell_395	5.80589e-13	5.81362e-10	1.77054e-08	1
Cell_396	2.49274e-12	1.98788e-10	0.999934	6.63218e-05
Cell_397	2.83496e-08	1.09222e-05	0.000864539	0.999125
Cell_398	7.59755e-15	7.6735e-13	0.000481142	0.999519
Cell_399	1.1797e-05	0.0031925	0.359756	0.637039
Cell_400	1.4508e-14	2.94143e-12	1	2.51148e-11
Cell_401	6.87513e-08	1.10251e-05	0.00209661	0.997892
Cell_402	1.15661e-05	0.0226998	0.352716	0.624573
Cell_403	8.13402e-10	1.59639e-06	0.983716	0.0162827
Cell_404	3.17101e-14	1.87277e-12	9.67018e-10	1
Cell_405	4.98784e-08	1.01126e-05	0.00152107	0.998469
Cell_406	8.40931e-14	5.46642e-12	0.999991	8.96386e-06
Cell_407	1.46167e-09	1.46362e-06	4.45745e-05	0.999954
Cell_408	2.74821e-06	0.00275187	0.471194	0.526052
Cell_409	6.86763e-16	4.1418e-14	0.0526615	0.947338
Cell_410	4.98173e-14	9.77718e-11	0.221161	0.778839
Cell_411	1.3419e-08	1.07012e-06	1.69342e-05	0.999982
Cell_412	4.09686e-17	2.42681e-14	0.999998	2.40035e-06
Cell_413	6.67722e-11	4.34049e-09	2.03626e-06	0.999998
Cell_414	1.50134e-17	5.78418e-15	1	8.10726e-13
Cell_415	9.66696e-07	5.70939e-05	0.0294799	0.970462
Cell_416	2.93958e-11	1.73992e-09	0.352761	0.647239
Cell_417	6.00964e-12	7.91158e-07	0.345542	0.654457
Cell_418	7.26052e-12	4.31776e-10	2.21414e-07	1
Cell_419	4.54746e-13	4.59292e-11	0.984655	0.0153452
Cell_420	1.18394e-10	7.95551e-09	3.6105e-06	0.999996
Cell_421	1.12445e-11	0.999992	3.42907e-07	7.96876e-06
Cell_422	2.61784e-15	2.39987e-13	3.29954e-12	1
Cell_423	4.38616e-05	0.00582136	0.0551617	0.938973
Cell_424	4.17068e-17	8.18541e-14	1.27187e-12	1
Cell_425	3.09664e-05	0.00194934	0.944337	0.0536829
Cell_426	3.09551e-05	0.00246858	0.943993	0.0535075
Cell_427	1.74756e-05	0.0342977	0.0220005	0.943684
Cell_428	4.48634e-08	3.40387e-06	0.00136813	0.998628
Cell_429	3.21949e-10	1.9317e-08	0.0511495	0.94885
Cell_430	6.15232e-11	1.20746e-07	2.81347e-06	0.999997
Cell_431	5.98527e-08	3.62632e-06	0.00182524	0.998171
Cell_432	2.74662e-11	0.999998	8.37598e-07	1.48318e-06
Cell_433	1.05612e-15	2.85806e-13	3.22069e-11	1
Cell_434	2.26307e-14	2.26608e-11	6.90137e-10	1
Cell_435	1.18261e-05	0.000734025	0.360644	0.638611
Cell_436	1.3645e-18	1.55595e-16	0.997414	0.00258604
Cell_437	5.20202e-07	3.17058e-05	0.971877	0.028091
Cell_438	3.14282e-13	1.92248e-11	9.58421e-09	1
Cell_439	3.83791e-14	2.26786e-12	1.17039e-09	1
Cell_440	6.73875e-15	8.94375e-13	1	3.63893e-10
Cell_441	3.05369e-24	4.05289e-22	6.93464e-09	1
Cell_442	1.17524e-05	0.00696162	0.358396	0.634631
Cell_443	9.16253e-12	1.46932e-09	2.79417e-07	1
Cell_444	1.37907e-19	8.20573e-18	0.999936	6.40299e-05
Cell_445	5.33365e-09	3.76231e-07	0.999712	0.000288018
Cell_446	1.1055e-15	2.16967e-12	0.135628	0.864372
Cell_447	3.81803e-15	2.45086e-13	7.79402e-05	0.999922
Cell_448	1.18263e-05	0.000718519	0.360649	0.63862
Cell_449	2.09058e-11	8.05433e-09	0.999999	1.12892e-06
Cell_450	5.69683e-14	3.75933e-12	1.73728e-09	1
Cell_451	7.14396e-09	1.40208e-05	0.966847	0.0331389
Cell_452	9.23649e-15	5.50688e-13	2.81672e-10	1
Cell_453	2.11861e-14	1.2568e-12	1	4.24104e-07
Cell_454	6.67722e-11	4.40629e-09	2.03626e-06	0.999998
Cell_455	6.52263e-21	7.43779e-19	2.45099e-12	1
Cell_456	2.30434e-14	6.23601e-12	0.924562	0.0754382
Cell_457	2.01969e-06	0.00202238	0.0615916	0.936384
Cell_458	1.51417e-14	1.06808e-12	4.61755e-10	1
Cell_459	1.946e-08	5.26626e-06	0.000593444	0.999401
Cell_460	4.64641e-19	2.75933e-17	0.999985	1.48442e-05
Cell_461	9.73052e-13	2.41802e-08	2.96738e-08	1
Cell_462	2.64094e-13	1.01747e-10	0.0144944	0.985506
Cell_463	1.15661e-05	0.0226998	0.352716	0.624573
Cell_464	1.1786e-15	1.08047e-13	1.48301e-12	1
Cell_465	1.27151e-17	7.53289e-16	7.0715e-07	0.999999
Cell_466	1.98252e-12	1.17735e-10	6.04582e-08	1
Cell_467	1.78078e-13	1.25615e-11	5.43061e-09	1
Cell_468	6.48697e-16	4.12026e-14	1	1.86548e-12
Cell_469	1.01742e-15	9.32705e-14	0.827344	0.172656
Cell_470	3.10843e-08	1.88856e-06	0.000947934	0.99905
Cell_471	4.04853e-10	2.40333e-08	1.23462e-05	0.999988
Cell_472	2.99755e-14	1.15486e-11	9.14121e-10	1
Cell_473	3.09413e-05	0.00192047	0.943572	0.0544763
Cell_474	1.23046e-31	1.24276e-29	1	1.03736e-25
Cell_475	2.95145e-10	3.36555e-08	0.999995	4.82304e-06
Cell_476	2.26644e-17	1.39219e-15	0.999951	4.94032e-05
Cell_477	5.71734e-18	2.20271e-15	1	9.97418e-15
Cell_478	1.18188e-05	0.00134771	0.360422	0.638218
Cell_479	3.06671e-05	0.0118151	0.935212	0.0529419
Cell_480	3.55102e-20	4.64689e-07	1	4.52578e-11
Cell_481	2.8917e-14	1.98611e-12	8.81842e-10	1
Cell_482	2.51652e-15	1.59839e-13	7.67429e-11	1
Cell_483	1.7492e-08	0.999146	0.000533429	0.000320697
Cell_484	1.61637e-06	0.000214526	0.0492921	0.950492
Cell_485	3.07684e-05	0.00261057	0.938299	0.0590601
Cell_486	1.18258e-05	0.000759117	0.360635	0.638594
Cell_487	4.58994e-13	2.78093e-11	0.999301	0.000698951
Cell_488	3.61706e-31	2.8845e-29	1.10304e-26	1
Cell_489	1.16143e-08	7.05639e-07	0.999372	0.000627173
Cell_490	2.87076e-05	0.0170052	0.875455	0.107512
Cell_491	9.73799e-08	1.56161e-05	0.994726	0.00525852
Cell_492	3.16185e-12	2.23034e-10	0.0589553	0.941045
Cell_493	1.46834e-21	1.47029e-18	1.8507e-18	1
Cell_494	3.31352e-15	2.41491e-13	6.66471e-05	0.999933
Cell_495	1.2105e-09	3.27585e-07	0.470727	0.529273
Cell_496	2.75585e-07	0.976714	0.00840412	0.0148816
Cell_497	4.24789e-21	2.53692e-19	0.975758	0.0242421
Cell_498	3.4775e-20	2.15842e-18	1	1.04948e-07
Cell_499	1.90131e-17	1.61319e-15	5.79816e-13	1
Cell_500	5.78684e-15	1.56603e-12	1.59971e-07	1
Cell_501	4.09202e-09	2.70032e-07	5.16396e-06	0.999995
Cell_502	2.46663e-11	1.51516e-09	0.999999	1.33198e-06
Cell_503	1.25025e-05	0.00253482	0.38127	0.616182
Cell_504	4.96529e-12	4.21285e-10	1.51419e-07	1
Cell_505	5.59507e-11	3.47276e-09	0.999997	3.02134e-06
Cell_506	1.53477e-28	1.16446e-26	4.68038e-24	1
Cell_507	1.18262e-05	0.000723418	0.360647	0.638617
Cell_508	1.57862e-10	9.3317e-09	0.99997	3.02172e-05
Cell_509	1.18229e-05	0.00100313	0.360547	0.638439
Cell_510	1.34303e-11	1.78248e-09	0.062794	0.937206
Cell_511	6.38719e-10	1.7285e-07	1.94781e-05	0.99998
Cell_512	1.18229e-05	0.00100313	0.360547	0.638439
Cell_513	1.18124e-05	0.00189426	0.360225	0.637869
Cell_514	1.32962e-19	7.92153e-18	1	7.17997e-15
Cell_515	6.146e-34	4.47923e-32	1.87426e-29	1
Cell_516	1.02401e-14	2.07613e-12	0.658386	0.341614
Cell_517	1.18255e-05	0.000780366	0.360627	0.638581
Cell_518	1.80266e-12	1.17181e-10	2.27152e-09	1
Cell_519	2.13849e-14	1.26902e-12	6.52145e-10	1
Cell_520	1.1797e-05	0.0031925	0.359756	0.637039
Cell_521	2.96867e-11	1.7747e-09	9.05314e-07	0.999999
Cell_522	4.89981e-10	3.23338e-08	0.00192766	0.998072
Cell_523	1.32286e-09	2.68205e-07	4.03415e-05	0.999959
Cell_524	2.96638e-13	2.51685e-11	9.04614e-09	1
Cell_525	5.00976e-12	2.99193e-10	6.31074e-09	1
Cell_526	7.38289e-15	5.60154e-13	2.25145e-10	1
Cell_527	1.17811e-05	0.00453886	0.35927	0.636179
Cell_528	4.00981e-17	2.37111e-15	1.22281e-12	1
Cell_529	1.12058e-08	1.79698e-06	0.171128	0.82887
Cell_530	1.15661e-05	0.0226998	0.352716	0.624573
Cell_531	1.18265e-05	0.00069835	0.360657	0.638633
Cell_532	1.704e-09	1.08231e-07	0.00103673	0.998963
Cell_533	1.18264e-05	0.000711872	0.360652	0.638625
Cell_534	5.37604e-07	3.24925e-05	0.0163946	0.983572
Cell_535	1.16962e-05	0.0117117	0.356682	0.631595
Cell_536	1.17524e-05	0.00696162	0.358396	0.634631
Cell_537	5.1437e-14	8.24856e-12	1.43779e-08	1
Cell_538	2.22314e-13	1.34366e-11	6.77961e-09	1
Cell_539	2.26394e-12	1.92086e-10	6.90401e-08	1
Cell_540	2.30991e-14	1.36912e-12	0.999928	7.17412e-05
Cell_541	2.35723e-14	1.55553e-12	7.18852e-10	1
Cell_542	2.22634e-15	1.49599e-13	6.78934e-11	1
Cell_543	6.59574e-11	3.90142e-09	0.910642	0.0893578
Cell_544	4.26432e-25	8.3692e-22	1.30043e-20	1
Cell_545	9.80089e-19	3.77596e-16	2.98884e-14	1
Cell_546	5.71734e-18	3.44807e-16	1	2.57244e-09
Cell_547	2.07217e-12	5.60772e-10	1	1.11898e-07
Cell_548	1.18265e-05	0.000699005	0.360656	0.638633
Cell_549	3.5042e-10	3.99586e-08	0.99932	0.00067994
Cell_550	4.81867e-10	4.41745e-08	1.46948e-05	0.999985
Cell_551	8.30665e-08	8.3177e-05	0.000106877	0.99981
Cell_552	2.93501e-09	3.89538e-07	8.95048e-05	0.99991
Cell_553	3.78639e-14	6.07194e-12	2.98956e-10	1
Cell_554	1.0645e-14	4.10118e-12	0.999935	6.51577e-05
Cell_555	7.38561e-14	6.77066e-12	1	3.98824e-09
Cell_556	6.77916e-26	4.94069e-24	2.06734e-21	1
Cell_557	4.71741e-12	1.27663e-09	1.4386e-07	1
Cell_558	7.60785e-21	5.77222e-19	2.32006e-16	1
Cell_559	1.18265e-05	0.000701571	0.360655	0.638631
Cell_560	1.18162e-05	0.00156826	0.360343	0.638077
Cell_561	1.63357e-17	4.42076e-15	4.98166e-13	1
Cell_562	5.63808e-10	3.61918e-08	1.71937e-05	0.999983
Cell_563	3.00985e-05	0.0301385	0.917871	0.0519603
Cell_564	1.92929e-09	2.56058e-07	0.999996	3.34274e-06
Cell_565	2.66917e-10	2.67272e-07	8.1398e-06	0.999992
Cell_566	1.12067e-09	6.61559e-08	1.96421e-06	0.999998
Cell_567	3.09664e-05	0.00184937	0.944338	0.0537821
Cell_568	8.59934e-12	1.14131e-09	2.62242e-07	1
Cell_569	1.4205e-16	1.42239e-13	4.33191e-12	1
Cell_570	1.92026e-18	1.92281e-15	5.85594e-14	1
Cell_571	7.76087e-11	1.57348e-08	0.0721888	0.927811
Cell_572	1.15661e-05	0.0226998	0.352716	0.624573
Cell_573	5.0689e-07	0.000994826	0.0154579	0.983547
Cell_574	3.91685e-13	4.4664e-11	1	2.1151e-08
Cell_575	4.8035e-17	2.83509e-15	1.46486e-12	1
Cell_576	1.18262e-05	0.000723418	0.360647	0.638617
Cell_577	4.22367e-24	1.14301e-21	1	1.05054e-10
Cell_578	1.46275e-09	1.10982e-07	4.46075e-05	0.999955
Cell_579	8.84477e-22	1.41837e-19	1	4.18019e-09
Cell_580	5.85546e-14	1.1492e-10	0.999998	1.88195e-06
Cell_581	6.29348e-09	5.33977e-07	0.00193426	0.998065
Cell_582	4.24988e-37	8.34085e-34	1	1.43573e-29
Cell_583	2.08966e-13	2.09244e-10	1	1.12842e-08
Cell_584	1.18162e-05	0.00156826	0.360343	0.638077
Cell_585	8.67184e-17	7.9498e-15	1.0908e-13	1
Cell_586	1.10149e-12	6.88133e-11	0.00133412	0.998666
Cell_587	2.42371e-13	3.21678e-11	6.31313e-07	0.999999
Cell_588	2.19525e-11	5.94079e-09	6.69455e-07	0.999999
Cell_589	5.72872e-17	3.39191e-15	1.747e-12	1
Cell_590	1.18249e-05	0.000834118	0.360608	0.638547
Cell_591	1.1826e-05	0.000738809	0.360642	0.638607
Cell_592	3.09547e-05	0.00198703	0.94398	0.0540019
Cell_593	1.15515e-14	1.1667e-12	0.999818	0.000181573
Cell_594	1.14129e-15	6.60454e-09	1	6.16299e-11
Cell_595	1.18229e-05	0.00100313	0.360547	0.638439
Cell_596	1.43348e-30	1.43538e-27	1	1.6894e-12
Cell_597	6.80415e-12	6.23762e-10	1	3.67425e-07
Cell_598	9.37866e-09	5.53508e-07	0.000286008	0.999713
Cell_599	8.51492e-14	3.28052e-11	2.59667e-09	1
Cell_600	1.13257e-17	7.07553e-16	3.45385e-13	1
Cell_601	1.03297e-11	6.1189e-09	0.805417	0.194583
Cell_602	9.49789e-16	3.65923e-13	2.89644e-11	1
Cell_603	3.78949e-16	3.79453e-13	1.11378e-05	0.999989
Cell_604	1.17811e-05	0.00453886	0.35927	0.636179
Cell_605	2.29666e-25	6.21522e-23	1	1.2402e-20
Cell_606	1.80719e-05	0.00137115	0.0227261	0.975885
Cell_607	1.54843e-15	3.13937e-13	1	4.21297e-09
Cell_608	6.40511e-25	3.81116e-23	3.13107e-11	1
Cell_609	1.25185e-12	1.42749e-10	0.000417283	0.999583
Cell_610	9.85852e-11	6.40847e-09	0.999995	5.32361e-06
Cell_611	1.18065e-05	0.0023937	0.360045	0.63755
Cell_612	3.21616e-13	2.09065e-11	0.999998	1.59479e-06
Cell_613	2.63431e-15	7.12897e-13	8.03348e-11	1
Cell_614	1.18162e-05	0.00156826	0.360343	0.638077
Cell_615	1.80077e-05	0.00487325	0.0226888	0.97242
Cell_616	1.18265e-05	0.000698007	0.360657	0.638634
Cell_617	1.21719e-11	1.22935e-09	1	5.48044e-08
Cell_618	7.53465e-17	6.00866e-15	1	4.53729e-08
Cell_619	3.83049e-11	5.08387e-09	0.774253	0.225747
Cell_620	3.04418e-05	0.0180324	0.92834	0.0535969
Cell_621	4.54171e-11	3.31003e-09	1.38502e-06	0.999999
Cell_622	1.46844e-13	3.97389e-11	0.88038	0.11962
Cell_623	1.17524e-05	0.00696162	0.358396	0.634631
Cell_624	2.95577e-11	5.80101e-08	3.71969e-08	1
Cell_625	4.26432e-25	1.64291e-22	1.05929e-15	1
Cell_626	7.99574e-11	1.56925e-07	2.43835e-06	0.999997
Cell_627	1.8668e-14	3.66379e-11	5.69291e-10	1
Cell_628	4.44298e-16	1.20236e-13	0.999993	6.51577e-06
Cell_629	3.07006e-15	6.02533e-12	9.36233e-11	1
Cell_630	1.18229e-05	0.00100313	0.360547	0.638439
Cell_631	2.16758e-10	1.72858e-08	6.61016e-06	0.999993
Cell_632	1.47694e-14	9.22688e-13	3.00067e-10	1
Cell_633	4.7942e-08	5.46685e-06	0.935273	0.0647218
Cell_634	2.52593e-10	4.95741e-07	0.988286	0.0117131
Cell_635	1.92882e-11	7.4311e-09	0.99987	0.000129505
Cell_636	2.99539e-33	5.87878e-30	1	3.81388e-23
Cell_637	6.13554e-16	6.99638e-14	1.87107e-11	1
Cell_638	1.06198e-16	6.29075e-14	3.23858e-12	1
Cell_639	6.8228e-18	5.78887e-16	2.08065e-13	1
Cell_640	3.75271e-11	1.01556e-08	0.999998	2.02647e-06
Cell_641	1.46519e-18	3.96509e-16	0.999893	0.000107452
Cell_642	1.04728e-13	6.21268e-12	0.968919	0.0310814
Cell_643	5.19715e-15	3.15759e-13	0.999952	4.83563e-05
Cell_644	6.22244e-09	1.22122e-05	0.000189757	0.999798
Cell_645	1.34671e-19	7.97733e-17	1	7.27223e-15
Cell_646	3.02878e-08	2.29799e-06	0.000923643	0.999074
Cell_647	7.92881e-10	4.69377e-08	2.41794e-05	0.999976
Cell_648	1.88481e-08	1.88731e-05	0.000574783	0.999406
Cell_649	3.09591e-37	1.83389e-34	9.44116e-33	1
Cell_650	1.55882e-13	9.25364e-12	1.96038e-10	1
Cell_651	1.80007e-15	1.3119e-13	0.999996	4.24532e-06
Cell_652	3.60289e-12	2.62581e-10	1.09872e-07	1
Cell_653	2.9531e-11	5.79577e-08	0.000904026	0.999096
Cell_654	1.02927e-08	6.11005e-07	0.000313881	0.999685
Cell_655	4.6649e-11	1.26241e-08	0.998461	0.00153877
Cell_656	1.18249e-05	0.000834118	0.360608	0.638547
Cell_657	2.05192e-11	3.2905e-09	0.962115	0.0378851
Cell_658	1.18124e-05	0.00189426	0.360225	0.637869
Cell_659	5.4382e-14	5.49256e-12	1.65841e-09	1
Cell_660	2.87864e-15	1.76824e-13	0.999998	1.89719e-06
Cell_661	1.00806e-17	1.61654e-15	5.02898e-09	1
Cell_662	2.50925e-17	1.53493e-15	3.17629e-14	1
Cell_663	1.18249e-05	0.000834118	0.360608	0.638547
Cell_664	3.54069e-07	2.43185e-05	0.980856	0.0191198
Cell_665	6.50572e-06	0.00131901	0.647365	0.35131
Cell_666	2.29474e-13	4.50367e-10	6.99794e-09	1
Cell_667	1.06839e-12	1.71329e-10	1	5.7693e-08
Cell_668	3.47817e-08	0.998185	0.00106069	0.000754769
Cell_669	1.18265e-05	0.000699626	0.360656	0.638633
Cell_670	6.95417e-08	4.14948e-06	0.996241	0.00375526
Cell_671	3.00786e-13	1.80746e-11	3.78241e-10	1
Cell_672	1.1822e-05	0.00108376	0.360517	0.638387
Cell_673	6.15073e-11	8.16332e-09	0.000260752	0.999739
Cell_674	1.18258e-05	0.000759117	0.360635	0.638594
Cell_675	9.84832e-16	6.15255e-14	1.23983e-12	1
Cell_676	2.67859e-13	3.05441e-11	0.125826	0.874174
Cell_677	6.72702e-12	1.32025e-08	0.00155971	0.99844
Cell_678	1.18264e-05	0.000706298	0.360654	0.638628
Cell_679	6.35975e-11	1.01986e-08	0.000344674	0.999655
Cell_680	9.80471e-14	1.11804e-11	1.24052e-10	1
Cell_681	1.75274e-08	1.13936e-06	0.973315	0.0266834
Cell_682	4.81617e-06	0.593049	0.146872	0.260074
Cell_683	9.64869e-23	7.32065e-21	1	2.21579e-17
Cell_684	1.00077e-13	5.92815e-11	3.05191e-09	1
Cell_685	7.68769e-21	1.23281e-18	1	1.6814e-17
Cell_686	4.41321e-14	3.74444e-12	0.999997	2.83267e-06
Cell_687	2.52449e-26	1.83986e-24	1	7.31745e-17
Cell_688	5.75103e-11	4.17317e-05	7.23492e-08	0.999958
Cell_689	2.93501e-09	1.93681e-07	8.95048e-05	0.99991
Cell_690	1.53477e-28	1.22394e-26	1.93029e-25	1
Cell_691	9.73052e-13	1.97282e-10	2.96738e-08	1
Cell_692	5.98629e-16	1.17487e-12	1.82555e-11	1
Cell_693	2.38428e-07	1.44457e-05	0.25616	0.743825
Cell_694	3.70508e-15	2.21275e-13	0.00671406	0.993286
Cell_695	9.83088e-14	8.34111e-12	0.99999	9.74701e-06
Cell_696	1.18264e-05	0.000709586	0.360652	0.638626
Cell_697	1.18162e-05	0.00156826	0.360343	0.638077
Cell_698	1.23291e-17	7.38105e-12	1.87306e-11	1
Cell_699	1.18065e-05	0.0023937	0.360045	0.63755
Cell_700	1.4196e-10	1.18905e-06	0.737893	0.262105
Cell_701	1.5002e-11	3.04159e-09	0.999999	8.10111e-07
Cell_702	1.54902e-12	9.17572e-10	1.96182e-09	1
Cell_703	2.54555e-12	1	7.76279e-08	1.3746e-07
Cell_704	8.99395e-16	1.44229e-13	0.886442	0.113558
Cell_705	2.79602e-21	5.6688e-19	1	3.25144e-10
Cell_706	2.72495e-07	5.52472e-05	0.00121729	0.998727
Cell_707	1.18263e-05	0.000718519	0.360649	0.63862
Cell_708	1.18124e-05	0.00189426	0.360225	0.637869
Cell_709	7.33855e-13	4.45862e-11	2.23793e-08	1
Cell_710	2.74845e-07	1.67515e-05	0.00838155	0.991601
Cell_711	1.1797e-05	0.0031925	0.359756	0.637039
Cell_712	5.0231e-14	1.35935e-11	1.53182e-09	1
Cell_713	4.02048e-14	2.42008e-12	1.22607e-09	1
Cell_714	1.72069e-33	6.62926e-31	5.24735e-29	1
Cell_715	1.44091e-16	1.0164e-14	1.19449e-06	0.999999
Cell_716	2.01213e-10	2.67052e-08	0.996699	0.00330118
Cell_717	2.95227e-09	1.75324e-07	0.99984	0.000159423
Cell_718	2.04493e-15	4.14599e-13	1	4.99732e-07
Cell_719	2.99184e-12	2.3859e-10	0.208407	0.791593
Cell_720	4.37372e-15	7.0138e-13	5.50163e-12	1
Cell_721	1.7476e-05	0.0342985	0.0219796	0.943704
Cell_722	3.09407e-05	0.00262519	0.943553	0.0537907
Cell_723	4.18538e-07	0.809817	0.0127636	0.177419
Cell_724	1.14943e-14	6.80876e-12	1.49842e-11	1
Cell_725	1.79714e-05	0.00692381	0.0225987	0.97046
Cell_726	1.70435e-07	1.02788e-05	0.670518	0.329472
Cell_727	1.18263e-05	0.000714776	0.360651	0.638623
Cell_728	2.94097e-21	2.94489e-18	1	5.43645e-18
Cell_729	1.61559e-15	1.37076e-13	1	1.59316e-07
Cell_730	5.30844e-11	6.05324e-09	4.05263e-05	0.999959
Cell_731	4.91756e-18	9.65125e-15	1	3.39845e-14
Cell_732	3.95117e-14	2.34645e-12	1.20493e-09	1
Cell_733	1.24694e-12	8.3788e-11	3.8026e-08	1
Cell_734	1.40581e-12	1.06661e-10	0.988268	0.0117317
Cell_735	8.65409e-17	5.62554e-15	7.25784e-05	0.999927
Cell_736	5.28862e-11	4.01258e-09	0.999986	1.38556e-05
Cell_737	6.4554e-16	3.84596e-14	4.87974e-05	0.999951
Cell_738	1.39543e-05	0.00223775	0.425545	0.572203
Cell_739	3.09727e-05	0.00187197	0.94453	0.0535669
Cell_740	4.14641e-23	3.02193e-21	1.26447e-18	1
Cell_741	6.08881e-13	3.60675e-10	0.0697057	0.930294
Cell_742	2.45188e-08	1.68402e-06	0.000747715	0.999251
Cell_743	3.25564e-14	2.2965e-12	0.852081	0.147919
Cell_744	1.18265e-05	0.000702627	0.360655	0.638631
Cell_745	3.61915e-15	2.27826e-13	1.10368e-10	1
Cell_746	1.05338e-12	1.20118e-10	3.21235e-08	1
Cell_747	5.17784e-10	5.90432e-08	1.57901e-05	0.999984
Cell_748	2.53955e-09	1.67585e-07	0.435917	0.564083
Cell_749	1.18394e-10	7.01318e-08	3.6105e-06	0.999996
Cell_750	2.10836e-05	0.012489	0.642957	0.344533
Cell_751	1.22466e-06	0.00019639	0.93367	0.066132
Cell_752	4.9192e-13	3.92292e-11	1.50014e-08	1
Cell_753	1.40903e-12	1.06906e-10	4.29692e-08	1
Cell_754	1.15661e-05	0.0226998	0.352716	0.624573
Cell_755	2.12396e-14	7.43052e-05	6.47713e-10	0.999926
Cell_756	1.21296e-26	2.45922e-24	1	1.02314e-08
Cell_757	1.54136e-15	3.12504e-13	4.70046e-11	1
Cell_758	4.72388e-12	4.73017e-09	5.95773e-09	1
Cell_759	2.63289e-10	2.2339e-08	3.4901e-07	1
Cell_760	6.67921e-13	7.46386e-08	2.03686e-08	1
Cell_761	2.90036e-11	2.92935e-09	8.8448e-07	0.999999
Cell_762	6.13121e-14	2.36216e-11	1.45323e-08	1
Cell_763	1.2086e-12	1.02545e-10	1	6.52643e-08
Cell_764	1.6589e-11	9.83511e-10	0.99999	9.75499e-06
Cell_765	1.1822e-05	0.00108376	0.360517	0.638387
Cell_766	6.74609e-10	3.98556e-08	2.05726e-05	0.999979
Cell_767	5.95448e-22	3.53123e-20	7.97628e-08	1
Cell_768	1.18065e-05	0.0023937	0.360045	0.63755
Cell_769	1.18065e-05	0.0023937	0.360045	0.63755
Cell_770	6.97698e-15	6.39605e-13	0.0461146	0.953885
Cell_771	1.50159e-12	1.09437e-10	4.57919e-08	1
Cell_772	6.85295e-16	4.05756e-14	1	1.12432e-08
Cell_773	8.84477e-22	2.25386e-14	1	4.77618e-17
Cell_774	1.46855e-15	1.67459e-13	4.47842e-11	1
Cell_775	7.91023e-15	5.31529e-13	0.999723	0.000277086
Cell_776	3.21072e-15	1.97223e-13	9.79127e-11	1
Cell_777	6.22045e-12	4.96062e-10	1.89696e-07	1
Cell_778	1.00858e-08	1.00992e-05	1.28456e-05	0.999977
Cell_779	2.66917e-10	4.28035e-08	8.1398e-06	0.999992
Cell_780	1.97206e-11	3.99825e-09	6.0139e-07	0.999999
Cell_781	1.80519e-05	0.00239587	0.0227808	0.974805
Cell_782	5.34067e-33	5.34777e-30	1.62867e-28	1
Cell_783	6.91954e-06	0.000587095	0.211015	0.788391
Cell_784	1.8068e-05	0.001533	0.0227731	0.975676
Cell_785	9.24583e-16	8.47599e-14	2.81957e-11	1
Cell_786	1.62621e-17	1.23384e-15	2.39786e-08	1
Cell_787	1.56594e-05	0.0307333	0.12364	0.845611
Cell_788	4.22461e-15	8.5652e-13	0.92939	0.0706101
Cell_789	1.62459e-08	1.09165e-06	0.000495429	0.999503
Cell_790	4.02705e-18	1.0898e-15	2.65104e-08	1
Cell_791	2.99716e-05	0.0300115	0.914001	0.055958
Cell_792	6.95372e-23	4.1313e-21	2.12058e-18	1
Cell_793	5.03229e-20	8.0699e-18	1	2.71744e-15
Cell_794	1.97249e-07	0.000116842	0.000256104	0.999627
Cell_795	3.02562e-20	3.02964e-17	5.23893e-08	1
Cell_796	1.79704e-05	0.0069234	0.0226565	0.970402
Cell_797	1.18254e-05	0.000794607	0.360622	0.638572
Cell_798	1.18262e-05	0.000723418	0.360647	0.638617
Cell_799	2.36192e-16	1.42173e-14	2.97123e-13	1
Cell_800	1.8082e-12	1.0711e-09	0.00226413	0.997736
Cell_801	1.17811e-05	0.00453886	0.35927	0.636179
Cell_802	1.35256e-06	0.0002169	0.0412471	0.958535
