cell	Node 0	Node 1	Node 2	Node 3	Node 4	Node 5	Node 6	Node 7
Cell_0	7.46161e-12	0.0400253	0.0363052	0.00343018	7.47705e-05	0.000860713	0.919287	1.65539e-05
Cell_1	1.44384e-21	1.36969e-07	4.72069e-08	0.00850449	0.0388149	1.85595e-14	0.952545	0.000135272
Cell_2	2.04531e-36	2.38077e-13	1.58715e-12	0.00366474	0.871132	2.23414e-18	0.0789425	0.0462607
Cell_3	0.999364	0.000181375	0.000106233	8.07083e-06	0.000200402	1.99491e-13	0.000118756	2.15255e-05
Cell_4	2.7384e-24	3.78454e-07	2.45571e-06	6.69443e-05	0.989791	5.15481e-16	0.000468152	0.00967069
Cell_5	0.994509	0.000134256	0.000121778	6.36301e-06	0.00471263	1.54913e-14	8.68813e-05	0.000429507
Cell_6	2.40023e-23	1.30579e-09	3.5794e-09	0.0126375	6.5705e-05	9.0786e-19	0.986856	0.000440498
Cell_7	0.99651	1.6406e-05	0.000106755	6.23389e-06	0.00322229	1.33599e-18	5.89695e-05	7.95827e-05
Cell_8	2.41673e-15	5.3909e-08	3.59033e-07	1.04775e-05	0.993864	9.08932e-20	9.07652e-05	0.00603449
Cell_9	6.97592e-25	1.653e-07	1.10312e-06	0.0590181	0.0451669	1.11811e-21	0.867159	0.0286552
Cell_10	0.990073	2.65784e-05	0.000177658	3.51575e-05	0.00808134	9.68954e-19	0.000264873	0.00134091
Cell_11	0.991614	0.0082132	0.000105832	5.64026e-06	6.05628e-06	3.46168e-10	4.56999e-05	9.51031e-06
Cell_12	0.999394	1.84064e-05	0.000106143	6.94738e-06	1.21532e-09	2.28241e-34	0.000474192	2.33754e-08
Cell_13	1.11867e-07	0.070358	0.0242491	0.0317182	0.0232732	1.57147e-10	0.713463	0.136939
Cell_14	0.998913	0.000607463	0.000106819	7.58268e-06	2.06791e-05	4.77365e-11	6.08741e-05	0.000283232
Cell_15	4.159e-05	0.000283351	0.000497683	0.00222441	0.941145	9.33987e-14	0.0359813	0.0198271
Cell_16	2.00566e-37	0.31578	0.0555279	0.0158802	0.45583	9.19727e-21	0.135517	0.0214647
Cell_17	8.32313e-14	1.03778e-08	1.82487e-09	0.00289711	0.000107169	4.78868e-14	0.996988	7.62811e-06
Cell_18	1.20491e-11	3.3391e-07	5.87159e-08	3.34887e-05	0.991008	2.54505e-08	0.000289064	0.00866915
Cell_19	1.48473e-15	4.63944e-14	2.85213e-13	0.0372546	0.0419353	1.97111e-25	0.642721	0.278089
Cell_20	4.15378e-38	1.20362e-11	5.72948e-11	0.000818028	0.986467	2.45316e-24	0.00619533	0.00651946
Cell_21	6.30593e-10	0.013477	0.0876953	0.0102159	0.000592529	8.19827e-21	0.887903	0.000115781
Cell_22	0.999377	1.65104e-05	0.000106403	1.20979e-05	0.000273435	7.28009e-16	8.90651e-05	0.000125156
Cell_23	4.03581e-15	4.56786e-09	8.02306e-09	1.92948e-05	0.994141	1.70499e-19	0.000230852	0.00560885
Cell_24	1.89161e-25	1.16375e-06	6.84997e-06	3.20895e-05	0.986145	3.80548e-05	0.000256327	0.0135208
Cell_25	1.43771e-20	8.90344e-06	8.07591e-06	0.018377	0.0674356	2.91467e-14	0.907892	0.00627878
Cell_26	6.38544e-15	0.0228147	0.00401182	0.00876516	0.630943	5.15249e-11	0.319407	0.0140577
Cell_27	2.09594e-30	6.90144e-13	4.58459e-12	0.0139736	0.00026163	3.5397e-18	0.985245	0.000519297
Cell_28	3.90356e-17	0.999922	3.88156e-05	1.52917e-06	2.43721e-07	7.30995e-09	3.65084e-05	1.13165e-06
Cell_29	1.88875e-32	2.25895e-14	1.18881e-13	0.000308874	1.86896e-13	1.52822e-23	0.999691	5.29092e-10
Cell_30	3.08805e-34	1.67655e-16	1.12103e-15	0.00959639	0.45026	3.8323e-22	0.104734	0.43541
Cell_31	1.57606e-25	1.21229e-05	7.45264e-05	0.00383743	0.908541	8.93952e-20	0.0538079	0.0337274
Cell_32	4.06288e-23	1.665e-13	7.92572e-13	0.00276021	9.92057e-06	9.50185e-24	0.997225	5.22217e-06
Cell_33	1.35617e-36	3.27371e-10	1.33669e-09	0.00170265	0.918051	8.55118e-20	0.0212392	0.0590067
Cell_34	6.24752e-41	7.98197e-13	7.24008e-13	0.0292874	0.107517	2.77174e-23	0.843951	0.0192443
Cell_35	2.07359e-48	1.61373e-10	9.45169e-11	0.00430524	0.0231515	4.53758e-23	0.972181	0.000361856
Cell_36	2.59766e-26	1.19494e-06	6.9988e-07	0.00389511	0.000480443	1.34016e-30	0.995578	4.43602e-05
Cell_37	2.68857e-16	1.05788e-07	3.88708e-07	0.00552004	0.870759	8.30481e-12	0.112596	0.0111243
Cell_38	2.10929e-32	0.00652441	0.00382139	0.0185488	0.0187666	0.175173	0.776972	0.000193356
Cell_39	1.15296e-31	1.4729e-11	9.79885e-11	0.0329903	0.0448402	1.45334e-26	0.86098	0.0611894
Cell_40	4.51381e-24	1.15907e-07	2.60147e-07	0.00249738	0.891949	6.74258e-20	0.0730819	0.0324709
Cell_41	1.58519e-33	8.78742e-15	4.6245e-14	0.00216735	0.919822	5.83685e-23	0.0189754	0.0590356
Cell_42	6.72773e-45	3.99066e-31	2.24499e-30	0.0371982	0.296249	1.59667e-47	0.298717	0.367836
Cell_43	9.09519e-27	6.0584e-14	2.08805e-14	0.000940484	0.97222	3.77082e-19	0.00886287	0.0179769
Cell_44	2.18275e-25	1.73466e-08	1.016e-08	0.00475984	0.891194	2.47029e-31	0.0538141	0.0502318
Cell_45	7.55454e-09	2.2306e-05	0.000117388	0.000135655	0.982241	2.69365e-14	0.00105933	0.0164243
Cell_46	1.5271e-19	0.998708	3.8354e-05	2.78288e-06	3.87653e-09	4.69009e-12	0.00125087	8.41135e-10
Cell_47	5.47606e-21	1.58326e-08	2.78086e-08	0.000137407	0.992288	9.54968e-25	0.00107407	0.00650084
Cell_48	5.43111e-25	1.35316e-17	1.22739e-17	0.00131496	2.66677e-06	1.20507e-23	0.998682	2.14517e-08
Cell_49	5.24549e-41	3.30958e-17	2.15891e-16	0.00269409	0.790669	7.88561e-25	0.0230588	0.183578
Cell_50	8.23074e-24	0.000132253	0.000296834	0.000918159	0.90288	0.0767128	0.0132524	0.00580761
Cell_51	2.29134e-36	1.16651e-21	7.30808e-21	0.00972497	1.63291e-05	3.39277e-32	0.989991	0.000267746
Cell_52	9.578e-31	7.55936e-12	5.04966e-11	0.003883	0.726254	1.05945e-25	0.0298052	0.240058
Cell_53	4.59709e-38	5.06675e-09	2.81446e-10	0.00789231	2.93303e-05	4.40647e-21	0.992063	1.54847e-05
Cell_54	7.58907e-26	0.0798161	0.0140352	0.000933966	7.17708e-05	0.888595	0.0162999	0.000248138
Cell_55	5.12037e-17	4.434e-09	7.78794e-09	0.0247925	0.215846	2.89335e-18	0.74676	0.0126011
Cell_56	7.25732e-17	1.5364e-05	7.45802e-08	0.0013439	0.974912	2.30771e-07	0.0166944	0.00703433
Cell_57	1.85866e-34	4.46612e-10	2.91977e-09	0.0205922	0.0150003	8.91463e-22	0.953589	0.0108181
Cell_58	1.13854e-18	5.32623e-11	1.71696e-10	0.00326898	5.26651e-06	3.92224e-39	0.996725	9.21499e-07
Cell_59	6.30989e-13	1.81437e-09	9.12861e-09	0.000209274	0.985519	1.58779e-20	0.00141066	0.0128606
Cell_60	2.53507e-20	1.75232e-08	3.93299e-08	0.000127058	0.993991	7.10605e-17	0.000808778	0.00507357
Cell_61	6.08581e-19	4.04807e-07	1.39518e-07	0.0262982	0.624841	3.06084e-10	0.34321	0.00564977
Cell_62	5.81157e-37	3.96773e-19	2.32392e-19	0.0197437	0.331996	1.58685e-21	0.197734	0.450526
Cell_63	2.15291e-13	3.73523e-07	2.03911e-06	0.0216052	0.67401	3.98593e-18	0.231597	0.0727852
Cell_64	2.18195e-27	1.59038e-16	7.06932e-16	0.0341651	0.0302177	1.53302e-24	0.877941	0.057676
Cell_65	1.13187e-13	1.33518e-05	4.60175e-06	0.00884497	0.0111851	1.30553e-14	0.979605	0.000347364
Cell_66	2.27737e-24	5.81709e-15	1.30561e-14	0.0181141	0.280809	4.60755e-26	0.67011	0.0309668
Cell_67	1.18363e-18	2.80803e-07	2.54704e-07	0.000245254	0.990988	1.71474e-18	0.00591586	0.00285055
Cell_68	6.4515e-14	3.89603e-09	2.29324e-08	0.000767277	0.924625	4.32942e-28	0.00568252	0.0689254
Cell_69	5.71848e-39	1.92804e-07	1.24708e-06	0.0373342	0.00642327	2.04889e-17	0.896106	0.060135
Cell_70	8.82725e-32	2.22076e-12	1.05713e-11	0.0131026	7.43082e-06	1.90519e-24	0.986778	0.000112094
Cell_71	1.73188e-15	0.000145276	0.000468308	0.000966487	0.982527	2.03001e-13	0.0115184	0.00437456
Cell_72	5.56247e-15	8.56574e-07	3.49748e-06	4.17628e-05	0.990708	1.19508e-24	0.000336812	0.0089087
Cell_73	1.8542e-15	0.000774672	0.000111282	0.00023811	0.962368	0.0270266	0.00267951	0.00680142
Cell_74	2.51661e-21	2.49098e-06	8.58526e-07	0.0268374	0.213947	1.17747e-38	0.757551	0.0016612
Cell_75	0.983137	2.02613e-05	0.000128702	3.77079e-05	0.0162445	4.51775e-13	0.000265123	0.000166362
Cell_76	4.92953e-43	1.94766e-07	1.06325e-06	0.000342727	0.989843	3.64921e-23	0.00257785	0.00723549
Cell_77	4.91398e-27	5.95123e-12	3.72839e-11	0.0255879	0.000516555	2.13014e-18	0.965439	0.00845688
Cell_78	2.38024e-23	2.40358e-06	6.58863e-06	0.00328711	0.884888	5.02529e-12	0.0226711	0.0891448
Cell_79	1.46818e-08	0.0139161	0.00815074	0.000616311	0.953484	1.24146e-12	0.00469048	0.0191424
Cell_80	3.10049e-10	4.04134e-05	0.000148496	0.0272619	0.191965	3.03031e-10	0.71153	0.0690549
Cell_81	2.02815e-15	1.17602e-08	7.85984e-08	0.0319032	1.77507e-07	1.67639e-18	0.967143	0.000953791
Cell_82	1.6981e-26	3.11575e-08	1.70093e-07	0.000168185	0.993033	1.99668e-17	0.000952294	0.00584605
Cell_83	5.01096e-29	7.19412e-16	2.93743e-15	0.0141047	0.0150936	8.2151e-21	0.96818	0.00262146
Cell_84	2.26156e-29	7.66401e-19	5.11717e-18	0.0491935	0.0246741	3.79797e-30	0.631232	0.2949
Cell_85	7.09483e-16	0.987112	0.000280813	1.08505e-05	1.22543e-08	5.68941e-10	0.0125961	7.24867e-10
Cell_86	4.01355e-32	1.0364e-06	1.35019e-06	0.000154166	0.993603	4.00173e-17	0.0012365	0.00500379
Cell_87	5.67335e-10	0.00103322	0.00231901	0.00537078	0.93454	6.20057e-12	0.0451989	0.0115383
Cell_88	5.93273e-05	0.421873	0.1454	0.0105244	0.162009	1.70879e-07	0.18484	0.0752941
Cell_89	1.69021e-27	2.45586e-11	1.64093e-10	0.0365943	0.173959	4.76718e-24	0.337372	0.452075
Cell_90	2.53137e-20	6.35461e-09	1.74191e-08	2.4611e-05	0.986319	3.56451e-20	0.000237832	0.0134183
Cell_91	3.84153e-20	0.000399443	0.000233956	0.0502106	0.0123545	6.13532e-15	0.890011	0.0467905
Cell_92	1.04797e-07	6.63766e-07	3.88772e-07	0.00201693	0.93065	7.56394e-16	0.062582	0.00475013
Cell_93	1.4375e-22	8.68573e-12	2.99357e-12	0.000398849	1.55899e-05	1.3406e-20	0.999585	5.69144e-07
Cell_94	1.8859e-25	1.01366e-10	1.78245e-11	0.0324498	0.0970213	1.57896e-20	0.732591	0.137938
Cell_95	1.82041e-45	1.18856e-16	7.84091e-16	0.0352775	0.0102579	8.93136e-27	0.800717	0.153748
Cell_96	0.999779	1.59928e-05	0.000106191	6.80856e-06	1.66687e-05	1.89114e-17	6.52995e-05	1.04651e-05
Cell_97	0.871604	1.48497e-05	9.68677e-05	3.92562e-06	0.127558	1.93416e-23	3.47653e-05	0.00068722
Cell_98	1.08111e-31	5.93536e-08	3.88789e-07	0.022566	0.368432	6.17096e-15	0.329079	0.279922
Cell_99	5.71664e-32	3.7748e-12	1.79688e-11	0.0320053	0.0643272	5.84166e-23	0.873745	0.0299228
Cell_100	4.95081e-07	5.81658e-11	5.27596e-11	0.00402072	0.00229268	6.86145e-20	0.993202	0.000483944
Cell_101	1.24152e-24	5.72352e-15	1.28461e-14	0.00380673	0.912762	2.22617e-29	0.0467702	0.036661
Cell_102	2.02448e-19	3.74898e-05	0.000220669	8.5933e-05	0.987777	4.08644e-16	0.00164067	0.0102383
Cell_103	1.04075e-29	7.58886e-09	4.14286e-08	0.00971031	3.08366e-05	2.59548e-20	0.990096	0.000162691
Cell_104	3.79956e-20	0.000898292	0.0008148	0.00233041	0.933723	3.74604e-18	0.0174112	0.0448225
Cell_105	1.62985e-14	4.27758e-14	2.85118e-13	0.00365374	0.864423	5.47009e-14	0.05611	0.0758135
Cell_106	1.06644e-26	1.18989e-06	7.00381e-06	0.0444384	0.0999175	4.58571e-25	0.754339	0.101297
Cell_107	3.46721e-19	8.75036e-14	1.53693e-13	0.0008601	3.53537e-06	3.51816e-25	0.999136	3.72021e-07
Cell_108	0.998517	1.77038e-05	0.000107531	5.29218e-06	0.00116311	4.07393e-14	7.4486e-05	0.000115261
Cell_109	6.99488e-20	1.96113e-08	6.32186e-08	0.00259078	0.910931	2.25833e-28	0.0811365	0.00534119
Cell_110	4.21598e-27	1.96771e-11	1.78483e-11	0.00942481	0.0243599	2.80589e-23	0.965041	0.00117382
Cell_111	1.16733e-31	1.14791e-13	2.01621e-13	0.000566838	1.09981e-07	2.42581e-12	0.999433	1.9455e-08
Cell_112	6.8665e-46	1.72797e-09	3.03503e-09	0.020487	0.45429	1.21289e-23	0.466587	0.0586355
Cell_113	3.63916e-54	8.47634e-13	2.9214e-13	0.00552643	0.00344211	3.708e-27	0.989865	0.00116602
Cell_114	2.03698e-41	7.0337e-08	4.67782e-07	0.00233761	0.677585	1.63477e-16	0.0205324	0.299545
Cell_115	1.67408e-31	8.24341e-09	5.45338e-08	0.000556237	0.982441	6.18678e-21	0.0101452	0.00685762
Cell_116	5.79755e-30	1.04647e-07	6.12926e-08	0.000801394	0.965161	2.42639e-15	0.00612908	0.0279084
Cell_117	0.999766	2.2306e-05	0.000106181	6.88756e-06	1.91025e-05	3.49478e-18	6.40337e-05	1.59391e-05
Cell_118	5.51911e-20	1.03315e-06	2.31885e-06	1.60595e-05	0.990415	4.65755e-17	0.000100521	0.00946489
Cell_119	1.55796e-20	3.1833e-14	5.59764e-15	0.000626151	0.982919	2.47887e-34	0.00610823	0.0103464
Cell_120	4.3475e-29	1.66897e-10	9.99306e-10	0.000105386	0.990931	1.08146e-11	0.00121341	0.00775052
Cell_121	1.96554e-17	9.69103e-11	6.2455e-10	2.66979e-05	0.991212	3.55729e-20	0.000215738	0.00854514
Cell_122	3.61583e-43	1.10228e-07	1.93829e-08	0.011539	0.0502089	1.99315e-26	0.937587	0.000665424
Cell_123	1.33265e-12	6.34378e-05	8.26448e-05	0.0161581	0.0111347	3.97267e-15	0.972159	0.000402244
Cell_124	1.2939e-24	1.03972e-10	2.85005e-10	0.000116552	0.976086	2.54506e-22	0.00117422	0.0226233
Cell_125	1.14563e-27	1.70639e-09	1.11311e-08	0.0265243	0.197589	2.14109e-18	0.737208	0.0386787
Cell_126	3.46181e-19	0.00204822	0.00974991	0.021946	0.273741	6.44323e-14	0.673519	0.0189966
Cell_127	2.02913e-17	7.31838e-06	4.86358e-05	4.25488e-05	0.992577	7.08162e-16	0.0005572	0.00676767
Cell_128	1.16511e-23	2.69071e-11	1.46889e-10	0.0013305	6.45906e-09	2.36104e-17	0.998669	2.48477e-07
Cell_129	2.18315e-27	7.47089e-17	4.63993e-16	0.00126749	2.1443e-08	5.79753e-17	0.998732	1.59547e-07
Cell_130	1.02908e-17	5.3904e-07	3.10843e-06	0.0528701	0.571647	9.11557e-13	0.372312	0.00316664
Cell_131	3.70227e-49	7.09057e-11	1.24683e-11	0.0334534	0.0556656	5.58696e-27	0.883583	0.0272979
Cell_132	0.993243	2.00829e-05	0.000105689	6.14539e-06	0.00634047	4.01316e-08	7.65499e-05	0.000207904
Cell_133	2.0184e-23	0.000186463	0.00123684	0.0247349	0.389542	9.07608e-16	0.199913	0.384387
Cell_134	7.33244e-21	6.42276e-07	1.44155e-06	0.0160785	0.0180098	6.80962e-19	0.963919	0.00199098
Cell_135	0.998276	1.94426e-05	0.000106139	5.69775e-06	0.00119829	3.2079e-20	4.51011e-05	0.000349696
Cell_136	2.60261e-15	8.53538e-06	3.48508e-05	2.35224e-05	0.995764	3.21689e-17	0.000181644	0.00398758
Cell_137	1.43087e-36	3.49772e-10	1.66498e-09	0.00180454	0.944514	3.89883e-20	0.0113135	0.0423683
Cell_138	2.83582e-31	3.81164e-14	2.50503e-13	0.00275232	1.51609e-06	3.00583e-24	0.997242	3.83205e-06
Cell_139	7.84165e-15	3.11149e-10	1.27045e-09	5.70297e-05	0.99272	1.11783e-19	0.000292626	0.00693022
Cell_140	0.999037	3.38267e-05	0.000109043	1.65111e-05	0.000533187	1.50014e-13	0.000189981	8.05547e-05
Cell_141	1.6026e-17	0.0363221	0.00638701	0.0277906	0.0895918	1.06666e-23	0.832547	0.00736179
Cell_142	2.99103e-21	4.14639e-10	2.63383e-09	0.0182133	0.139783	3.50094e-18	0.817661	0.024343
Cell_143	1.03743e-32	8.76418e-11	5.83399e-10	0.0160357	0.131387	8.12241e-18	0.844599	0.00797828
Cell_144	2.14903e-24	1.17901e-06	1.06942e-06	4.07643e-05	0.994536	1.28611e-14	0.000244109	0.00517709
Cell_145	6.80765e-18	0.00260601	0.00584905	0.000773599	3.20195e-08	1.90402e-08	0.990771	2.57956e-07
Cell_146	1.59415e-21	0.0795888	0.378858	0.039734	0.0795377	3.97078e-10	0.413924	0.00835754
Cell_147	5.5782e-25	2.69032e-12	1.71837e-11	0.030345	0.00770362	1.78892e-20	0.917165	0.0447866
Cell_148	0.999608	1.6719e-05	0.000106201	4.62238e-06	0.000177851	1.98082e-12	4.772e-05	3.91892e-05
Cell_149	7.70285e-05	0.00328374	0.00113175	0.00114699	0.950505	1.59213e-13	0.0392276	0.00462794
Cell_150	1.01594e-23	2.22242e-12	1.25025e-11	0.00128518	0.944221	2.95897e-26	0.0208008	0.0336928
Cell_151	2.69177e-30	3.54936e-14	3.21947e-14	1.51515e-05	0.995328	7.07072e-49	0.00017474	0.00448181
Cell_152	1.55289e-17	1.05687e-10	6.09458e-10	4.77371e-06	0.994538	9.54342e-23	4.25976e-05	0.00541483
Cell_153	7.95791e-27	1.36026e-11	5.55408e-11	0.0135178	0.000564481	1.46709e-22	0.985553	0.000364618
Cell_154	6.30783e-25	0.000119501	0.000672267	0.0143197	0.219435	2.38332e-13	0.759613	0.00584012
Cell_155	6.8974e-06	1.04362e-08	1.3596e-08	0.0222597	0.319965	6.84427e-19	0.638305	0.0194639
Cell_156	9.7783e-09	0.0148201	0.00260602	0.000147951	0.967018	9.3048e-10	0.00127712	0.0141309
Cell_157	3.29371e-22	7.47323e-15	3.55741e-14	0.0265019	0.0381741	3.05978e-24	0.910674	0.0246497
Cell_158	0.999635	1.61718e-05	0.000106565	6.76028e-06	1.59785e-05	1.17665e-18	0.00019745	2.18486e-05
Cell_159	1.00989e-20	1.95246e-05	6.72921e-06	0.0190699	0.459504	2.36096e-39	0.334512	0.186887
Cell_160	1.27767e-16	0.317462	0.0558237	0.0147688	0.00764532	8.62107e-19	0.599214	0.0050861
Cell_161	4.63369e-20	0.0293796	0.0101258	0.00124857	0.000150737	2.37888e-12	0.959094	9.24039e-07
Cell_162	5.21206e-25	2.12174e-07	1.15829e-06	0.000133513	0.98882	2.40024e-17	0.00150025	0.0095449
Cell_163	5.63624e-23	0.00581175	0.00102196	5.49122e-05	1.59929e-09	0.955346	0.037765	1.43674e-09
Cell_164	1.32398e-35	4.40753e-08	2.31952e-07	0.00150825	0.967323	5.40467e-23	0.0277692	0.00339931
Cell_165	3.86903e-20	5.26362e-10	3.49332e-09	0.00334459	0.502053	1.60714e-13	0.0252255	0.469377
Cell_166	1.51179e-24	0.997253	0.000283698	8.79241e-06	1.09082e-10	3.01971e-06	0.00245105	8.90094e-09
Cell_167	6.28228e-20	5.95866e-09	2.64866e-08	0.0186454	0.000342572	1.02153e-17	0.976954	0.00405845
Cell_168	4.70966e-08	0.00022318	7.69198e-05	0.00766837	0.89073	4.30384e-15	0.0710893	0.0302123
Cell_169	7.11301e-17	1.26548e-05	7.8595e-05	0.0275216	0.0016044	4.23989e-13	0.240602	0.730181
Cell_170	3.30573e-50	1.03039e-16	2.82446e-16	0.00262633	0.000173207	1.241e-22	0.997183	1.71669e-05
Cell_171	5.93687e-43	0.00275747	0.000484883	0.00134448	4.9902e-05	3.39768e-15	0.995334	2.9262e-05
Cell_172	3.73405e-28	3.58217e-11	1.70519e-10	0.00682486	0.000400793	2.99403e-20	0.992699	7.49038e-05
Cell_173	8.27305e-21	1.74725e-05	0.000116705	0.000537772	0.967761	1.02112e-16	0.00636642	0.0252002
Cell_174	1.45096e-15	0.00018721	3.29197e-05	0.000100726	0.993514	8.26968e-19	0.000840902	0.00532451
Cell_175	3.3771e-19	2.91371e-09	1.68022e-08	0.0150939	0.000354933	2.81897e-24	0.982769	0.00178203
Cell_176	5.0105e-28	4.55676e-15	2.16911e-14	0.0201747	0.133618	4.39555e-28	0.838095	0.00811287
Cell_177	7.97272e-14	2.25885e-05	1.32302e-05	3.14674e-05	0.991922	3.9499e-09	0.000218084	0.007793
Cell_178	5.86784e-22	4.95634e-12	2.78824e-11	0.00396904	0.780118	3.01293e-20	0.0604843	0.155429
Cell_179	2.37489e-25	3.67128e-12	1.63191e-11	0.000161104	0.981141	2.47794e-24	0.00170069	0.0169973
Cell_180	1.74347e-35	7.02049e-17	3.12065e-16	0.00551191	7.61814e-06	2.41149e-26	0.994416	6.4203e-05
Cell_181	1.53001e-20	1.45423e-06	8.93998e-06	0.0439542	0.265421	1.18601e-20	0.678412	0.0122022
Cell_182	5.04508e-29	5.04723e-10	3.33307e-09	0.0166429	0.0245205	1.37138e-19	0.954739	0.00409737
Cell_183	2.65619e-17	2.17157e-05	0.000144044	8.88748e-05	0.992034	1.49787e-25	0.00212337	0.0055883
Cell_184	1.02131e-32	1.49563e-08	9.99813e-08	0.0153774	0.0706871	9.5516e-16	0.184106	0.72983
Cell_185	8.67495e-24	0.000110439	6.4685e-05	0.00552598	0.00066167	8.00406e-14	0.993577	6.00788e-05
Cell_186	1.62995e-23	8.70242e-06	5.81323e-05	4.24387e-05	0.99014	6.81423e-16	0.000495079	0.00925536
Cell_187	5.29702e-26	6.76644e-12	4.51719e-11	0.00141887	0.834921	7.48628e-24	0.0115879	0.152072
Cell_188	1.85633e-20	1.2991e-08	6.18396e-08	0.007727	0.913149	1.3028e-20	0.0609289	0.0181949
Cell_189	1.68291e-16	4.86091e-10	2.73456e-09	0.0139518	0.0100423	4.4742e-19	0.973675	0.00233064
Cell_190	1.74578e-18	2.50092e-10	1.02115e-09	0.0164239	0.0208018	1.10625e-18	0.962299	0.000475461
Cell_191	6.29993e-30	7.83344e-12	2.87833e-11	0.0047441	0.0745512	5.0191e-18	0.92001	0.000694674
Cell_192	9.02527e-17	0.00434057	0.0288673	0.00190944	1.42778e-08	2.17846e-32	0.964882	2.01295e-07
Cell_193	3.33586e-17	5.13766e-09	2.44563e-08	0.00416932	0.000150201	2.54772e-14	0.995648	3.23605e-05
Cell_194	4.88062e-28	1.00566e-08	6.02143e-08	0.00449838	3.0407e-07	8.65887e-19	0.995489	1.18301e-05
Cell_195	0.999469	3.23659e-05	0.000208586	1.83208e-05	2.80558e-05	1.46941e-19	0.00024167	2.29404e-06
Cell_196	2.58453e-28	0.000104113	9.4436e-05	0.00142551	0.938372	7.55585e-17	0.034618	0.0253861
Cell_197	2.75112e-16	1.52732e-05	1.98975e-05	0.014324	0.704753	7.96623e-14	0.173089	0.107799
Cell_198	1.90081e-12	0.116976	4.54085e-06	7.67075e-07	0.00184613	0.88104	6.94544e-06	0.000125349
Cell_199	4.61852e-28	0.00726338	4.10933e-10	2.17994e-11	1.94449e-16	0.992737	1.13868e-08	1.38701e-15
Cell_200	8.17924e-23	6.40232e-13	4.10892e-12	0.0416512	0.0119482	3.67582e-21	0.926549	0.0198518
Cell_201	0.999754	2.11673e-05	0.000106499	4.83521e-06	2.06626e-06	4.402e-20	0.000110403	7.01697e-07
Cell_202	5.35352e-25	2.33445e-08	1.3673e-08	0.00205898	1.03347e-05	1.11609e-18	0.997928	2.4132e-06
Cell_203	0.999754	2.61233e-05	0.000106664	5.83326e-06	1.57294e-05	3.70724e-16	8.20654e-05	9.94095e-06
Cell_204	5.14851e-13	0.0450695	0.101156	0.0130818	0.00182277	2.00132e-14	0.835258	0.00361228
Cell_205	2.5401e-14	3.88843e-08	5.06573e-08	0.00789046	0.781915	1.67397e-21	0.18783	0.0223644
Cell_206	4.72495e-26	3.69177e-12	1.27238e-12	0.000911372	0.694923	1.00733e-13	0.0116526	0.292513
Cell_207	9.86759e-14	0.000465016	0.00149902	0.000508911	0.982632	1.93844e-44	0.00857196	0.00632346
Cell_208	7.65827e-26	3.44112e-09	1.98436e-08	0.00543421	0.0253121	4.96286e-19	0.968848	0.000405205
Cell_209	2.37896e-24	0.995205	1.59757e-05	1.27464e-06	9.82873e-11	1.22219e-07	0.00477722	1.15031e-11
Cell_210	1.22186e-36	4.85433e-30	3.18533e-29	0.0164903	0.0118578	6.86751e-44	0.966148	0.00550419
Cell_211	5.6296e-30	1.88323e-12	1.23574e-11	0.0246464	0.0612887	1.05093e-21	0.878971	0.0350943
Cell_212	6.26504e-14	2.0238e-06	1.01823e-05	1.05074e-05	0.992923	1.05426e-15	8.58942e-05	0.00696876
Cell_213	9.11232e-31	8.88295e-09	8.05733e-09	0.0140324	1.79636e-05	1.11436e-16	0.985902	4.73447e-05
Cell_214	9.39971e-30	8.251e-15	4.15132e-14	0.000184435	3.44778e-11	8.48245e-26	0.999816	8.56031e-10
Cell_215	2.38496e-21	2.67724e-05	0.000174642	1.18885e-05	0.990444	1.5985e-15	8.25177e-05	0.00926061
Cell_216	1.00822e-27	7.52389e-09	2.42539e-08	0.00160026	0.954741	3.10857e-21	0.0327678	0.0108909
Cell_217	1.20419e-17	7.04365e-07	1.23858e-07	0.00853931	0.000309444	8.77615e-17	0.989858	0.00129243
Cell_218	0.997986	0.000603555	0.000106131	6.17904e-06	0.00111567	7.92507e-14	6.54091e-05	0.000117065
Cell_219	1.95554e-31	9.83453e-16	6.55728e-15	0.0444889	0.0537787	6.78607e-28	0.631543	0.27019
Cell_220	1.52082e-21	5.58452e-06	3.46836e-05	5.56062e-05	0.963747	5.43581e-21	0.000422501	0.0357348
Cell_221	7.06488e-40	9.64418e-12	6.2911e-11	0.0165559	0.00174849	4.11841e-22	0.977895	0.00380016
Cell_222	2.06332e-24	1.14409e-06	2.0095e-06	0.0118876	0.000510844	1.72923e-16	0.986008	0.00159069
Cell_223	1.26009e-36	3.37116e-15	1.08672e-14	0.00999401	0.160126	3.35577e-24	0.825741	0.00413948
Cell_224	1.26853e-10	0.000123308	0.000111848	0.0124876	0.100934	2.61252e-18	0.885187	0.00115626
Cell_225	1.41224e-25	4.45893e-13	2.93453e-12	0.00447219	0.819921	1.05662e-22	0.0254552	0.150151
Cell_226	0.999188	3.90665e-05	0.000107088	7.7179e-06	4.42696e-07	2.45234e-19	0.000657767	1.65288e-07
Cell_227	4.49253e-21	3.88517e-09	2.49344e-08	0.0130212	0.00673714	1.6898e-12	0.977409	0.00283232
Cell_228	1.92573e-14	1.35979e-07	4.38341e-07	0.0033585	1.37217e-05	9.11167e-13	0.996617	1.04019e-05
Cell_229	1.68205e-32	5.6337e-24	3.57858e-23	0.0286139	0.329199	1.55895e-30	0.350662	0.291525
Cell_230	5.33304e-19	3.93736e-11	2.59128e-10	0.00122875	0.93008	1.58714e-22	0.00977597	0.058915
Cell_231	1.00749e-23	7.41083e-06	3.90005e-05	0.000233718	0.985853	1.51785e-19	0.00212909	0.0117373
Cell_232	5.23214e-32	1.98755e-16	1.29331e-15	0.0124786	5.45417e-05	1.67395e-25	0.986997	0.000469515
Cell_233	0.958256	0.000295572	0.00010187	0.000153116	0.0297803	0.000339971	0.00074802	0.0103256
Cell_234	2.16419e-11	1.30978e-14	2.30316e-15	0.000127955	3.05942e-09	9.10452e-24	0.999872	1.46945e-10
Cell_235	1.32303e-22	4.28293e-08	1.17403e-07	0.000169383	0.990694	1.54725e-16	0.00194765	0.00718855
Cell_236	1.22418e-27	2.13839e-09	8.73128e-09	0.00159475	0.92399	3.31432e-19	0.014828	0.0595871
Cell_237	4.18492e-22	7.07019e-05	0.000385971	0.000538553	0.991634	3.099e-07	0.00300538	0.00436514
Cell_238	2.67228e-22	4.03215e-06	9.04993e-06	0.0055397	0.789293	1.72301e-16	0.196987	0.00816719
Cell_239	6.93145e-05	0.0119905	0.00210845	0.00304215	0.908403	4.18739e-12	0.0361524	0.0382339
Cell_240	2.53996e-15	1.11136e-06	3.83035e-07	0.0161822	0.554662	1.58236e-16	0.256863	0.172291
Cell_241	5.81123e-31	1.9771e-09	6.81414e-10	0.00399991	0.00735788	9.13863e-10	0.988621	2.16019e-05
Cell_242	2.49888e-26	1.77877e-15	1.18212e-14	0.000268257	0.972529	1.47005e-32	0.00256066	0.0246422
Cell_243	1.88599e-38	3.21208e-11	1.75352e-10	0.00510656	1.64292e-06	1.00087e-18	0.994844	4.80189e-05
Cell_244	3.53663e-19	7.85713e-10	5.23613e-09	0.000274505	0.946256	1.16492e-21	0.0017877	0.0516814
Cell_245	3.43014e-18	0.000176844	0.000841813	8.29176e-05	0.992267	8.98512e-12	0.00118982	0.00544207
Cell_246	5.09043e-40	4.92392e-13	1.10515e-12	0.00104685	0.965617	1.20493e-24	0.029236	0.00409996
Cell_247	8.33042e-13	1.16704e-06	6.37103e-06	4.25435e-05	0.994572	1.28552e-16	0.00041859	0.00495943
Cell_248	2.51069e-21	1.6211e-09	3.63847e-09	0.0248717	0.000281212	4.66081e-20	0.973486	0.00136074
Cell_249	4.85547e-34	8.78428e-13	3.58671e-12	0.0257398	0.16703	8.87979e-28	0.782228	0.0250022
Cell_250	0.999595	2.01729e-05	0.000106163	6.33906e-06	0.000143651	8.32605e-14	4.61192e-05	8.20678e-05
Cell_251	1.43862e-21	5.01845e-11	8.81449e-11	0.000169908	0.99207	2.41233e-22	0.00171381	0.00604583
Cell_252	1.66215e-16	9.96582e-08	2.23677e-07	0.003625	0.901749	3.84848e-14	0.0829803	0.011645
Cell_253	7.9243e-11	0.000153371	0.000420415	0.00036275	0.888451	1.86638e-12	0.00296413	0.107648
Cell_254	3.38933e-26	2.91703e-11	1.68214e-10	0.00147153	0.963423	1.91838e-22	0.0158005	0.019305
Cell_255	3.26978e-20	7.48466e-11	2.41274e-10	0.00226381	0.944917	1.96158e-21	0.0201328	0.0326867
Cell_256	2.68152e-10	0.169637	0.15387	0.0111734	0.00455697	7.53649e-05	0.660526	0.000161118
Cell_257	3.12714e-24	2.26662e-07	9.25483e-07	0.0518044	0.0265365	1.48603e-40	0.769235	0.152423
Cell_258	7.82978e-22	2.89566e-11	1.91223e-10	0.000194724	0.986717	9.01679e-61	0.00230952	0.010779
Cell_259	5.64272e-23	9.45545e-12	5.31928e-11	0.0150129	8.8101e-05	8.31974e-24	0.984339	0.00056039
Cell_260	2.47241e-11	3.5342e-08	1.13928e-07	0.00046218	4.96193e-06	2.52354e-15	0.999531	1.29215e-06
Cell_261	0.0504341	0.264564	0.0465219	0.0062405	0.567363	1.09068e-13	0.0482995	0.016577
Cell_262	7.73588e-36	3.68538e-09	2.16925e-08	0.0120885	0.740644	4.44273e-22	0.137713	0.109554
Cell_263	2.93829e-23	2.8587e-15	1.9024e-14	0.0245316	0.0151895	7.53749e-26	0.886639	0.0736395
Cell_264	8.66244e-23	0.00214688	0.00481856	0.000952076	0.951673	1.53998e-11	0.0141301	0.0262795
Cell_265	1.00705e-24	3.44655e-12	2.24826e-11	0.000486442	0.965265	8.94822e-19	0.00549234	0.0287564
Cell_266	3.76355e-11	1.26591e-13	7.41449e-14	0.00243233	2.84599e-06	8.48868e-16	0.997563	2.12436e-06
Cell_267	0.999828	1.88875e-05	0.000106254	2.24833e-06	1.32547e-05	2.15853e-16	3.00898e-05	1.67836e-06
Cell_268	1.77964e-37	3.9142e-07	8.78521e-07	0.00805017	0.00361402	3.28739e-15	0.988195	0.000139195
Cell_269	5.94583e-51	1.16777e-14	1.05923e-14	0.000352936	4.39184e-07	1.21612e-22	0.999647	1.18877e-07
Cell_270	9.20515e-25	4.36109e-13	2.38077e-12	0.00328228	0.0186406	2.08567e-32	0.977315	0.000761827
Cell_271	4.46374e-13	1.41147e-10	4.54999e-10	0.0232077	0.0233616	3.21562e-22	0.938248	0.0151822
Cell_272	7.38975e-15	0.0237394	0.0139043	0.000983486	1.04044e-05	2.87768e-17	0.961362	2.73253e-07
Cell_273	6.98042e-34	2.70758e-15	1.80707e-14	0.00288484	1.56773e-06	7.19013e-26	0.997106	7.68438e-06
Cell_274	3.88069e-30	1	3.08722e-15	2.46995e-16	2.62188e-18	9.35639e-09	4.36917e-14	4.28074e-19
Cell_275	1.95922e-12	0.000217307	0.000283101	0.000938279	0.573672	1.30252e-13	0.00633542	0.418553
Cell_276	0.998822	6.08849e-05	0.000106939	5.91143e-06	1.30543e-07	3.57762e-10	0.00100454	4.10606e-08
Cell_277	1.64281e-21	2.13526e-08	7.84583e-08	9.16843e-05	0.989939	1.76153e-19	0.000925162	0.00904454
Cell_278	0.00780605	4.734e-06	8.32444e-07	0.00203571	3.95769e-05	1.44837e-21	0.990097	1.61573e-05
Cell_279	1.16281e-52	6.21633e-16	3.39357e-15	0.0188458	0.000402026	6.9534e-40	0.978262	0.00249039
Cell_280	1.1063e-24	0.987617	0.000472206	3.08708e-05	4.36687e-08	2.73097e-14	0.0118801	6.64128e-09
Cell_281	1.01725e-21	4.2424e-06	2.38661e-05	2.88386e-05	0.988716	7.91155e-13	0.000273222	0.0109539
Cell_282	5.94805e-28	9.84548e-11	6.28854e-10	0.00102888	0.916767	2.6878e-19	0.00801637	0.074188
Cell_283	2.3921e-29	1.66579e-07	9.75661e-08	0.00970266	0.0659648	1.26901e-18	0.923606	0.000725733
Cell_284	6.09166e-28	1.71621e-09	1.06589e-08	4.47641e-05	0.992732	3.53212e-19	0.000471339	0.00675221
Cell_285	2.47718e-44	2.01536e-15	1.23896e-14	0.0114608	0.0129446	1.09608e-26	0.974197	0.00139758
Cell_286	1.8999e-21	8.00799e-08	4.50499e-07	0.000490533	0.94808	1.58013e-17	0.00498125	0.0464476
Cell_287	1.51482e-33	6.8959e-13	8.98376e-13	0.00559938	0.000102318	1.91993e-23	0.994224	7.42514e-05
Cell_288	0.997548	3.28714e-05	0.000105964	7.09966e-06	2.3714e-10	4.73464e-19	0.00230629	9.61239e-10
Cell_289	0.999338	1.61652e-05	0.000106239	1.25604e-05	4.92212e-08	2.69145e-15	0.000525952	6.24054e-07
Cell_290	3.22958e-23	7.58188e-17	3.09576e-16	0.032055	0.223075	2.57168e-27	0.398348	0.346522
Cell_291	2.2178e-23	7.42457e-08	2.39337e-07	0.0209153	0.0724347	3.56848e-22	0.898246	0.00840369
Cell_292	1.04132e-23	3.01122e-07	1.4334e-06	0.0452764	0.00353279	1.06983e-19	0.88015	0.0710385
Cell_293	5.72393e-34	6.53081e-13	4.05608e-12	0.0156396	6.77621e-06	1.91149e-20	0.984268	8.57262e-05
Cell_294	2.57885e-25	0.0123259	3.59713e-09	2.96838e-10	1.93468e-13	0.987674	2.86388e-08	1.64184e-12
Cell_295	2.57356e-27	1.50907e-12	7.94168e-12	0.000135662	0.962171	6.67957e-24	0.00109019	0.0366029
Cell_296	7.01748e-14	4.29101e-09	9.63094e-09	0.000135266	5.49868e-10	7.6001e-18	0.999865	1.81147e-11
Cell_297	1.24267e-41	1.97075e-09	3.46543e-10	0.000501395	8.17427e-08	2.11479e-19	0.999499	1.39203e-08
Cell_298	3.24443e-29	3.42578e-11	2.24401e-10	0.0435872	0.0983139	1.28231e-17	0.815326	0.0427732
Cell_299	2.84104e-31	1.54104e-14	1.01547e-13	0.0374357	0.00578427	1.22063e-23	0.907045	0.0497355
Cell_300	1.41745e-33	1.84626e-10	1.08137e-10	0.00767433	0.00560149	2.00125e-13	0.986326	0.000398165
Cell_301	6.13628e-27	0.00421707	4.53614e-09	3.55518e-10	7.84803e-18	0.995783	2.0911e-07	5.56342e-15
Cell_302	7.18886e-16	3.90623e-05	0.000173634	0.0001371	0.976875	1.15629e-20	0.00151248	0.0212627
Cell_303	4.13526e-36	1.74801e-15	1.02382e-15	0.000888509	3.27698e-07	4.07043e-26	0.999111	1.14368e-07
Cell_304	2.14254e-31	1.08217e-08	7.16947e-08	0.024591	0.0105725	1.25587e-20	0.962296	0.00254021
Cell_305	1.14766e-45	2.75909e-13	2.50265e-13	0.00476628	0.00488521	8.20499e-23	0.990197	0.000151075
Cell_306	8.52025e-14	1.48454e-05	2.61046e-06	0.0273878	0.0270375	9.76445e-17	0.942648	0.00290928
Cell_307	1.45339e-20	0.0200122	0.0117213	0.000653432	3.51998e-10	0.291472	0.676141	4.3512e-09
Cell_308	1.70807e-30	2.59142e-12	1.6552e-11	0.0276351	0.153709	6.06319e-21	0.680393	0.138263
Cell_309	2.76956e-26	5.61127e-11	3.44957e-10	0.00627501	0.821029	7.15033e-27	0.0876095	0.0850865
Cell_310	1.55194e-14	7.45953e-11	2.57096e-11	0.0010054	4.04607e-07	3.12122e-21	0.998994	2.74157e-07
Cell_311	2.47739e-24	8.6063e-09	1.51163e-08	0.00125017	0.792767	5.00768e-20	0.0226348	0.183348
Cell_312	5.71565e-21	6.18143e-09	1.38739e-08	5.97334e-05	0.988228	4.21318e-07	0.000596437	0.0111151
Cell_313	2.30007e-21	0.0125635	7.74431e-05	8.59154e-06	1.86909e-06	0.987237	0.000105992	5.71425e-06
Cell_314	5.18853e-17	5.54215e-14	3.65202e-13	0.00910129	0.000131342	1.08003e-15	0.990405	0.000362438
Cell_315	5.99767e-33	5.38945e-11	1.85749e-11	0.00054461	0.972041	3.31574e-09	0.00891541	0.0184994
Cell_316	5.27007e-20	0.809918	3.35921e-06	0.000391151	0.00365796	0.173431	0.0123089	0.000289034
Cell_317	5.10127e-45	0.00670117	0.00607833	0.00558208	0.0028294	0.000125906	0.978668	1.55349e-05
Cell_318	1.99669e-20	2.95782e-09	1.70566e-08	0.000231659	0.979044	8.1822e-23	0.00179979	0.018925
Cell_319	3.29167e-18	6.31541e-09	3.69897e-09	0.00748087	0.841939	1.69042e-26	0.097459	0.0531213
Cell_320	6.16066e-28	0.000379442	0.00139423	0.00252126	0.828666	1.28324e-13	0.145999	0.0210404
Cell_321	1.71182e-21	0.00223222	0.0061189	0.000860158	0.808719	9.51579e-15	0.00637664	0.175693
Cell_322	1.53845e-61	1.4751e-17	6.55693e-17	0.0205327	0.000380616	5.01595e-25	0.972285	0.00680196
Cell_323	2.6946e-21	1.74164e-07	8.29055e-07	0.0273502	0.23371	1.7996e-19	0.514194	0.224745
Cell_324	2.0365e-13	0.0143274	0.0806003	0.00317559	1.73055e-06	5.31803e-23	0.901895	3.60764e-07
Cell_325	1.50892e-16	3.59862e-11	2.18576e-10	0.0179315	0.581206	1.2923e-18	0.274485	0.126377
Cell_326	8.32853e-41	2.94068e-35	1.95934e-34	0.00943007	0.000217893	4.76544e-49	0.986427	0.00392517
Cell_327	8.96232e-22	0.999999	1.14436e-07	6.94082e-09	1.50535e-13	5.38022e-09	1.07757e-06	2.41756e-12
Cell_328	4.75533e-28	5.4107e-12	3.12014e-11	0.00819129	0.738133	3.15264e-27	0.0837106	0.169965
Cell_329	3.26779e-19	1.39552e-15	9.27424e-15	0.000710502	0.929627	7.44721e-28	0.00670673	0.0629553
Cell_330	3.9408e-15	5.08128e-07	4.609e-07	0.00021202	0.981355	2.36639e-16	0.00214306	0.0162894
Cell_331	0.999451	8.15161e-05	0.000106197	6.71002e-06	2.82331e-05	1.76311e-27	0.000325883	5.00926e-07
Cell_332	2.25975e-17	1.67288e-07	9.84676e-07	0.00582497	0.000409251	1.50628e-13	0.991593	0.00217151
Cell_333	2.74943e-25	3.20699e-14	1.97152e-13	0.0608105	0.0516884	2.1152e-29	0.880193	0.00730779
Cell_334	3.6675e-13	8.96565e-07	5.98878e-06	0.018325	0.76102	1.3599e-18	0.165965	0.0546834
Cell_335	5.7141e-20	3.10105e-06	2.06305e-05	0.00047949	0.965886	3.14956e-18	0.00462311	0.028988
Cell_336	3.47306e-30	1.80711e-13	1.05843e-13	0.000623975	1.58873e-06	1.81467e-23	0.999374	4.23723e-08
Cell_337	2.50442e-22	5.97935e-06	3.89079e-05	0.000123462	0.994162	9.77552e-21	0.000866389	0.00480363
Cell_338	4.18866e-20	5.94217e-07	5.38988e-07	0.00869292	9.20801e-06	2.15093e-11	0.991262	3.49218e-05
Cell_339	1.25362e-36	5.99706e-16	3.92831e-15	0.00681638	1.01623e-05	2.07646e-29	0.993088	8.56558e-05
Cell_340	1.28137e-32	2.10236e-09	8.58414e-09	0.00457487	6.48705e-05	3.62946e-16	0.995324	3.5859e-05
Cell_341	0.990064	1.68162e-05	0.000105352	4.93402e-06	0.00970321	2.15978e-12	5.74446e-05	4.8535e-05
Cell_342	2.96156e-31	1.13501e-11	6.19615e-11	0.00736371	0.000396505	2.44253e-52	0.992101	0.000139038
Cell_343	9.15524e-29	0.00670967	3.98766e-13	1.00402e-14	1.02279e-15	0.99329	1.23082e-13	8.35608e-15
Cell_344	9.11241e-32	8.82993e-14	5.77264e-13	0.000876263	0.628193	2.05223e-26	0.0051933	0.365738
Cell_345	4.08797e-29	4.57233e-10	2.93445e-09	0.035989	0.092485	4.09071e-24	0.729968	0.141558
Cell_346	8.69245e-51	2.54942e-13	9.36762e-13	0.00196631	1.81704e-07	4.81662e-20	0.998032	1.83871e-06
Cell_347	6.96706e-27	3.47641e-06	4.52896e-06	0.0105967	0.710219	1.03761e-15	0.262967	0.0162093
Cell_348	9.08319e-57	2.89933e-05	5.09828e-06	4.13499e-06	2.8897e-16	0.00187907	0.998083	4.71263e-17
Cell_349	3.97313e-32	7.47546e-14	2.40978e-13	0.0245699	0.0403569	7.91666e-26	0.917443	0.0176304
Cell_350	3.97755e-23	1.02645e-14	4.56264e-14	0.0100215	6.92334e-06	4.66912e-25	0.989913	5.80743e-05
Cell_351	8.25832e-24	1.06127e-05	3.4211e-05	0.000184933	0.989813	2.84073e-20	0.00109031	0.0088665
Cell_352	1.77736e-09	0.150993	0.196709	0.0172291	0.104203	3.92112e-15	0.523759	0.00710564
Cell_353	7.78124e-20	1.82443e-06	7.44933e-06	0.000318183	0.972543	3.97415e-12	0.00389278	0.0232368
Cell_354	1.80922e-19	2.76191e-10	3.59813e-10	0.000441574	0.954865	6.92352e-19	0.0023397	0.0423537
Cell_355	1.75531e-18	6.89958e-07	2.53519e-06	0.0289787	0.102254	1.50229e-16	0.843943	0.0248217
Cell_356	3.57838e-29	2.89137e-10	1.06241e-09	0.000245505	0.98997	1.98206e-18	0.00201199	0.00777205
Cell_357	1.02919e-21	6.72622e-11	3.38416e-10	0.0204495	0.000976641	6.90339e-09	0.974567	0.00400671
Cell_358	5.89526e-34	7.89269e-13	1.38628e-12	0.0373738	0.00497571	7.17864e-22	0.898618	0.0590321
Cell_359	6.81754e-29	3.2729e-09	2.17738e-08	0.00095394	0.963589	8.50516e-16	0.0317123	0.00374432
Cell_360	4.29652e-28	5.08684e-06	2.55934e-05	7.93196e-06	0.993079	8.37589e-21	8.43878e-05	0.00679795
Cell_361	1.4338e-24	0.00303853	1.61595e-07	5.5245e-09	9.60875e-09	0.996961	5.64677e-08	1.10008e-09
Cell_362	4.81814e-20	3.07566e-09	5.40215e-09	0.0131118	0.00168077	2.97656e-20	0.980962	0.00424569
Cell_363	2.31563e-24	9.90363e-12	5.21192e-11	0.0232642	0.0275162	1.08022e-24	0.940986	0.00823355
Cell_364	9.20898e-19	2.2865e-05	2.07398e-05	7.98884e-05	0.966538	1.34088e-13	0.000623219	0.0327151
Cell_365	4.85891e-23	2.4623e-09	1.57273e-08	0.000274733	0.937073	1.02745e-18	0.0026163	0.0600359
Cell_366	3.42244e-31	5.03017e-10	2.96081e-09	0.00210038	1.60136e-05	4.538e-20	0.997881	2.94701e-06
Cell_367	6.07438e-18	1.42388e-11	8.01018e-11	0.000567968	1.9541e-09	3.93007e-18	0.999432	3.37792e-08
Cell_368	2.00252e-25	1.16642e-09	4.76262e-09	0.00644815	0.00352413	1.68162e-19	0.989892	0.000135483
Cell_369	6.46885e-21	0.0165155	0.00290414	0.000213426	0.00103207	0.93331	0.0459507	7.43458e-05
Cell_370	3.11226e-23	7.6949e-14	2.65207e-14	0.0144164	1.92241e-05	2.06036e-23	0.984422	0.00114226
Cell_371	0.999454	2.22961e-05	0.000106134	3.04468e-06	4.11396e-09	7.12817e-15	0.000414261	2.98569e-09
Cell_372	9.78193e-26	4.20418e-08	2.46241e-08	0.00176183	1.87915e-05	9.0977e-17	0.998213	6.77054e-06
Cell_373	5.24188e-29	1.98349e-06	1.32535e-05	0.00600994	0.81292	8.98633e-18	0.032345	0.14871
Cell_374	3.12533e-12	0.00131919	0.00858401	0.00452431	0.000254043	6.05088e-19	0.985282	3.64852e-05
Cell_375	6.83723e-27	2.21157e-12	1.45119e-11	0.0160691	0.238388	1.3996e-23	0.542605	0.202938
Cell_376	1.94459e-21	4.98544e-11	8.76659e-12	0.00239795	3.46023e-05	5.81668e-22	0.997562	5.26737e-06
Cell_377	8.12784e-21	3.10476e-08	8.51069e-08	0.00167747	0.942471	1.24966e-13	0.0200174	0.0358336
Cell_378	3.87781e-19	0.237445	0.0417533	0.00389072	7.90569e-05	4.94978e-17	0.716828	3.90922e-06
Cell_379	4.78893e-24	6.33335e-12	4.23377e-11	0.00236702	1.10748e-06	8.43555e-24	0.997629	2.51861e-06
Cell_380	6.20841e-13	2.54374e-06	3.31391e-06	0.0331462	0.537066	2.33005e-16	0.380405	0.0493768
Cell_381	8.8797e-27	2.43359e-10	1.62077e-09	4.06157e-05	0.965153	8.73672e-23	0.000250251	0.0345565
Cell_382	0.999741	2.3941e-05	0.000106419	9.25425e-06	1.60575e-07	2.71123e-13	0.000114603	4.73935e-06
Cell_383	1.18282e-28	7.36208e-15	3.27249e-14	0.000860685	8.47497e-10	3.34845e-19	0.999139	4.35462e-08
Cell_384	5.87465e-33	9.67881e-13	8.77921e-13	0.0183453	0.0201821	8.66146e-20	0.958434	0.00303863
Cell_385	5.16035e-51	1.39201e-09	8.55748e-09	0.0100007	0.138086	1.71798e-15	0.851041	0.000871889
Cell_386	1.45097e-34	8.85326e-11	1.55679e-11	0.000154326	1.67306e-07	2.19946e-21	0.999846	1.01714e-09
Cell_387	1.14741e-18	0.000182385	6.28597e-05	0.0447724	0.0837254	6.33963e-21	0.46742	0.403837
Cell_388	1.24634e-28	1.29652e-11	8.43654e-11	0.0256759	0.199185	3.44563e-13	0.358906	0.416233
Cell_389	5.9037e-12	1.98023e-08	1.114e-07	0.0300168	0.00252477	1.48111e-15	0.962173	0.00528516
Cell_390	1.14953e-29	0.00939504	0.0621001	0.022119	0.211363	5.48466e-15	0.631411	0.0636126
Cell_391	0.99284	3.27129e-05	0.000105453	7.62012e-06	7.21249e-10	3.57406e-16	0.00701413	2.95761e-10
Cell_392	2.49225e-23	1.98046e-13	1.30906e-12	0.000475803	0.966855	1.86544e-22	0.00391435	0.0287552
Cell_393	2.54089e-29	0.0152969	2.07093e-10	1.0278e-11	1.21307e-13	0.984703	2.32197e-10	2.57581e-12
Cell_394	4.22841e-25	3.26355e-07	2.12888e-06	0.00369022	0.933055	3.15657e-17	0.0378666	0.0253861
Cell_395	8.68368e-13	0.0011473	0.000395422	0.0129682	4.76385e-05	4.69782e-16	0.984638	0.000803575
Cell_396	5.76892e-24	1.43839e-11	6.84703e-11	0.00718952	0.00570724	7.96316e-18	0.986784	0.000319325
Cell_397	1.77601e-33	3.45344e-11	3.13246e-11	2.07145e-05	0.992035	6.04427e-27	0.000180184	0.00776405
Cell_398	1.21738e-27	2.52741e-05	9.28677e-05	0.000162975	0.974266	1.4633e-17	0.00139443	0.0240582
Cell_399	3.0777e-33	1.98139e-14	2.5813e-14	0.00220111	2.21918e-05	2.48967e-18	0.997773	3.92192e-06
Cell_400	5.25622e-15	2.19581e-11	3.85675e-11	0.000984433	4.98164e-07	2.41226e-16	0.999015	2.11629e-07
Cell_401	0.877364	4.23148e-05	9.49734e-05	3.02022e-06	0.121917	3.2947e-14	3.20632e-05	0.000546647
Cell_402	6.98728e-32	0.226255	0.0397854	0.00851515	0.000677241	2.31127e-05	0.723829	0.00091558
Cell_403	2.06452e-19	9.01584e-05	1.58538e-05	0.000154876	0.993178	1.43543e-16	0.00104031	0.00552063
Cell_404	1.0991e-32	1.41038e-13	9.42465e-13	0.00672971	1.30781e-05	2.37618e-22	0.993148	0.00010932
Cell_405	9.59546e-21	2.74529e-05	4.82188e-05	0.000263782	0.99039	1.22671e-10	0.0022506	0.00701963
Cell_406	7.83436e-32	1.18176e-09	7.07584e-09	0.000711604	0.94451	4.27141e-14	0.00558562	0.0491924
Cell_407	1.08207e-24	2.01916e-09	6.95913e-10	0.0111547	0.304542	1.55113e-07	0.682719	0.00158405
Cell_408	6.61687e-24	2.97281e-16	1.02459e-16	0.0109916	0.740258	8.49442e-16	0.237982	0.0107684
Cell_409	1.11364e-14	5.39517e-11	3.51939e-10	0.00222335	6.77908e-08	6.97562e-15	0.997774	2.08049e-06
