cell	Node 0	Node 1	Node 2	Node 3	Node 4	Node 5
Cell_0	1.4569e-11	0.178753	7.76415e-14	0.44321	0.250077	0.12796
Cell_1	3.73119e-22	8.12174e-08	1.98844e-24	0.108547	0.891453	2.20214e-08
Cell_2	1.08439e-36	2.79771e-13	1.45912e-26	0.0897132	0.910287	1.52204e-12
Cell_3	0.99874	0.000394446	0.000282517	0.000263268	0.000137729	0.000181996
Cell_4	3.24966e-23	9.96481e-06	3.60555e-17	0.0298878	0.97005	5.27109e-05
Cell_5	0.997309	0.000293181	0.000325279	0.000209297	0.00165317	0.000209874
Cell_6	3.69503e-23	4.55886e-09	9.65649e-18	0.9884	0.0115997	9.96684e-09
Cell_7	0.998838	3.45811e-05	0.000284834	0.00022551	0.000433229	0.000183458
Cell_8	2.20658e-14	1.091e-06	1.44119e-09	0.00336592	0.996627	5.92931e-06
Cell_9	3.29169e-25	1.72874e-07	4.76253e-18	0.985795	0.0142038	9.41503e-07
Cell_10	0.997591	5.67065e-05	0.000471842	0.000748176	0.00082309	0.000309356
Cell_11	0.981603	0.0177516	0.000278746	0.000185639	1.00247e-06	0.000179605
Cell_12	0.999229	3.88637e-05	0.000282434	0.000267203	8.46659e-08	0.000181922
Cell_13	6.68908e-08	0.0966321	3.64797e-10	0.830303	0.0468641	0.026201
Cell_14	0.997996	0.00132261	0.000284028	0.000210096	4.49248e-06	0.000182966
Cell_15	7.44435e-05	0.00111747	0.00239028	0.132835	0.862026	0.00155655
Cell_16	1.39714e-37	0.488525	1.17495e-35	0.41034	0.0335537	0.0675813
Cell_17	2.987e-13	8.27551e-08	1.73655e-08	0.606841	0.393159	1.14481e-08
Cell_18	1.26924e-10	8.0708e-06	6.76409e-13	0.011022	0.988969	1.11649e-06
Cell_19	1.04153e-15	7.23057e-14	1.1074e-14	0.94979	0.0502102	3.61635e-13
Cell_20	2.82593e-37	1.83531e-10	2.27204e-28	0.164666	0.835334	7.05005e-10
Cell_21	7.65832e-10	0.0362387	4.0813e-12	0.711002	0.0605071	0.192252
Cell_22	0.999086	3.4719e-05	0.000282987	0.000381708	3.19505e-05	0.000182355
Cell_23	2.20244e-14	5.67406e-08	1.17373e-16	0.0038076	0.996192	7.90357e-08
Cell_24	1.77517e-24	2.4318e-05	1.6809e-20	0.00961741	0.990242	0.000116273
Cell_25	6.32169e-21	8.97245e-06	1.43484e-18	0.43422	0.565765	6.42294e-06
Cell_26	1.98264e-15	0.0162868	7.0003e-13	0.109785	0.871675	0.00225308
Cell_27	2.92887e-30	2.13787e-12	2.49229e-21	0.966739	0.0332611	1.15879e-11
Cell_28	1.69786e-17	0.999939	9.04828e-20	3.04878e-05	4.50315e-07	3.0476e-05
Cell_29	8.51499e-31	2.27595e-12	4.0132e-27	0.99996	3.99773e-05	9.69396e-12
Cell_30	4.86142e-34	5.84927e-16	2.35189e-27	0.648636	0.351364	3.19211e-15
Cell_31	3.10793e-25	5.31477e-05	1.00197e-18	0.312526	0.687155	0.000265817
Cell_32	1.61415e-22	1.47971e-12	8.60221e-25	0.804493	0.195507	5.68409e-12
Cell_33	2.88156e-36	1.56528e-09	5.38195e-30	0.137004	0.862996	5.13721e-09
Cell_34	3.19008e-41	9.34107e-13	8.43081e-29	0.685243	0.314757	6.68681e-13
Cell_35	8.05627e-50	1.39101e-11	6.69214e-42	0.00703622	0.992964	6.41804e-12
Cell_36	3.40794e-26	3.5995e-06	5.13985e-18	0.384134	0.615861	1.66079e-06
Cell_37	1.09167e-16	9.66948e-08	5.81777e-19	0.112799	0.8872	2.84907e-07
Cell_38	1.8613e-32	0.0129537	6.325e-29	0.855872	0.125198	0.00597676
Cell_39	5.6468e-32	1.59902e-11	3.60323e-25	0.857665	0.142335	8.68047e-11
Cell_40	1.47223e-24	8.59811e-08	6.55747e-19	0.0356042	0.964396	1.53473e-07
Cell_41	5.30161e-33	6.56802e-14	9.3663e-25	0.285255	0.714745	2.79752e-13
Cell_42	5.5081e-45	7.2741e-31	4.21994e-37	0.968651	0.0313487	3.31902e-30
Cell_43	2.75529e-26	4.21971e-13	3.39417e-19	0.127671	0.872329	1.14414e-13
Cell_44	3.47152e-25	6.33459e-08	4.5959e-22	0.343239	0.656761	2.92275e-08
Cell_45	9.81047e-08	0.000640123	4.64017e-11	0.0508455	0.945788	0.00272648
Cell_46	6.63693e-20	0.999897	2.65349e-13	6.8121e-05	5.13257e-06	3.01503e-05
Cell_47	5.76992e-20	3.80481e-07	8.4355e-16	0.0405239	0.959475	5.29984e-07
Cell_48	4.42088e-24	2.47768e-16	1.25396e-27	0.685626	0.314374	1.77365e-16
Cell_49	2.26309e-40	3.16742e-16	2.1771e-29	0.439164	0.560836	1.6847e-15
Cell_50	1.26567e-23	0.000462538	6.0306e-16	0.0720929	0.926619	0.000825614
Cell_51	4.14658e-36	4.69005e-21	6.82065e-34	0.991098	0.00890219	2.39213e-20
Cell_52	3.87704e-30	6.78163e-11	2.05139e-26	0.574212	0.425788	3.69717e-10
Cell_53	9.79735e-38	2.48689e-08	1.34777e-25	0.979239	0.0207606	1.08493e-09
Cell_54	3.11291e-25	0.752726	1.10268e-16	0.142716	0.000427512	0.10413
Cell_55	2.51483e-17	4.96637e-09	3.07313e-11	0.587908	0.412092	6.9178e-09
Cell_56	2.64177e-16	0.000127794	1.72728e-19	0.148886	0.850986	4.87061e-07
Cell_57	1.69945e-34	8.9646e-10	3.55309e-20	0.799966	0.200034	4.77904e-09
Cell_58	5.50517e-18	5.81269e-10	2.93383e-20	0.949795	0.050205	1.49862e-09
Cell_59	6.1265e-12	3.93441e-08	3.26496e-14	0.060534	0.939466	1.59995e-07
Cell_60	4.04152e-19	6.35373e-07	3.54055e-15	0.0691498	0.930848	1.13412e-06
Cell_61	5.38646e-19	8.23762e-07	7.52674e-17	0.864679	0.13532	2.23356e-07
Cell_62	5.83864e-37	9.15269e-19	1.47517e-29	0.838735	0.161265	4.223e-19
Cell_63	1.99494e-13	7.58288e-07	5.64757e-17	0.789862	0.210134	3.35424e-06
Cell_64	1.51226e-27	2.47493e-16	8.50709e-29	0.936096	0.0639042	8.86136e-16
Cell_65	4.97148e-14	1.34563e-05	2.64942e-16	0.207625	0.792357	3.64857e-06
Cell_66	9.94108e-25	5.77414e-15	2.90877e-26	0.346271	0.653729	1.03066e-14
Cell_67	4.12663e-19	2.23926e-07	2.19918e-21	0.00482281	0.995177	1.60298e-07
Cell_68	4.08667e-13	5.4915e-08	7.83853e-09	0.15803	0.84197	2.62569e-07
Cell_69	3.15503e-39	2.3231e-07	1.08235e-16	0.980049	0.0199497	1.22479e-06
Cell_70	1.1841e-31	6.67709e-12	2.96324e-27	0.999035	0.000965333	2.5649e-11
Cell_71	5.17028e-15	0.000980833	8.6018e-13	0.139885	0.856606	0.00252878
Cell_72	6.72203e-14	2.32928e-05	2.3235e-14	0.0139449	0.985955	7.64461e-05
Cell_73	1.082e-14	0.0104049	1.59952e-12	0.0491883	0.939232	0.00117447
Cell_74	1.60395e-21	3.65018e-06	5.66321e-19	0.718546	0.281449	9.89714e-07
Cell_75	0.9974	4.34138e-05	0.000348426	0.000960616	0.0010233	0.000224627
Cell_76	4.83792e-42	4.13326e-06	8.04272e-33	0.123265	0.876713	1.82832e-05
Cell_77	3.45965e-27	9.3088e-12	1.45102e-18	0.991545	0.00845491	4.7479e-11
Cell_78	9.46232e-23	2.16697e-05	5.37012e-21	0.492133	0.507798	4.73756e-05
Cell_79	7.79445e-08	0.169633	8.34239e-06	0.137791	0.6143	0.0782677
Cell_80	1.74024e-10	5.11645e-05	8.31371e-11	0.701935	0.297863	0.000150754
Cell_81	1.43475e-15	1.84374e-08	5.96727e-16	0.999997	2.73476e-06	1.0057e-07
Cell_82	1.80435e-25	7.39038e-07	2.6016e-14	0.0621641	0.937832	3.26908e-06
Cell_83	3.30836e-29	1.06883e-15	4.82927e-20	0.459813	0.540187	3.50785e-15
Cell_84	1.1513e-29	8.62978e-19	6.13558e-32	0.97975	0.0202495	4.70244e-18
Cell_85	3.12327e-16	0.999052	1.66446e-18	0.000388146	0.000336286	0.000223149
Cell_86	3.24366e-31	1.91534e-05	1.01982e-24	0.0487999	0.951161	1.97372e-05
Cell_87	1.85367e-09	0.00767799	7.1499e-07	0.569892	0.408725	0.013705
Cell_88	2.67879e-05	0.422933	0.177957	0.196131	0.0882773	0.114675
Cell_89	1.09269e-27	3.51867e-11	1.81214e-20	0.943958	0.0560421	1.91879e-10
Cell_90	2.05048e-19	1.16736e-07	1.72439e-17	0.00780423	0.992195	2.55215e-07
Cell_91	1.7886e-20	0.000427024	5.51477e-17	0.991446	0.00793042	0.000197027
Cell_92	3.88967e-08	5.46285e-07	3.90755e-07	0.0279051	0.972094	2.52053e-07
Cell_93	3.88538e-23	5.39762e-12	1.07141e-19	0.00941454	0.990585	1.46352e-12
Cell_94	1.32036e-25	1.63167e-10	3.18681e-23	0.861772	0.138228	2.25721e-11
Cell_95	1.41063e-45	1.99528e-16	2.46492e-40	0.974408	0.0255917	1.07373e-15
Cell_96	0.999242	3.35816e-05	0.000282472	0.000254847	5.18512e-06	0.000181938
Cell_97	0.986706	3.53721e-05	0.000292055	0.000152265	0.0126262	0.000188139
Cell_98	8.10791e-32	9.8632e-08	8.28664e-18	0.741435	0.258564	5.26878e-07
Cell_99	3.03259e-32	4.48838e-12	6.36692e-24	0.802025	0.197975	1.72414e-11
Cell_100	1.87684e-07	4.78988e-11	5.32233e-11	0.0957873	0.904212	3.42884e-11
Cell_101	1.58386e-24	1.65736e-14	8.44079e-27	0.209197	0.790803	2.95834e-14
Cell_102	1.58222e-19	6.52415e-05	2.10769e-14	0.00286824	0.996755	0.000311944
Cell_103	2.0136e-29	3.27755e-08	3.5523e-20	0.983566	0.0164339	1.4498e-07
Cell_104	2.64912e-19	0.0143542	1.46278e-15	0.496213	0.479157	0.0102755
Cell_105	1.89187e-14	1.09587e-13	2.37875e-17	0.209065	0.790935	5.96083e-13
Cell_106	5.1123e-27	1.27011e-06	2.39437e-21	0.910992	0.0890003	6.07289e-06
Cell_107	1.89593e-18	1.08912e-12	1.01039e-20	0.362194	0.637806	1.51707e-12
Cell_108	0.998755	3.73374e-05	0.000286325	0.00017654	0.000559876	0.000184423
Cell_109	3.70742e-20	2.35042e-08	1.48767e-21	0.0575343	0.942466	6.05983e-08
Cell_110	1.18839e-27	1.2712e-11	4.97335e-21	0.156241	0.843759	9.09989e-12
Cell_111	2.02402e-30	4.53951e-12	2.04206e-23	0.568762	0.431238	6.32322e-12
Cell_112	3.85396e-46	2.17118e-09	4.09271e-25	0.461604	0.538396	3.02431e-09
Cell_113	1.3255e-54	6.85527e-13	1.3208e-45	0.119224	0.880776	1.85875e-13
Cell_114	1.19962e-40	8.85906e-07	3.93823e-35	0.390684	0.609311	4.80762e-06
Cell_115	1.25279e-31	1.36773e-08	2.64992e-26	0.01954	0.98046	7.38162e-08
Cell_116	4.34334e-29	1.79973e-06	2.86661e-20	0.232581	0.767417	8.30387e-07
Cell_117	0.999222	4.7358e-05	0.000282439	0.000260184	6.36793e-06	0.000181919
Cell_118	1.05669e-18	4.49884e-05	2.21685e-18	0.0096984	0.990176	8.03027e-05
Cell_119	7.06357e-20	3.31759e-13	4.35427e-16	0.118127	0.881873	4.58946e-14
Cell_120	1.48153e-28	1.26566e-09	2.69357e-21	0.0139648	0.986035	6.15957e-09
Cell_121	2.53343e-16	2.77073e-09	2.56384e-18	0.0131284	0.986872	1.45528e-08
Cell_122	1.10993e-43	7.51432e-08	7.16266e-43	0.201724	0.798275	1.03951e-08
Cell_123	1.91608e-12	0.000207902	3.18107e-15	0.861942	0.137635	0.000214239
Cell_124	8.75004e-24	1.58161e-09	1.64176e-20	0.0291067	0.970893	3.45782e-09
Cell_125	5.37216e-28	1.77504e-09	1.22781e-19	0.48004	0.51996	9.44116e-09
Cell_126	1.44679e-19	0.00191867	2.72169e-15	0.45743	0.533281	0.00737027
Cell_127	9.19583e-17	7.34604e-05	3.53552e-14	0.00609898	0.993429	0.000398349
Cell_128	1.41319e-22	7.28529e-10	2.22329e-20	0.996726	0.00327359	3.2226e-09
Cell_129	3.10613e-26	2.3623e-15	1.68612e-24	0.985672	0.0143277	1.19407e-14
Cell_130	4.93634e-18	5.76123e-07	1.1382e-16	0.984559	0.0154382	2.69684e-06
Cell_131	2.19551e-49	9.59921e-11	1.92958e-29	0.855473	0.144527	1.32793e-11
Cell_132	0.997086	4.27021e-05	0.000282386	0.000233281	0.00217343	0.000181881
Cell_133	1.96579e-23	0.000402594	1.09549e-18	0.907954	0.0894648	0.00217885
Cell_134	5.19219e-21	1.03439e-06	9.41843e-16	0.580326	0.419671	1.84635e-06
Cell_135	0.99916	4.11696e-05	0.000282733	0.000176397	0.000157329	0.000182111
Cell_136	3.93393e-14	0.000290168	2.19959e-12	0.0109887	0.987769	0.000952321
Cell_137	6.93719e-36	3.80078e-09	5.6267e-31	0.308638	0.691362	1.46001e-08
Cell_138	1.88938e-30	5.63189e-13	8.01267e-23	0.949798	0.0502018	3.01882e-12
Cell_139	1.83732e-13	1.63724e-08	9.79151e-16	0.0415827	0.958417	5.37336e-08
Cell_140	0.9988	7.25221e-05	0.000290157	0.000518019	0.000132318	0.000186976
Cell_141	8.21028e-18	0.042783	2.5411e-15	0.663917	0.287382	0.0059185
Cell_142	1.17448e-21	3.61544e-10	1.69627e-15	0.355619	0.644381	1.87066e-09
Cell_143	2.72413e-33	5.1011e-11	2.86644e-24	0.176549	0.823451	2.77087e-10
Cell_144	4.66734e-23	5.86863e-05	1.26235e-16	0.0310219	0.968877	4.20107e-05
Cell_145	9.52195e-17	0.0829021	1.25189e-12	0.68194	0.0871805	0.147977
Cell_146	6.54484e-22	0.0732396	1.55761e-13	0.637606	0.00781573	0.281339
Cell_147	3.7869e-25	4.05479e-12	1.05477e-19	0.948584	0.0514156	2.11003e-11
Cell_148	0.999269	3.51734e-05	0.000282536	0.000181659	4.94327e-05	0.00018199
Cell_149	1.49025e-05	0.00145967	1.14431e-05	0.0110594	0.987059	0.000395777
Cell_150	1.51882e-23	7.40943e-12	3.85213e-22	0.072012	0.927988	3.38077e-11
Cell_151	1.17005e-29	3.536e-13	2.33753e-25	0.00268066	0.997319	2.53125e-13
Cell_152	1.46359e-16	2.1799e-09	4.30653e-20	0.0017823	0.998218	1.02042e-08
Cell_153	1.18077e-26	4.54179e-11	1.33716e-21	0.948638	0.0513622	1.4906e-10
Cell_154	1.06523e-25	4.50045e-05	7.9764e-17	0.115358	0.884392	0.000205346
Cell_155	2.48582e-06	8.28917e-09	1.32475e-08	0.381367	0.618631	8.54183e-09
Cell_156	7.2884e-08	0.253974	3.17201e-07	0.0355448	0.675347	0.0351341
Cell_157	1.7751e-22	9.00943e-15	9.45992e-25	0.736895	0.263105	3.46084e-14
Cell_158	0.999116	3.39709e-05	0.000283393	0.000299308	8.4712e-05	0.000182594
Cell_159	7.04068e-21	3.12963e-05	7.11987e-19	0.651876	0.348084	8.48572e-06
Cell_160	8.33179e-17	0.475972	2.337e-12	0.397741	0.0604428	0.0658447
Cell_161	1.71213e-20	0.024959	1.30981e-14	0.0347087	0.933565	0.00676741
Cell_162	2.00613e-24	1.823e-06	4.49702e-21	0.0235015	0.976489	8.06392e-06
Cell_163	2.98986e-21	0.708822	4.80483e-13	0.191224	0.00189723	0.0980566
Cell_164	1.96933e-35	1.45779e-07	6.42956e-19	0.0922636	0.907736	6.20917e-07
Cell_165	1.77207e-19	5.3444e-09	1.25889e-18	0.604117	0.395883	2.894e-08
Cell_166	6.57778e-25	0.999585	2.95797e-16	0.000191609	1.6764e-07	0.000223268
Cell_167	8.16043e-20	1.73807e-08	1.329e-12	0.982269	0.0177305	6.22306e-08
Cell_168	1.34882e-07	0.00146937	5.41239e-09	0.689139	0.308993	0.000398408
Cell_169	6.69799e-17	2.64834e-05	4.46184e-14	0.999093	0.000746883	0.000133865
Cell_170	6.28702e-50	4.36436e-16	6.76606e-29	0.259655	0.740345	9.54161e-16
Cell_171	7.35618e-43	0.00758368	2.91728e-37	0.100164	0.891203	0.00104911
Cell_172	7.45001e-28	1.60194e-10	4.17374e-22	0.68316	0.31684	6.15362e-10
Cell_173	2.75612e-20	0.000129007	4.30749e-16	0.0643252	0.934843	0.00070324
Cell_174	1.26942e-14	0.00376571	1.0958e-14	0.0296894	0.966024	0.000520939
Cell_175	3.59595e-19	6.89931e-09	1.91637e-21	0.963496	0.0365043	3.22958e-08
Cell_176	1.80546e-28	3.68033e-15	1.9983e-22	0.338658	0.661342	1.41374e-14
Cell_177	1.35891e-12	0.000884005	6.49195e-13	0.0137061	0.985002	0.000407875
Cell_178	9.54235e-22	1.79745e-11	7.9459e-22	0.293305	0.706695	8.20138e-11
Cell_179	1.09902e-24	3.80741e-11	5.85693e-27	0.0286693	0.971331	1.36322e-10
Cell_180	6.17314e-35	5.49441e-16	2.90394e-26	0.986339	0.0136612	1.96725e-15
Cell_181	6.41506e-21	1.35558e-06	4.22314e-19	0.930604	0.069388	6.77987e-06
Cell_182	2.39367e-29	5.30968e-10	6.34256e-23	0.456326	0.543674	2.86037e-09
Cell_183	1.76457e-17	3.19814e-05	1.56162e-14	0.00280326	0.996992	0.000173084
Cell_184	1.31855e-32	4.27933e-08	4.31718e-22	0.872917	0.127083	2.33475e-07
Cell_185	1.23111e-23	0.000359869	4.64937e-16	0.553682	0.445792	0.000166042
Cell_186	5.3757e-23	6.36099e-05	1.33802e-16	0.00518131	0.994408	0.000346785
Cell_187	2.26737e-25	6.4192e-11	1.20257e-25	0.227909	0.772091	3.49733e-10
Cell_188	5.92883e-20	9.29989e-08	9.31915e-20	0.77199	0.22801	3.57241e-07
Cell_189	1.53735e-16	9.88281e-10	8.19292e-19	0.604495	0.395505	4.50932e-09
Cell_190	1.36754e-18	4.39963e-10	7.28792e-21	0.62949	0.37051	1.44394e-09
Cell_191	1.20741e-31	3.38642e-13	8.46374e-26	0.00577636	0.994224	9.97796e-13
Cell_192	4.89543e-16	0.0521886	1.02392e-08	0.662848	0.00174673	0.283216
Cell_193	7.22274e-17	2.48835e-08	3.84917e-19	0.569978	0.430022	9.5586e-08
Cell_194	2.4544e-27	1.12543e-07	2.55497e-22	0.996644	0.00335552	5.47712e-07
Cell_195	0.998688	6.92112e-05	0.000282387	0.00057928	1.73268e-05	0.00036352
Cell_196	1.46473e-28	0.00013523	1.14871e-19	0.0436583	0.95611	9.68045e-05
Cell_197	3.46206e-16	4.39508e-05	1.16091e-13	0.641144	0.358767	4.52904e-05
Cell_198	7.04751e-12	0.999152	1.18535e-10	0.000123771	0.000694245	3.0452e-05
Cell_199	2.7601e-26	1	3.81362e-20	7.42295e-08	1.69172e-10	4.44196e-08
Cell_200	4.39306e-23	7.61757e-13	2.34117e-25	0.982161	0.0178389	3.98375e-12
Cell_201	0.999298	4.48756e-05	0.00028332	0.00018788	3.60107e-06	0.000182489
Cell_202	3.00952e-24	3.01323e-07	1.49976e-17	0.729219	0.270781	1.39029e-07
Cell_203	0.999265	5.56897e-05	0.000283762	0.000203976	8.64343e-06	0.000182772
Cell_204	5.46352e-13	0.108558	2.91164e-15	0.578797	0.118872	0.193773
Cell_205	9.57851e-15	3.34629e-08	1.50886e-09	0.104179	0.895821	3.44828e-08
Cell_206	6.43884e-26	1.15668e-11	3.30381e-23	0.0551886	0.944811	3.13624e-12
Cell_207	9.31234e-14	0.000992103	1.31784e-15	0.0224358	0.974014	0.00255783
Cell_208	5.77321e-27	5.78027e-10	1.41082e-21	0.0201807	0.979819	2.70575e-09
Cell_209	1.03801e-24	0.999881	1.47298e-15	4.33649e-05	6.27141e-05	1.26084e-05
Cell_210	9.43114e-37	8.30982e-30	2.87385e-37	0.648227	0.351773	4.44703e-29
Cell_211	3.52934e-30	2.61847e-12	2.50805e-28	0.719241	0.280759	1.40129e-11
Cell_212	8.74476e-13	6.3163e-05	5.74079e-15	0.0047593	0.994921	0.000256856
Cell_213	1.30599e-30	2.91784e-08	9.30923e-19	0.998332	0.00166748	2.08874e-08
Cell_214	5.5278e-28	1.08587e-12	1.25465e-25	0.989719	0.0102812	4.41575e-12
Cell_215	3.89581e-20	0.000970133	5.29852e-16	0.00660391	0.987266	0.00515999
Cell_216	1.27804e-27	2.14718e-08	4.57663e-25	0.0603294	0.939671	5.53584e-08
Cell_217	2.00495e-17	2.64625e-06	5.66925e-21	0.834014	0.165983	3.66076e-07
Cell_218	0.997688	0.00131477	0.000282372	0.000252011	0.000280999	0.000181883
Cell_219	1.13756e-31	1.268e-15	9.3588e-26	0.962464	0.0375361	6.89946e-15
Cell_220	1.61617e-20	0.000131893	1.9004e-14	0.0187587	0.980443	0.000666677
Cell_221	6.591e-40	1.9959e-11	9.18071e-23	0.898339	0.101661	1.06159e-10
Cell_222	3.18802e-24	4.03174e-06	1.49346e-19	0.90677	0.0932203	5.61594e-06
Cell_223	1.3624e-37	8.24308e-16	1.79794e-26	0.0457137	0.954286	2.12523e-15
Cell_224	2.74009e-11	6.09231e-05	7.34104e-14	0.126693	0.873202	4.36119e-05
Cell_225	7.19122e-25	5.03499e-12	1.26008e-24	0.791095	0.208905	2.70279e-11
Cell_226	0.999107	8.39746e-05	0.00028491	0.000320902	1.91635e-05	0.00018359
Cell_227	4.33719e-21	8.32576e-09	5.78904e-18	0.687488	0.312512	4.35411e-08
Cell_228	7.9363e-14	1.26482e-06	4.22944e-16	0.854237	0.145759	3.26096e-06
Cell_229	1.27883e-32	9.51111e-24	3.65642e-30	0.807469	0.192531	4.92114e-23
Cell_230	3.03223e-18	4.96436e-10	9.87426e-19	0.332077	0.667923	2.66487e-09
Cell_231	5.67713e-23	9.33256e-05	1.53546e-16	0.0450411	0.954468	0.000397502
Cell_232	8.76956e-32	7.39066e-16	8.83062e-24	0.986628	0.0133719	3.92086e-15
Cell_233	0.992997	0.00066741	0.000280904	0.00372902	0.00214424	0.000180963
Cell_234	9.66653e-10	1.27481e-12	2.7368e-13	0.343873	0.656127	1.76353e-13
Cell_235	4.48848e-22	3.29524e-07	2.50766e-18	0.0220814	0.977918	7.20424e-07
Cell_236	4.01642e-27	1.57877e-08	7.1975e-18	0.21173	0.78827	5.18147e-08
Cell_237	7.0331e-21	0.00265238	1.03414e-15	0.236704	0.748911	0.0117326
Cell_238	4.77553e-23	1.63884e-06	4.83636e-17	0.0431622	0.956833	2.92528e-06
Cell_239	0.000196104	0.0778388	1.04508e-06	0.250193	0.661003	0.010768
Cell_240	2.03641e-15	2.04452e-06	1.08525e-17	0.516581	0.483416	5.54354e-07
Cell_241	6.89621e-32	5.39435e-10	1.43207e-23	0.0329331	0.967067	1.46263e-10
Cell_242	8.84539e-26	1.39294e-14	4.71392e-28	0.0388395	0.961161	7.55343e-14
Cell_243	7.36765e-38	2.80106e-10	4.50482e-30	0.991706	0.00829358	1.23903e-09
Cell_244	5.27905e-18	2.59947e-08	1.52428e-18	0.135298	0.864702	1.41368e-07
Cell_245	1.15245e-17	0.00133175	3.55332e-14	0.0115866	0.981966	0.00511572
Cell_246	1.26244e-40	2.75199e-13	6.86953e-35	0.0120869	0.987913	4.91221e-13
Cell_247	5.93142e-12	1.85249e-05	2.42176e-14	0.00929135	0.990608	8.19435e-05
Cell_248	2.54784e-21	3.61293e-09	1.00098e-08	0.996675	0.00332479	6.44896e-09
Cell_249	1.83646e-34	7.47642e-13	5.91546e-26	0.499141	0.500859	2.45374e-12
Cell_250	0.999273	4.2713e-05	0.000282437	0.000196268	2.32717e-05	0.000181928
Cell_251	9.15021e-21	7.27999e-10	4.0013e-21	0.0344332	0.965567	1.01405e-09
Cell_252	1.24852e-16	1.69913e-07	6.65364e-19	0.141709	0.85829	3.03289e-07
Cell_253	7.40109e-10	0.00324207	3.94422e-12	0.100119	0.889551	0.007088
Cell_254	6.72572e-26	1.28982e-10	6.47264e-19	0.136539	0.863461	6.03765e-10
Cell_255	1.05224e-19	5.43628e-10	5.60762e-22	0.24412	0.75588	1.40158e-09
Cell_256	1.99338e-10	0.289016	1.16713e-07	0.409472	0.0946198	0.206892
Cell_257	1.41709e-24	2.31135e-07	4.14881e-18	0.98647	0.0135287	7.58576e-07
Cell_258	3.59704e-21	2.90338e-10	1.2092e-24	0.0295629	0.970437	1.56407e-09
Cell_259	7.674e-23	2.86697e-11	1.55522e-24	0.992633	0.0073666	1.30814e-10
Cell_260	2.69187e-11	8.68478e-08	1.43456e-13	0.0431741	0.956826	2.2391e-07
Cell_261	0.0515657	0.6104	1.46229e-05	0.201898	0.0516802	0.0844412
Cell_262	7.95893e-36	8.44275e-09	1.67568e-28	0.515584	0.484416	4.03679e-08
Cell_263	2.09754e-23	4.5144e-15	1.11783e-25	0.830116	0.169884	2.45147e-14
Cell_264	1.46974e-22	0.00828456	1.91069e-14	0.0526131	0.924315	0.0147877
Cell_265	3.47449e-24	2.63785e-11	2.62602e-19	0.0620743	0.937926	1.40303e-10
Cell_266	2.60713e-10	1.94053e-12	1.3894e-12	0.891807	0.108193	8.95351e-13
Cell_267	0.999393	3.99021e-05	0.000282637	9.45295e-05	8.12065e-06	0.000182065
Cell_268	1.93045e-37	9.52712e-07	1.17322e-17	0.491633	0.508365	1.70056e-06
Cell_269	2.12361e-50	9.30726e-14	5.34586e-37	0.0883587	0.911641	6.66261e-14
Cell_270	2.85539e-26	3.01971e-14	6.98521e-27	0.00681391	0.993186	1.33575e-13
Cell_271	2.74914e-13	1.96314e-10	3.18452e-11	0.719318	0.280682	5.06135e-10
Cell_272	1.19401e-14	0.0880719	1.24512e-08	0.0991756	0.772117	0.0406359
Cell_273	4.52021e-33	3.88595e-14	1.71939e-25	0.923269	0.0767309	2.11658e-13
Cell_274	1.7416e-30	1	1.57044e-25	5.02203e-15	6.42263e-16	2.50604e-15
Cell_275	2.52706e-11	0.00636826	5.67241e-09	0.323552	0.663518	0.00656236
Cell_276	0.999053	0.000131656	0.000284685	0.000311933	3.57033e-05	0.000183388
Cell_277	1.33601e-20	3.91688e-07	1.44624e-19	0.0270764	0.972922	1.15409e-06
Cell_278	0.019819	2.61924e-05	5.61697e-06	0.40242	0.577726	3.6234e-06
Cell_279	1.22489e-52	1.43463e-15	2.17989e-26	0.985868	0.0141324	6.34597e-15
Cell_280	4.87235e-25	0.998712	8.80846e-15	0.000812911	9.86636e-05	0.000376164
Cell_281	5.83321e-21	5.42516e-05	4.00266e-14	0.00693324	0.992765	0.000247539
Cell_282	4.12724e-27	1.51669e-09	1.60484e-21	0.244464	0.755536	7.89254e-09
Cell_283	4.0292e-30	6.44238e-08	4.19332e-22	0.0880856	0.911914	2.97248e-08
Cell_284	3.67325e-27	2.29992e-08	2.20023e-21	0.00991597	0.990084	1.16254e-07
Cell_285	1.8447e-44	3.33639e-15	5.01411e-26	0.37978	0.62022	1.66869e-14
Cell_286	1.26885e-20	1.18884e-06	2.58051e-20	0.0988838	0.90111	5.42445e-06
Cell_287	3.94402e-33	4.10561e-12	1.60941e-26	0.764795	0.235205	4.23074e-12
Cell_288	0.999063	7.05617e-05	0.000282421	0.000401156	7.90884e-07	0.000181922
Cell_289	0.999022	3.39658e-05	0.000282446	0.000478207	1.06043e-06	0.000182064
Cell_290	2.2304e-23	1.17593e-16	1.18863e-25	0.898878	0.101122	3.85935e-16
Cell_291	1.01915e-23	7.71604e-08	1.67687e-21	0.472976	0.527024	1.98934e-07
Cell_292	4.93849e-24	3.20092e-07	2.41951e-17	0.993984	0.00601452	1.22958e-06
Cell_293	7.84802e-34	1.99003e-12	1.27657e-25	0.999314	0.000686059	1.0059e-11
Cell_294	9.08174e-24	0.999999	1.19207e-17	4.60084e-07	1.11975e-09	2.29129e-07
Cell_295	2.6214e-26	3.41895e-11	6.14275e-25	0.0394687	0.960531	1.45623e-10
Cell_296	5.41708e-12	7.27607e-07	2.008e-06	0.889636	0.11036	1.29875e-06
Cell_297	2.38611e-40	8.55358e-08	3.91111e-19	0.752536	0.247464	1.18328e-08
Cell_298	1.47929e-29	3.46441e-11	2.6422e-21	0.923695	0.0763045	1.85064e-10
Cell_299	1.80051e-31	2.16564e-14	5.68951e-22	0.970952	0.0290479	1.16404e-13
Cell_300	7.76139e-34	2.32121e-10	7.0809e-25	0.247112	0.752888	1.071e-10
Cell_301	6.31619e-25	0.999997	2.59846e-13	2.41699e-06	3.79982e-11	8.44535e-07
Cell_302	4.06175e-15	0.000491578	2.65571e-18	0.0249839	0.972764	0.00176007
Cell_303	3.50518e-35	3.40204e-14	1.98467e-25	0.62229	0.37771	1.56968e-14
Cell_304	1.69982e-31	1.90341e-08	9.469e-22	0.89443	0.10557	1.02883e-07
Cell_305	3.70705e-46	2.00745e-13	4.48741e-24	0.0759975	0.924003	1.43703e-13
Cell_306	5.96847e-14	2.38616e-05	3.18074e-16	0.872982	0.126991	3.30095e-06
Cell_307	1.27246e-19	0.402297	1.0207e-14	0.411904	0.000181937	0.185618
Cell_308	1.0657e-30	3.58957e-12	1.99947e-24	0.654031	0.345969	1.86794e-11
Cell_309	2.9273e-26	1.31858e-10	1.38898e-18	0.336745	0.663255	6.59483e-10
Cell_310	1.84036e-13	1.9641e-09	8.25443e-10	0.735161	0.264839	5.32548e-10
Cell_311	1.39004e-24	1.10136e-08	2.90024e-19	0.0321694	0.967831	1.53412e-08
Cell_312	4.63984e-20	1.13587e-07	1.08726e-18	0.0183911	0.981609	2.02748e-07
Cell_313	7.83545e-20	0.983978	4.1757e-22	0.0111978	6.24263e-05	0.00476229
Cell_314	1.07263e-16	2.45466e-13	2.01793e-12	0.944081	0.0559188	1.31939e-12
Cell_315	4.54764e-33	9.39544e-11	1.03936e-24	0.0249437	0.975056	2.54749e-11
Cell_316	2.74881e-20	0.97126	1.4649e-22	0.0112476	0.0174888	3.16282e-06
Cell_317	4.13477e-45	0.0122205	4.20309e-16	0.275909	0.703122	0.00874807
Cell_318	2.01096e-19	6.63781e-08	2.16347e-14	0.0870596	0.91294	3.10717e-07
Cell_319	4.84419e-18	2.13397e-08	1.69697e-18	0.481287	0.518713	9.84604e-09
Cell_320	4.70731e-29	6.52342e-05	3.84139e-17	0.00984537	0.989897	0.00019221
Cell_321	1.057e-20	0.0312587	3.24475e-13	0.211797	0.688604	0.0683395
Cell_322	1.58594e-61	3.29794e-17	1.98378e-53	0.985194	0.0148058	1.18081e-16
Cell_323	1.60446e-21	2.32443e-07	1.06587e-17	0.699459	0.30054	8.92895e-07
Cell_324	5.62664e-13	0.0881919	3.07958e-15	0.498995	0.0104121	0.402401
Cell_325	9.4291e-17	4.99166e-11	5.02499e-19	0.500081	0.499919	2.46556e-10
Cell_326	1.53408e-40	1.19818e-34	8.17546e-43	0.856657	0.143343	6.51477e-34
Cell_327	3.8903e-22	1	5.25751e-18	1.59871e-07	4.72747e-11	8.98478e-08
Cell_328	7.57269e-28	1.91992e-11	2.42871e-24	0.532585	0.467415	8.98721e-11
Cell_329	1.25928e-18	1.18972e-14	6.711e-21	0.121139	0.878861	6.45143e-14
Cell_330	2.2791e-14	6.61732e-06	6.85176e-18	0.0485216	0.951467	4.73702e-06
Cell_331	0.998747	0.000176537	0.000282426	0.000272415	0.000339671	0.000181918
Cell_332	2.7526e-17	4.52828e-07	1.46693e-19	0.456962	0.543035	2.16514e-06
Cell_333	1.15967e-25	3.00129e-14	6.18017e-28	0.983246	0.0167537	1.50108e-13
Cell_334	5.31888e-13	2.87952e-06	3.68242e-15	0.835271	0.16471	1.56976e-05
Cell_335	4.15666e-19	5.00008e-05	4.33677e-20	0.0966988	0.90298	0.000271436
Cell_336	1.18055e-29	1.41041e-12	2.96898e-25	0.149389	0.850611	6.50755e-13
Cell_337	3.7931e-21	0.000200306	1.0203e-11	0.0690957	0.929641	0.00106265
Cell_338	7.90332e-20	2.56964e-06	3.42296e-19	0.99595	0.00404592	1.83948e-06
Cell_339	3.34848e-36	3.55285e-15	1.89727e-23	0.975471	0.0245286	1.89788e-14
Cell_340	4.35065e-32	1.584e-08	2.89851e-19	0.852332	0.147668	5.19862e-08
Cell_341	0.997255	3.56663e-05	0.000282433	0.000200003	0.00204519	0.000181914
Cell_342	4.7671e-31	4.0783e-11	2.25313e-23	0.734739	0.265261	1.80401e-10
Cell_343	5.92285e-27	1	7.63871e-25	2.81589e-11	5.31377e-14	4.66617e-11
Cell_344	9.12548e-31	1.96141e-12	1.31983e-26	0.374476	0.625524	1.04563e-11
Cell_345	2.6825e-29	6.65981e-10	1.06119e-18	0.882582	0.117418	3.48287e-09
Cell_346	7.17091e-50	4.65603e-12	3.60868e-24	0.983181	0.0168191	1.37188e-11
Cell_347	1.58169e-27	1.80473e-06	1.20378e-18	0.122882	0.877114	1.85974e-06
Cell_348	1.93292e-53	0.134475	4.57657e-32	0.840358	0.00656343	0.0186029
Cell_349	2.73432e-32	1.16348e-13	4.5719e-23	0.744749	0.255251	2.99968e-13
Cell_350	7.06187e-23	4.08406e-14	3.76344e-25	0.997535	0.00246495	1.46228e-13
Cell_351	1.41697e-22	0.000411815	7.28159e-16	0.0865913	0.911935	0.00106174
Cell_352	9.37001e-10	0.18166	4.9935e-12	0.416733	0.21441	0.187197
Cell_353	1.90062e-19	1.00279e-05	1.11639e-16	0.0297994	0.970158	3.29114e-05
Cell_354	2.3651e-18	8.25614e-09	7.45992e-17	0.254683	0.745317	8.50779e-09
Cell_355	8.11684e-19	7.18215e-07	4.32566e-21	0.657073	0.342924	2.11619e-06
Cell_356	1.64604e-28	3.00004e-09	1.87631e-20	0.0548045	0.945196	8.8395e-09
Cell_357	9.25365e-22	1.3534e-10	1.84405e-19	0.984492	0.015508	5.50365e-10
Cell_358	4.01e-34	1.22446e-12	2.9932e-25	0.986374	0.0136262	1.70559e-12
Cell_359	1.54828e-29	1.64759e-09	1.59253e-25	0.0106321	0.989368	8.94414e-09
Cell_360	2.94191e-27	7.79213e-05	2.12868e-27	0.00205449	0.997551	0.000316871
Cell_361	2.04812e-22	0.999926	8.91349e-17	3.22898e-05	4.04773e-07	4.17519e-05
Cell_362	4.70334e-20	6.84771e-09	1.72546e-14	0.809548	0.190452	9.53838e-09
Cell_363	1.50962e-24	1.44291e-11	4.07554e-18	0.772122	0.227878	6.14579e-11
Cell_364	9.32039e-18	0.000530097	9.43228e-20	0.035998	0.963092	0.00037947
Cell_365	2.69481e-22	3.03168e-08	6.775e-16	0.0576733	0.942326	1.57762e-07
Cell_366	1.17304e-30	3.83898e-09	2.64097e-22	0.414947	0.585053	1.83556e-08
Cell_367	1.48213e-16	7.60415e-10	4.19921e-20	0.987069	0.0129307	3.46962e-09
Cell_368	1.30159e-25	1.70604e-09	2.85619e-18	0.239977	0.760023	5.59917e-09
Cell_369	8.50902e-21	0.0499473	1.22298e-11	0.0176973	0.925446	0.00690958
Cell_370	5.00205e-23	2.83774e-13	2.66571e-25	0.995718	0.00428217	7.6943e-14
Cell_371	0.999316	4.73559e-05	0.000282429	0.000170128	1.75091e-06	0.00018191
Cell_372	2.8947e-25	2.85659e-07	8.93098e-20	0.352997	0.647003	1.31802e-07
Cell_373	2.47539e-28	2.07589e-05	6.16504e-21	0.792138	0.207728	0.000113206
Cell_374	7.64249e-12	0.00691107	0.0569098	0.515818	0.383697	0.0366643
Cell_375	2.56233e-27	1.83816e-12	9.96338e-22	0.276404	0.723596	9.83699e-12
Cell_376	7.49701e-21	4.4191e-10	9.00233e-16	0.53591	0.46409	6.11326e-11
Cell_377	2.31796e-20	2.00804e-07	7.13072e-15	0.185229	0.814771	4.39009e-07
Cell_378	4.60538e-19	0.648352	6.85423e-13	0.234107	0.0278497	0.0896913
Cell_379	3.06759e-23	8.97289e-11	1.63479e-25	0.940681	0.059319	4.8955e-10
Cell_380	3.87333e-13	3.50447e-06	5.60406e-06	0.883301	0.116686	3.61129e-06
Cell_381	1.23738e-25	7.51669e-09	1.25129e-23	0.0224209	0.977579	4.08513e-08
Cell_382	0.999154	5.09244e-05	0.000282548	0.000329855	1.79296e-07	0.000182332
Cell_383	2.00741e-27	2.80006e-13	1.0698e-29	0.996868	0.00313242	1.00255e-12
Cell_384	3.38087e-33	1.27662e-12	6.94874e-25	0.627507	0.372493	9.1387e-13
Cell_385	5.19521e-52	3.0089e-10	3.62519e-44	0.0599144	0.940086	1.50489e-09
Cell_386	3.11023e-34	4.36322e-10	1.68619e-28	0.0353816	0.964618	6.03597e-11
Cell_387	4.95498e-19	0.000181086	3.41841e-15	0.971249	0.0285205	4.90998e-05
Cell_388	1.09037e-28	2.51644e-11	5.44894e-28	0.86177	0.13823	1.33501e-10
Cell_389	4.45557e-12	3.33283e-08	2.50172e-11	0.98528	0.0147202	1.5207e-07
Cell_390	4.50253e-30	0.00815904	7.26916e-15	0.343445	0.6044	0.0439957
Cell_391	0.998931	7.05449e-05	0.000282358	0.000503802	3.03593e-05	0.000181878
Cell_392	9.81388e-23	1.72563e-12	5.23005e-25	0.0724739	0.927526	9.30508e-12
Cell_393	7.21016e-28	1	9.07794e-21	1.15239e-08	1.43079e-11	1.06293e-08
Cell_394	1.30102e-24	2.22753e-06	1.31759e-18	0.425685	0.574301	1.18479e-05
Cell_395	1.40121e-12	0.00424792	7.46739e-15	0.979642	0.0149585	0.00115179
Cell_396	3.74534e-24	2.09313e-11	9.1128e-19	0.295348	0.704652	8.04045e-11
Cell_397	1.46561e-32	6.52326e-10	2.43483e-22	0.00824524	0.991755	4.66969e-10
Cell_398	7.71668e-27	0.000361368	3.58679e-20	0.0431693	0.955405	0.00106475
Cell_399	9.47388e-33	1.3947e-13	1.94011e-26	0.428795	0.571205	1.43721e-13
Cell_400	6.65264e-14	6.31822e-10	1.35297e-13	0.884035	0.115965	8.80084e-10
Cell_401	0.977856	0.000101692	0.000281806	0.00011749	0.0214619	0.000181517
Cell_402	6.47102e-32	0.473219	3.25944e-12	0.413784	0.0475329	0.0654639
Cell_403	2.8863e-18	0.00289798	1.01451e-14	0.0798318	0.916869	0.0004009
Cell_404	2.61678e-32	7.44191e-13	5.00595e-24	0.975166	0.0248339	4.05861e-12
Cell_405	8.46021e-20	0.000546682	1.18947e-15	0.0704872	0.928205	0.00076149
Cell_406	4.73059e-31	1.58795e-08	1.48594e-20	0.201953	0.798047	7.72807e-08
Cell_407	1.80195e-25	7.73086e-10	7.7359e-22	0.116951	0.883049	2.09616e-10
Cell_408	5.37827e-24	5.55101e-16	3.53074e-26	0.461025	0.538975	1.50511e-16
Cell_409	8.12817e-14	8.71778e-10	4.33169e-16	0.996078	0.00392238	4.63686e-09
Cell_410	2.05377e-29	4.49961e-05	5.2246e-19	0.00329377	0.996655	6.22464e-06
Cell_411	6.6652e-27	2.01894e-08	4.75461e-18	0.184193	0.815807	7.75544e-08
Cell_412	4.8323e-23	0.00350595	1.93904e-24	0.0513277	0.943549	0.00161762
Cell_413	0.999014	3.98393e-05	0.000300338	0.000451616	1.24986e-07	0.000193885
Cell_414	3.2053e-23	0.119435	6.13948e-17	0.791873	0.00319523	0.0854974
Cell_415	2.69674e-35	2.29427e-13	1.58045e-24	0.980152	0.0198484	1.25119e-12
Cell_416	0.998363	3.34316e-05	0.000282331	0.000235107	0.000904316	0.000181846
Cell_417	7.20447e-36	0.03795	1.66394e-20	0.236972	0.725001	7.74919e-05
Cell_418	0.999167	3.36338e-05	0.000282421	0.000312377	2.22776e-05	0.000181917
Cell_419	2.23091e-48	3.58799e-14	2.08976e-40	0.384029	0.615971	1.05719e-13
Cell_420	2.70145e-15	7.55614e-06	2.24949e-15	0.00686863	0.993088	3.53704e-05
Cell_421	1.54925e-38	1	8.25632e-41	1.2454e-08	2.07567e-10	3.02252e-09
Cell_422	1.52496e-19	5.77359e-09	4.39476e-23	0.0344221	0.965578	1.89487e-08
Cell_423	2.49067e-15	0.00131377	1.32734e-17	0.0101249	0.985689	0.00287224
Cell_424	6.8429e-16	1.02843e-08	3.64674e-18	0.512448	0.487552	1.4227e-09
Cell_425	1.69695e-25	5.49056e-09	8.08552e-18	0.881725	0.118275	2.77531e-08
Cell_426	2.83392e-22	5.54359e-09	1.51026e-24	0.923695	0.0763045	2.12949e-08
Cell_427	4.7769e-34	1.2495e-06	3.47287e-23	0.25194	0.748058	1.72852e-07
Cell_428	1.24151e-12	2.39007e-05	3.70082e-16	0.620977	0.378902	9.71936e-05
Cell_429	2.63203e-18	3.18313e-07	1.09401e-16	0.0338481	0.96615	1.70347e-06
Cell_430	9.19794e-11	0.325493	2.66385e-14	0.616028	0.0134517	0.0450278
Cell_431	1.37015e-21	7.86574e-12	7.30184e-24	0.048314	0.951686	4.16074e-11
Cell_432	1.08137e-26	1	9.33761e-20	8.51697e-09	2.26393e-11	7.3829e-09
Cell_433	1.12818e-10	9.39029e-14	3.19741e-14	0.0325326	0.967467	9.67651e-14
Cell_434	1.14219e-14	0.0993975	0.00117928	0.229707	0.642765	0.0269508
Cell_435	0.998911	3.54065e-05	0.000282544	0.000368776	0.000220353	0.000181987
Cell_436	5.54654e-30	1.47571e-09	2.00809e-21	0.0507058	0.949294	3.80467e-09
Cell_437	1.40946e-21	1.27906e-12	6.18878e-18	0.0159158	0.984084	6.71806e-12
Cell_438	1.28822e-27	1.32493e-15	6.86524e-30	0.673061	0.326939	6.92897e-15
Cell_439	1.40325e-31	8.99041e-12	3.57912e-23	0.699085	0.300915	4.89997e-11
Cell_440	7.08562e-28	5.25633e-11	7.69273e-22	0.802707	0.197293	1.14917e-10
Cell_441	1.52471e-25	1.71651e-09	6.60298e-20	0.957238	0.0427616	3.75274e-09
Cell_442	6.54082e-08	0.365277	3.48576e-10	0.442866	0.0233199	0.168537
Cell_443	0.999012	0.000102118	0.000282931	0.000344405	7.65775e-05	0.000182277
Cell_444	5.17132e-29	6.0732e-14	2.75592e-31	0.989513	0.0104871	3.28268e-13
Cell_445	4.49116e-21	2.10991e-12	2.39345e-23	0.0368378	0.963162	9.33303e-12
Cell_446	4.94266e-16	5.16486e-06	2.63406e-18	0.160904	0.83909	7.14493e-07
Cell_447	9.90507e-34	1.79949e-13	1.2196e-28	0.0628293	0.937171	8.88837e-13
Cell_448	4.75264e-14	2.99913e-11	1.35063e-17	0.187226	0.812774	1.5812e-10
Cell_449	1.49137e-13	0.00610205	6.54841e-10	0.107363	0.882167	0.00436816
Cell_450	1.51353e-12	3.38139e-10	8.06597e-15	0.924554	0.0754459	1.61677e-09
Cell_451	3.80989e-05	0.425058	2.03038e-07	0.379631	0.136471	0.0588015
Cell_452	8.09565e-24	2.62471e-11	4.53705e-17	0.993224	0.00677576	1.41531e-10
Cell_453	0.824465	4.63538e-05	0.000389956	0.00159087	0.173256	0.00025146
Cell_454	4.60339e-39	3.11793e-12	4.80863e-26	0.239057	0.760943	1.4908e-11
Cell_455	2.99608e-16	0.00894475	8.20889e-13	0.936089	0.0319048	0.0230613
Cell_456	2.98154e-37	1.36745e-09	6.63598e-26	0.483982	0.516018	1.40913e-09
Cell_457	0.998598	0.000670569	0.00028228	0.000266722	2.72444e-07	0.000181819
Cell_458	5.48151e-30	6.10275e-11	2.46854e-23	0.210071	0.789929	2.69951e-10
Cell_459	1.60754e-35	3.10702e-14	5.02978e-37	0.995252	0.00474841	3.20172e-14
Cell_460	4.00052e-35	1.17461e-13	1.81305e-31	0.982188	0.0178119	6.36375e-13
Cell_461	1.32322e-15	0.972246	3.32777e-11	0.0164252	0.000807841	0.0105208
Cell_462	1.44267e-14	1.50617e-05	7.68833e-17	0.656796	0.343178	1.0782e-05
Cell_463	4.40806e-30	2.02212e-07	2.55743e-22	0.235179	0.764821	2.79734e-08
Cell_464	1.33719e-30	6.38373e-22	7.12622e-33	0.0492946	0.950705	2.09512e-21
Cell_465	3.78323e-30	1.68579e-16	4.16482e-28	0.19822	0.80178	9.15953e-16
Cell_466	6.1533e-31	1.12519e-09	5.78606e-26	0.476971	0.523029	6.09604e-09
Cell_467	8.06471e-45	1.06454e-24	1.10881e-34	0.680533	0.319467	4.70893e-24
Cell_468	2.78005e-25	6.27454e-06	2.71802e-17	0.00379773	0.996165	3.13819e-05
Cell_469	1.13749e-17	1.20057e-08	6.06197e-20	0.258307	0.741693	3.94024e-08
Cell_470	4.27086e-22	7.91766e-09	8.87739e-16	0.0264991	0.973501	4.17435e-08
Cell_471	1.14569e-38	1.80958e-10	6.94407e-28	0.0616409	0.938359	9.8085e-10
Cell_472	6.82355e-26	0.018548	1.02535e-14	0.0242011	0.943973	0.0132776
Cell_473	0.999334	3.53982e-05	0.000282468	0.00015704	9.43769e-06	0.000181944
Cell_474	2.21154e-14	0.000373882	2.61369e-14	0.0241214	0.974403	0.00110163
Cell_475	1.432e-10	6.41762e-05	4.14462e-12	0.00592969	0.993841	0.000165459
Cell_476	1.86098e-19	4.0336e-05	2.94359e-13	0.0252749	0.974475	0.0002099
Cell_477	8.69717e-24	3.11432e-19	1.22753e-20	0.431947	0.568053	2.22939e-19
Cell_478	9.06289e-38	9.41807e-14	2.02403e-29	0.803968	0.196032	2.42816e-13
Cell_479	9.46508e-34	3.00033e-07	3.11836e-25	0.028391	0.971608	2.14779e-07
Cell_480	1.3664e-32	1	1.04224e-24	3.2396e-11	1.04505e-11	2.05419e-11
Cell_481	1.41844e-20	8.58468e-11	7.5592e-23	0.918974	0.0810256	3.91701e-10
Cell_482	1.26864e-07	5.78594e-07	4.49215e-06	0.373904	0.626088	2.89382e-06
Cell_483	4.59427e-16	0.99998	1.2996e-19	1.47705e-05	2.25162e-08	4.70764e-06
Cell_484	2.8788e-23	0.00257289	7.65958e-24	0.251397	0.740405	0.00562499
Cell_485	2.82789e-36	9.1896e-08	3.03105e-25	0.994641	0.0053583	3.29029e-07
Cell_486	0.999192	3.6837e-05	0.00028242	0.000304199	2.7608e-06	0.000181951
Cell_487	7.2446e-26	7.92586e-09	1.44733e-21	0.0132893	0.986711	4.19255e-08
Cell_488	4.76705e-33	4.4879e-10	1.10414e-21	0.642638	0.357362	1.72396e-09
Cell_489	3.85339e-20	2.18975e-11	1.23727e-18	0.169835	0.830165	1.15448e-10
Cell_490	5.37283e-11	0.000169342	1.6566e-07	0.041752	0.958	7.81333e-05
Cell_491	1.75363e-19	0.00212985	6.16389e-16	0.00411764	0.989951	0.00380171
Cell_492	2.36864e-23	2.28281e-10	2.07346e-18	0.381683	0.618317	1.00978e-09
Cell_493	3.98553e-22	4.24865e-11	1.2797e-20	0.806398	0.193602	1.15198e-11
Cell_494	2.322e-27	7.23404e-10	3.07406e-24	0.981296	0.0187043	3.0812e-09
Cell_495	4.8706e-28	1.65244e-09	8.69953e-20	0.0918928	0.908107	1.7028e-09
Cell_496	5.73525e-19	0.999452	1.20408e-15	0.000194148	0.000278117	7.58015e-05
Cell_497	2.10224e-12	2.35061e-07	3.6563e-12	0.630009	0.36999	1.26495e-06
Cell_498	1.34855e-19	7.18617e-05	1.10571e-12	0.00642414	0.993135	0.000369363
Cell_499	3.77342e-31	1.831e-11	8.22693e-20	0.934082	0.0659175	6.55579e-11
Cell_500	2.25008e-29	3.7846e-11	1.19912e-31	0.0141353	0.985865	3.89996e-11
Cell_501	4.66994e-23	1.02908e-11	8.28896e-21	0.391498	0.608502	4.92041e-11
Cell_502	4.40074e-22	2.94402e-11	8.52662e-21	0.952866	0.047134	1.53201e-10
Cell_503	8.24572e-34	2.02827e-13	1.51782e-20	0.96113	0.0388699	2.82524e-13
Cell_504	1.38692e-21	1.29424e-07	6.93807e-17	0.726243	0.273756	4.63395e-07
Cell_505	8.76788e-25	2.33077e-05	5.39157e-18	0.28988	0.709977	0.0001198
Cell_506	1.82292e-36	0.000146246	5.16333e-40	0.00331763	0.995941	0.000594717
Cell_507	9.38278e-24	3.21401e-13	5.0003e-26	0.30906	0.69094	1.68083e-12
Cell_508	1.54206e-22	3.77992e-10	1.29683e-20	0.00779644	0.992204	2.05921e-09
Cell_509	1.19187e-38	5.94954e-12	1.87959e-25	0.995517	0.00448323	2.1302e-11
Cell_510	0.0250424	0.00258682	0.00877262	0.0748155	0.883127	0.00565546
Cell_511	4.92434e-05	4.55093e-05	2.68066e-08	0.0965074	0.903351	4.68964e-05
Cell_512	1.19862e-31	4.3673e-11	3.71333e-24	0.996311	0.003689	1.56369e-10
Cell_513	1.55035e-22	8.85036e-07	2.3235e-16	0.0568382	0.943159	1.57976e-06
Cell_514	0.978471	3.30616e-05	0.000277026	0.000277761	0.0207631	0.000178433
Cell_515	1.02544e-61	2.49141e-17	4.60767e-28	0.911658	0.0883419	1.06117e-16
Cell_516	6.10261e-19	0.0036526	3.26955e-19	0.194867	0.796393	0.00508781
Cell_517	1.05405e-17	0.0198212	5.61729e-20	0.87435	0.0110558	0.0947728
Cell_518	8.84952e-26	1.39386e-06	7.74671e-21	0.0269694	0.973022	6.78346e-06
Cell_519	0.999323	3.35905e-05	0.000282797	0.000171131	7.34592e-06	0.000182149
Cell_520	3.06819e-28	5.89865e-10	1.00316e-21	0.214798	0.785202	6.07844e-10
Cell_521	1.37983e-11	0.000496395	7.26223e-14	0.0072832	0.989552	0.00266814
Cell_522	1.55282e-09	5.266e-08	5.36739e-10	0.0560275	0.943972	2.51787e-07
Cell_523	2.916e-24	0.0264778	5.58362e-17	0.158429	0.778211	0.0368817
Cell_524	0.989608	5.07783e-05	0.000282201	0.000902712	0.00897429	0.000181809
Cell_525	4.17834e-27	2.01716e-14	2.44247e-22	0.987917	0.0120827	1.08551e-13
Cell_526	1.78632e-22	3.68421e-14	9.5197e-25	0.989591	0.0104089	1.4982e-13
Cell_527	1.72356e-31	7.50834e-08	5.71749e-24	0.0630849	0.936915	5.37486e-08
Cell_528	0.999223	3.34457e-05	0.000282768	0.000278398	4.2644e-07	0.000182132
Cell_529	9.13858e-16	0.035228	2.76819e-15	0.844223	0.0576688	0.0628807
Cell_530	2.60377e-21	0.745726	3.00303e-13	0.143773	0.00733988	0.103162
Cell_531	3.41225e-09	0.00159545	9.66917e-13	0.029559	0.960143	0.00870286
Cell_532	9.84082e-32	2.57056e-10	1.69808e-27	0.0243497	0.97565	1.28566e-09
Cell_533	3.83296e-15	3.5595e-07	2.67266e-11	0.989502	0.0104955	1.89757e-06
Cell_534	2.27426e-20	6.15397e-11	1.21201e-22	0.14578	0.85422	3.26478e-10
Cell_535	1.30174e-31	9.79852e-16	7.91993e-27	0.891749	0.108251	2.65678e-16
