cell	Node 0	Node 1	Node 2	Node 3	Node 4	Node 5
Cell_0	3.08794e-12	0.00610255	0.0308387	0.00447344	0.856175	0.10241
Cell_1	2.1802e-22	0.00171129	0.509474	0.00329106	0.112091	0.373433
Cell_2	1.56661e-36	0.00641123	0.0802132	0.000660321	0.0550105	0.857705
Cell_3	0.999214	4.60314e-05	0.000221328	5.21614e-05	0.000233753	0.000233012
Cell_4	4.26256e-23	0.000498403	0.117777	5.26875e-05	0.00682164	0.87485
Cell_5	0.996328	4.75174e-05	0.000200454	3.48324e-05	0.000195092	0.00319375
Cell_6	2.79556e-23	0.0133425	0.00360338	0.00327006	0.974289	0.00549524
Cell_7	0.998023	4.10529e-05	0.000862321	4.32807e-06	0.000143912	0.000925144
Cell_8	3.21295e-14	0.000241201	0.0249983	2.48659e-05	0.00105505	0.973681
Cell_9	6.46441e-25	0.208014	0.084693	0.0214029	0.666251	0.0196389
Cell_10	0.99745	7.28495e-05	0.000392241	7.48388e-06	0.000522868	0.00155432
Cell_11	0.997739	4.09499e-05	9.51642e-06	0.00210235	0.000106529	2.07636e-06
Cell_12	0.998896	4.07246e-05	1.41403e-06	4.82504e-06	0.0010566	1.66547e-07
Cell_13	1.19777e-07	0.0466648	0.00919343	0.0897433	0.793532	0.0608665
Cell_14	0.99965	4.27866e-05	1.48834e-06	0.000161278	0.000136274	7.76007e-06
Cell_15	8.08768e-05	0.00261619	0.227771	0.000995158	0.0636874	0.704849
Cell_16	1.95798e-37	0.0424636	0.572964	0.160061	0.171871	0.0526405
Cell_17	9.30946e-14	0.00301694	0.0819775	0.0113719	0.819302	0.0843316
Cell_18	1.7679e-10	0.000345142	0.0652266	0.00130097	0.00366932	0.929458
Cell_19	2.27247e-15	0.0571447	0.0107646	0.00636426	0.859489	0.0662373
Cell_20	2.09239e-37	0.00178342	0.540978	0.000254551	0.0250201	0.431964
Cell_21	2.4575e-10	0.0138231	0.107481	0.00145733	0.837389	0.0398496
Cell_22	0.999605	4.17305e-05	8.1717e-05	4.4406e-06	0.000204199	6.25029e-05
Cell_23	3.32543e-14	0.000692585	0.036755	0.000263448	0.00163592	0.960653
Cell_24	2.53991e-24	0.00118073	0.0287345	0.000137143	0.00294279	0.967005
Cell_25	7.12858e-21	0.0180268	0.151605	0.0132145	0.395033	0.42212
Cell_26	2.17006e-15	0.00381516	0.177815	0.0143807	0.0958652	0.708124
Cell_27	2.44666e-30	0.0213521	0.0114364	0.00220667	0.947208	0.0177965
Cell_28	1.45622e-16	5.86583e-05	5.31971e-06	0.999574	0.000354351	7.42557e-06
Cell_29	2.832e-32	0.000243838	2.97548e-07	3.15684e-05	0.999724	7.40534e-07
Cell_30	1.11985e-33	0.0645973	0.0541134	0.006634	0.365392	0.509263
Cell_31	3.59721e-25	0.0190885	0.319256	0.00212591	0.111056	0.548474
Cell_32	4.52436e-23	0.00822012	0.0143185	0.00117327	0.94104	0.0352481
Cell_33	4.24381e-36	0.00734354	0.0904765	0.00121738	0.0585152	0.842447
Cell_34	4.28892e-41	0.0276169	0.162075	0.0202444	0.512046	0.278018
Cell_35	1.24682e-49	0.000173645	0.0183979	0.000196769	0.0398029	0.941429
Cell_36	2.02325e-26	0.00304359	0.0825817	0.0034489	0.671622	0.239304
Cell_37	1.27414e-16	0.00134124	0.247081	0.000246513	0.0477289	0.703602
Cell_38	4.61961e-33	0.0022949	0.806684	0.0026005	0.162711	0.0257096
Cell_39	1.13143e-31	0.0223989	0.0338948	0.00231157	0.760956	0.180439
Cell_40	2.20574e-24	0.000915387	0.0399902	0.000273237	0.0305421	0.928279
Cell_41	8.04234e-33	0.01209	0.175778	0.00156523	0.0881877	0.722379
Cell_42	2.27224e-44	0.238083	0.0681855	0.0288925	0.60128	0.0635585
Cell_43	4.14184e-26	0.00346673	0.269699	0.00666702	0.0293222	0.690845
Cell_44	4.8339e-25	0.0250927	0.225298	0.0284342	0.109958	0.611217
Cell_45	1.08406e-07	0.00262843	0.118842	0.000340289	0.015188	0.863002
Cell_46	5.56345e-19	5.74942e-05	0.000235346	0.990372	0.00924793	8.74396e-05
Cell_47	7.07319e-20	0.00120945	0.170925	0.000460055	0.0110071	0.816399
Cell_48	7.48275e-25	0.000893182	0.278616	0.000654743	0.690074	0.0297617
Cell_49	4.28156e-40	0.0307128	0.112979	0.0032302	0.171794	0.681285
Cell_50	1.17263e-23	0.00118339	0.323543	0.000353234	0.0198023	0.655118
Cell_51	2.75808e-36	0.0124269	0.00108018	0.00135895	0.981574	0.00356019
Cell_52	8.42811e-30	0.0337212	0.126313	0.00346634	0.24398	0.592519
Cell_53	4.79713e-38	0.011854	0.0226341	0.141209	0.817426	0.00687747
Cell_54	1.10484e-24	0.0829699	0.014572	0.312744	0.586628	0.00308642
Cell_55	2.63147e-17	0.00844048	0.36425	0.00321062	0.331998	0.292101
Cell_56	1.42175e-16	0.00232361	0.323439	0.316652	0.0269993	0.330586
Cell_57	1.93839e-34	0.0226876	0.030782	0.0023811	0.796894	0.147255
Cell_58	1.41272e-18	0.00607144	0.039166	0.00126877	0.944536	0.00895797
Cell_59	7.70426e-12	0.0025123	0.173608	0.000339774	0.0148623	0.808678
Cell_60	3.89551e-19	0.000905536	0.357002	0.000270296	0.0110211	0.630801
Cell_61	1.63565e-19	0.00686192	0.869362	0.0131965	0.0794406	0.0311394
Cell_62	2.47337e-36	0.02768	0.0573553	0.0313661	0.56785	0.315748
Cell_63	3.49426e-13	0.0360552	0.371335	0.00450476	0.336395	0.25171
Cell_64	2.49342e-27	0.052085	0.0230002	0.00794733	0.849201	0.067767
Cell_65	4.57652e-14	0.00272402	0.183563	0.00523869	0.317762	0.490712
Cell_66	1.64973e-24	0.00739521	0.132897	0.00220742	0.312118	0.545382
Cell_67	5.80807e-19	9.29573e-05	0.0595354	6.81419e-05	0.00271935	0.937584
Cell_68	6.27677e-13	0.00707016	0.0973534	0.000821206	0.0480623	0.846693
Cell_69	6.58914e-39	0.0646023	0.00597387	0.00685033	0.896983	0.0255908
Cell_70	1.02148e-31	0.043436	0.00159689	0.00619971	0.948232	0.000535245
Cell_71	2.80298e-15	0.00212093	0.611806	0.000443216	0.0187047	0.366926
Cell_72	8.78276e-14	0.000154524	0.0612832	2.56164e-05	0.00452396	0.934013
Cell_73	1.03829e-14	0.000983245	0.212682	0.00453142	0.0157292	0.766074
Cell_74	5.31915e-22	0.014613	0.757507	0.0281029	0.129682	0.0700952
Cell_75	0.991143	5.4999e-05	0.00639523	5.93473e-06	0.000482889	0.00191754
Cell_76	4.23941e-42	0.00308164	0.43523	0.000385021	0.0180071	0.543296
Cell_77	5.53528e-27	0.0265579	0.00246912	0.00290426	0.959801	0.0082677
Cell_78	1.67515e-22	0.0345565	0.201735	0.00846933	0.139758	0.615482
Cell_79	3.96519e-08	0.00892428	0.295807	0.0101127	0.0335071	0.651649
Cell_80	2.93908e-10	0.0138127	0.0773522	0.00253872	0.57571	0.330587
Cell_81	2.26708e-15	0.0482544	8.99571e-06	0.00495782	0.946776	2.51299e-06
Cell_82	1.87039e-25	0.00228874	0.307232	0.000285957	0.00930837	0.680885
Cell_83	3.49937e-29	0.00853898	0.0758027	0.00141556	0.540268	0.373974
Cell_84	3.44187e-29	0.0867749	0.00689444	0.00892399	0.860564	0.0368426
Cell_85	2.41012e-15	0.000385954	0.0044998	0.897477	0.0922953	0.00534232
Cell_86	3.55705e-31	0.00166778	0.248151	0.000853119	0.00934981	0.739979
Cell_87	1.08276e-09	0.0123846	0.713177	0.00369674	0.0771738	0.193568
Cell_88	5.30614e-05	0.0512007	0.0929677	0.0984665	0.421173	0.336139
Cell_89	3.94234e-27	0.089728	0.0429817	0.00922132	0.732547	0.125522
Cell_90	2.98864e-19	0.000906978	0.0343514	0.000222288	0.00276245	0.961757
Cell_91	4.08799e-20	0.0573675	0.0191005	0.0650071	0.846612	0.0119127
Cell_92	4.38635e-08	0.00174434	0.218127	0.00197663	0.0214792	0.756673
Cell_93	4.73331e-23	0.000211516	0.00849786	0.000406776	0.233871	0.757013
Cell_94	1.89395e-25	0.0443167	0.027853	0.167046	0.634497	0.126288
Cell_95	2.51901e-45	0.0491151	0.00409579	0.00510995	0.914167	0.0275118
Cell_96	0.999747	4.07764e-05	3.64069e-05	4.21594e-06	0.000160804	1.07534e-05
Cell_97	0.974518	4.42587e-05	0.00198538	4.65489e-06	8.16214e-05	0.0233661
Cell_98	1.84366e-31	0.0379289	0.0676101	0.00397321	0.512321	0.378167
Cell_99	5.041e-32	0.0229836	0.082313	0.0032805	0.678971	0.212452
Cell_100	2.22028e-07	0.00081656	0.0153148	0.000598575	0.338502	0.644768
Cell_101	2.41198e-24	0.00441845	0.207087	0.00131888	0.0717318	0.715444
Cell_102	1.30843e-19	8.32701e-05	0.0115035	9.67189e-06	0.00166115	0.986742
Cell_103	1.26017e-29	0.00965348	0.00316365	0.00120611	0.979597	0.00637951
Cell_104	3.0806e-19	0.0543617	0.383492	0.0398496	0.11814	0.404156
Cell_105	2.9249e-14	0.00530658	0.110412	0.000546638	0.0920313	0.791704
Cell_106	1.17589e-26	0.0651154	0.0547796	0.0075632	0.742815	0.129727
Cell_107	4.20775e-19	0.00107344	0.024142	0.000408318	0.881431	0.0929452
Cell_108	0.998513	4.12917e-05	0.000145205	4.6526e-06	0.000170849	0.00112514
Cell_109	3.49551e-20	0.00254376	0.3381	0.000531577	0.0349262	0.623899
Cell_110	1.66612e-27	0.00166905	0.103229	0.00122349	0.248513	0.645366
Cell_111	1.71788e-31	0.00114876	0.00689073	0.000436969	0.96766	0.0238637
Cell_112	6.59052e-46	0.0165587	0.141377	0.00629866	0.313043	0.522724
Cell_113	1.59049e-54	0.00169368	0.0136183	0.00325719	0.344244	0.637187
Cell_114	2.16064e-40	0.038792	0.0649196	0.0040046	0.184253	0.70803
Cell_115	1.65234e-31	0.0010996	0.109721	0.000114095	0.0089603	0.880105
Cell_116	5.20913e-29	0.00287135	0.31504	0.00325372	0.0512836	0.627551
Cell_117	0.999751	4.07623e-05	2.87679e-05	5.81808e-06	0.000161028	1.30073e-05
Cell_118	1.39499e-18	0.000164007	0.0616235	4.8955e-05	0.00266152	0.935502
Cell_119	6.94953e-20	0.00339809	0.35161	0.0128086	0.0266865	0.605497
Cell_120	2.06694e-28	0.000552441	0.0752179	6.31146e-05	0.00522953	0.918937
Cell_121	3.52103e-16	0.000900503	0.0622402	9.58237e-05	0.00353741	0.933226
Cell_122	9.36499e-44	0.00396596	0.318031	0.0149491	0.192263	0.470791
Cell_123	9.79615e-13	0.024309	0.358439	0.0124347	0.552486	0.0523312
Cell_124	1.25461e-23	0.00216347	0.066082	0.000530238	0.0103446	0.92088
Cell_125	7.62315e-28	0.0156214	0.102594	0.00164297	0.401028	0.479113
Cell_126	1.58402e-19	0.0122138	0.250765	0.0017433	0.300529	0.434749
Cell_127	1.19416e-16	0.000800285	0.0390872	8.26739e-05	0.00294501	0.957085
Cell_128	1.60325e-23	0.00456174	9.07768e-05	0.000569946	0.994553	0.000224716
Cell_129	3.16519e-27	0.00160642	0.000354522	0.000177153	0.996956	0.000905926
Cell_130	1.26978e-18	0.00426816	0.951774	0.000505689	0.0402078	0.00324406
Cell_131	3.31062e-49	0.0221666	0.0753942	0.083554	0.676219	0.142666
Cell_132	0.994752	4.0661e-05	0.000664952	5.26416e-06	0.000185741	0.00435149
Cell_133	6.76744e-23	0.0812827	0.093411	0.00841222	0.615717	0.201178
Cell_134	5.12656e-21	0.0153156	0.13621	0.00457161	0.565971	0.277932
Cell_135	0.999472	4.08176e-05	6.18625e-05	5.09977e-06	0.000108749	0.000311878
Cell_136	4.27341e-14	0.000902526	0.0936353	0.000149617	0.00287959	0.902433
Cell_137	9.50759e-36	0.00438107	0.287325	0.000625319	0.0697133	0.637956
Cell_138	3.85519e-31	0.00424297	0.00219121	0.000443055	0.986581	0.00654145
Cell_139	2.2036e-13	0.00144353	0.191729	0.000239303	0.00714823	0.79944
Cell_140	0.999172	5.13679e-05	0.000239457	1.07345e-05	0.000325043	0.000201272
Cell_141	9.4424e-18	0.0105304	0.264098	0.0396929	0.439419	0.24626
Cell_142	1.51952e-21	0.0123341	0.0801906	0.00133093	0.363206	0.542939
Cell_143	3.38934e-33	0.00505377	0.100989	0.000521257	0.218535	0.6749
Cell_144	5.54248e-23	0.00172634	0.207679	0.00126549	0.00535962	0.78397
Cell_145	3.47999e-18	0.00121192	0.000244058	0.000361749	0.992521	0.00566104
Cell_146	6.71482e-22	0.0673881	0.490383	0.00961844	0.416016	0.0165942
Cell_147	6.33637e-25	0.022043	0.00790838	0.00236595	0.914489	0.0531933
Cell_148	0.999658	4.08042e-05	7.86546e-05	4.40303e-06	0.000117556	0.000100803
Cell_149	1.51013e-05	0.000236953	0.0826406	0.000455696	0.00910121	0.90755
Cell_150	2.16561e-23	0.00208262	0.0868714	0.000252736	0.0382873	0.872506
Cell_151	1.72739e-29	6.09818e-05	0.0261265	4.47024e-05	0.0010259	0.972742
Cell_152	2.19122e-16	9.37548e-05	0.017842	1.1108e-05	0.000564719	0.981488
Cell_153	8.86098e-27	0.0244996	0.0334011	0.00406145	0.912435	0.0256025
Cell_154	1.27979e-25	0.00223204	0.148072	0.000270867	0.128159	0.721266
Cell_155	3.19032e-06	0.00495704	0.212868	0.00253567	0.248475	0.531161
Cell_156	4.42694e-08	0.00482344	0.130169	0.0181813	0.0137277	0.833099
Cell_157	2.74733e-22	0.0139177	0.0536228	0.00198651	0.676566	0.253907
Cell_158	0.99931	4.09225e-05	1.83957e-05	4.26224e-06	0.000464677	0.000161591
Cell_159	1.19021e-20	0.0559772	0.0851014	0.107652	0.367052	0.384217
Cell_160	7.41125e-17	0.0132738	0.0413162	0.0500338	0.792643	0.102733
Cell_161	5.78703e-21	0.000527416	0.137812	0.0010143	0.239755	0.620891
Cell_162	2.73997e-24	0.000538434	0.0909576	6.72723e-05	0.00756479	0.900872
Cell_163	6.82841e-22	0.00502046	0.00441062	0.018924	0.970758	0.000887297
Cell_164	1.31351e-35	0.00164869	0.541741	0.000213448	0.0228412	0.433555
Cell_165	4.37861e-19	0.0659098	0.0494258	0.00681773	0.269632	0.608215
Cell_166	5.54775e-24	0.000421697	1.7879e-06	0.98059	0.018984	2.58679e-06
Cell_167	7.7598e-20	0.0157166	0.00244414	0.0023981	0.969147	0.0102945
Cell_168	1.25219e-07	0.0103332	0.608371	0.0198722	0.156325	0.205099
Cell_169	2.45816e-16	0.179084	0.000288408	0.0197489	0.799255	0.00162354
Cell_170	3.97e-50	0.00879797	0.0413612	0.00215626	0.688875	0.25881
Cell_171	4.82188e-43	0.00106388	0.00324445	0.00401015	0.611767	0.379914
Cell_172	4.01981e-28	0.00831583	0.0545796	0.00118693	0.823436	0.112482
Cell_173	3.54721e-20	0.00140024	0.0907268	0.00014395	0.0258147	0.881914
Cell_174	1.35264e-14	0.000858756	0.203411	0.00323696	0.00752425	0.784969
Cell_175	3.7658e-19	0.00993118	0.00539891	0.00117664	0.95998	0.0235129
Cell_176	2.06515e-28	0.00497603	0.194647	0.000710239	0.293198	0.506469
Cell_177	1.57987e-12	0.000413701	0.0775249	0.000468793	0.00407489	0.917518
Cell_178	1.60229e-21	0.0175705	0.076939	0.00213225	0.150466	0.752892
Cell_179	1.5683e-24	0.00128877	0.0753343	0.000196646	0.0101318	0.913049
Cell_180	2.31389e-35	0.00480607	0.00117661	0.000733329	0.990115	0.003169
Cell_181	7.98721e-21	0.0490686	0.572617	0.00546482	0.309127	0.0637232
Cell_182	2.94202e-29	0.0153072	0.0797503	0.001591	0.46972	0.433632
Cell_183	2.16481e-17	0.000185253	0.0216914	1.91725e-05	0.00182334	0.976281
Cell_184	3.98102e-32	0.0766071	0.00728739	0.00786924	0.682603	0.225633
Cell_185	7.19661e-24	0.00980604	0.115727	0.0111119	0.687199	0.176157
Cell_186	5.81518e-23	0.000204364	0.0257956	2.10074e-05	0.00217044	0.971809
Cell_187	3.91243e-25	0.00669116	0.0590506	0.000688225	0.0771341	0.856436
Cell_188	3.52734e-20	0.021835	0.778237	0.00311655	0.097064	0.0997472
Cell_189	1.39453e-16	0.0159279	0.0739112	0.00193292	0.673718	0.23451
Cell_190	7.83666e-19	0.0061643	0.480552	0.00102189	0.363414	0.148848
Cell_191	1.7884e-31	0.00014512	0.0258343	2.66724e-05	0.0212544	0.95274
Cell_192	4.30479e-17	0.00557722	0.000344962	0.00057575	0.99321	0.000292445
Cell_193	3.51956e-17	0.0039176	0.0320552	0.000559167	0.82823	0.135238
Cell_194	6.73924e-28	0.00516607	0.000192217	0.000590207	0.993492	0.000559558
Cell_195	0.998683	8.16086e-05	0.000651212	8.68407e-06	0.000537488	3.81851e-05
Cell_196	2.06989e-28	0.00382186	0.0698526	0.0028016	0.0256154	0.897909
Cell_197	5.49471e-16	0.0724526	0.208106	0.0370616	0.300152	0.382227
Cell_198	2.29284e-11	5.85345e-05	0.000342668	0.997465	0.000108526	0.00202497
Cell_199	2.37282e-25	8.55264e-08	8.6091e-09	0.999988	1.23659e-05	2.8567e-09
Cell_200	8.34459e-23	0.104892	0.0325631	0.0112066	0.828855	0.0224838
Cell_201	0.999638	4.09538e-05	5.21439e-05	5.53878e-06	0.000256117	7.56578e-06
Cell_202	6.50808e-25	0.00348167	0.0197133	0.00394532	0.934188	0.038672
Cell_203	0.999722	4.1217e-05	2.59365e-05	6.8328e-06	0.000186952	1.74563e-05
Cell_204	2.38204e-13	0.0190953	0.012283	0.00569983	0.868479	0.0944431
Cell_205	1.25502e-14	0.00457107	0.142909	0.00233823	0.0733406	0.776841
Cell_206	1.11487e-25	0.00118935	0.00665702	0.00228729	0.0260994	0.963767
Cell_207	5.90512e-14	0.000476278	0.138343	9.95293e-05	0.00948559	0.851596
Cell_208	7.80427e-27	0.000487624	0.0536319	5.77735e-05	0.0752227	0.8706
Cell_209	8.6055e-24	2.34499e-05	0.000225382	0.966807	0.031902	0.00104254
Cell_210	1.41882e-36	0.00831082	0.0432032	0.000869129	0.693301	0.254316
Cell_211	4.66934e-30	0.0409735	0.0558374	0.00428493	0.659423	0.239481
Cell_212	1.15471e-12	0.000524713	0.0456458	7.09645e-05	0.00156194	0.952197
Cell_213	1.09313e-30	0.0159466	0.00887179	0.0116896	0.962545	0.000946662
Cell_214	1.35996e-29	0.000402411	3.10564e-05	5.44239e-05	0.999361	0.000150909
Cell_215	1.89637e-20	0.000563043	0.0316301	5.92178e-05	0.00174647	0.966001
Cell_216	1.41579e-27	0.00620437	0.249657	0.00129654	0.0359975	0.706845
Cell_217	1.29426e-17	0.00803645	0.00351151	0.0302923	0.894499	0.0636608
Cell_218	0.998911	4.25149e-05	0.000204614	0.000160254	0.000152243	0.000529785
Cell_219	2.96779e-31	0.0683986	0.0162708	0.00704359	0.847625	0.0606622
Cell_220	2.26032e-20	0.00144247	0.0270373	0.000159072	0.00607119	0.96529
Cell_221	7.31642e-40	0.0147932	0.0122302	0.00155587	0.901595	0.0698261
Cell_222	2.34356e-24	0.0147267	0.0062878	0.00560181	0.931503	0.041881
Cell_223	2.3874e-37	0.00161019	0.0663093	0.000336487	0.0883042	0.84344
Cell_224	2.54838e-11	0.00344318	0.287169	0.00252401	0.139391	0.567473
Cell_225	1.36827e-24	0.0703879	0.395865	0.00734007	0.250572	0.275836
Cell_226	0.998331	4.12028e-05	0.000101577	1.00982e-05	0.00147607	3.96376e-05
Cell_227	4.07942e-21	0.0145592	0.0466619	0.0015555	0.746403	0.190821
Cell_228	2.34259e-14	0.00887658	0.010567	0.00185497	0.95079	0.0279115
Cell_229	3.87345e-32	0.0303004	0.0713388	0.0032696	0.585504	0.309587
Cell_230	4.46891e-18	0.0134183	0.259604	0.00139926	0.0796562	0.645922
Cell_231	6.66225e-23	0.000721673	0.15956	9.34312e-05	0.0131802	0.826445
Cell_232	6.40275e-32	0.0169248	0.00233405	0.00178432	0.972935	0.00602231
Cell_233	0.99679	0.00028103	0.000236397	0.000540462	0.000602515	0.00154941
Cell_234	3.75925e-11	0.000136527	0.00848331	0.000514619	0.974311	0.0165544
Cell_235	5.94417e-22	0.000769888	0.106676	0.000188689	0.00746597	0.8849
Cell_236	5.9664e-27	0.0079075	0.155859	0.00131088	0.0682182	0.766705
Cell_237	2.34244e-21	0.00175202	0.703994	0.000218898	0.0199238	0.274111
Cell_238	6.24999e-23	0.00197579	0.147242	0.000589761	0.034954	0.815238
Cell_239	0.000151364	0.00268288	0.221883	0.0101128	0.114083	0.651088
Cell_240	3.55318e-15	0.0134203	0.101558	0.0258092	0.323257	0.535956
Cell_241	6.47308e-32	0.000196958	0.280497	0.000378779	0.0913976	0.62753
Cell_242	1.31152e-25	0.00134528	0.0534442	0.000138975	0.0117836	0.933288
Cell_243	2.49097e-38	0.00790047	0.000294606	0.00098709	0.989141	0.00167668
Cell_244	7.6834e-18	0.00765782	0.112786	0.000788982	0.034498	0.844269
Cell_245	6.94659e-18	0.000846841	0.0878643	0.000120871	0.0044741	0.906694
Cell_246	1.67028e-40	0.000148723	0.104352	4.43928e-05	0.00820505	0.88725
Cell_247	7.43582e-12	0.000158925	0.0824983	1.98562e-05	0.00329619	0.914027
Cell_248	3.07288e-21	0.0323774	0.0073997	0.00966445	0.947962	0.00259656
Cell_249	2.59132e-34	0.0174827	0.139868	0.00289821	0.379091	0.46066
Cell_250	0.999761	4.0976e-05	3.52132e-05	5.30495e-06	0.000111764	4.59071e-05
Cell_251	1.0365e-20	0.000975513	0.238583	0.00037107	0.0106812	0.749389
Cell_252	1.24675e-16	0.0067838	0.32773	0.00202492	0.0582198	0.605241
Cell_253	1.06415e-09	0.0157667	0.0344646	0.0038642	0.0362503	0.909654
Cell_254	8.20041e-26	0.00284874	0.245191	0.000337517	0.0368534	0.714769
Cell_255	1.32781e-19	0.0164348	0.268985	0.00343443	0.0704784	0.640667
Cell_256	8.20472e-11	0.0191522	0.418293	0.0140394	0.46486	0.0836553
Cell_257	4.1187e-24	0.0593848	0.0144857	0.00984458	0.891323	0.0249615
Cell_258	4.76536e-21	0.00123716	0.111352	0.000128588	0.011762	0.87552
Cell_259	6.61016e-23	0.0226847	0.00415338	0.00275289	0.966389	0.0040198
Cell_260	1.97169e-11	0.00110794	0.00373726	0.000231529	0.569566	0.425357
Cell_261	0.0497467	0.0191861	0.6513	0.0723194	0.108934	0.0985139
Cell_262	1.39246e-35	0.0225726	0.196657	0.00262183	0.22716	0.550988
Cell_263	3.13245e-23	0.0182467	0.00780235	0.00188251	0.822443	0.149626
Cell_264	9.56784e-23	0.00264373	0.0882671	0.000789135	0.0276873	0.880613
Cell_265	4.95092e-24	0.0027839	0.0927716	0.000292795	0.0238793	0.880272
Cell_266	5.1262e-11	0.00244027	0.00731637	0.00276524	0.973995	0.0134835
Cell_267	0.999798	4.15358e-05	6.55322e-05	5.04056e-06	7.3325e-05	1.69399e-05
Cell_268	1.25794e-37	0.00947687	0.201798	0.00282878	0.556493	0.229403
Cell_269	8.12307e-51	0.000660587	0.00366575	0.00048424	0.799876	0.195314
Cell_270	4.46873e-26	0.00010918	0.0064142	1.3641e-05	0.0369234	0.95654
Cell_271	3.79398e-13	0.0184751	0.046694	0.00386079	0.686167	0.244803
Cell_272	2.38646e-15	0.00182592	0.0702189	0.00206907	0.617549	0.308338
Cell_273	9.38408e-34	0.00319322	0.00106368	0.000328523	0.985747	0.00966796
Cell_274	1.40138e-29	4.5186e-15	2.18356e-14	1	3.32012e-13	1.06982e-14
Cell_275	4.52691e-11	0.0181868	0.0249453	0.00930306	0.12495	0.822615
Cell_276	0.997628	4.10773e-05	8.03298e-05	1.56252e-05	0.00216254	7.26787e-05
Cell_277	1.72576e-20	0.00123492	0.137316	0.000226973	0.00890031	0.852322
Cell_278	0.00829349	0.00377387	0.0126391	0.0142251	0.807658	0.153411
Cell_279	1.3514e-52	0.0184311	0.00479776	0.00230279	0.964756	0.00971183
Cell_280	3.76471e-24	0.000654705	0.00333052	0.908816	0.0856427	0.0015564
Cell_281	7.87926e-21	0.000517286	0.0315457	6.27749e-05	0.00222253	0.965652
Cell_282	6.18831e-27	0.0184611	0.149846	0.0019815	0.0755612	0.75415
Cell_283	4.07017e-30	0.00282383	0.234435	0.00319987	0.126032	0.63351
Cell_284	5.08877e-27	0.000464338	0.0685495	5.12061e-05	0.00342068	0.927514
Cell_285	1.64357e-44	0.0160913	0.104984	0.0017921	0.508918	0.368215
Cell_286	1.79751e-20	0.00636567	0.101985	0.000772502	0.0384933	0.852384
Cell_287	1.72736e-33	0.0064433	0.0145414	0.00329593	0.910656	0.0650629
Cell_288	0.995189	4.06044e-05	8.69712e-06	8.48522e-06	0.00475113	1.59065e-06
Cell_289	0.99885	4.17859e-05	3.35413e-06	4.36333e-06	0.00109854	1.93952e-06
Cell_290	6.18982e-23	0.0575017	0.0520827	0.00953241	0.704474	0.176409
Cell_291	1.23671e-23	0.00898451	0.139519	0.00187752	0.43204	0.417579
Cell_292	1.17591e-23	0.0702421	0.0037133	0.0100258	0.907334	0.00868444
Cell_293	6.79525e-34	0.00839942	0.00216654	0.000926268	0.988126	0.00038215
Cell_294	7.80652e-23	4.41167e-07	4.5277e-08	0.99998	1.97302e-05	1.89516e-08
Cell_295	3.91226e-26	0.000548125	0.0495827	7.09629e-05	0.0132652	0.936533
Cell_296	1.1333e-13	0.000222918	0.015837	6.65395e-05	0.982209	0.00166412
Cell_297	1.72387e-41	0.000726002	0.00906585	0.00273657	0.975489	0.0119826
Cell_298	2.99196e-29	0.0660764	0.13606	0.00692176	0.688164	0.102777
Cell_299	3.2682e-31	0.0343564	0.00665966	0.00357836	0.923444	0.0319614
Cell_300	7.47659e-34	0.00328898	0.0884472	0.00372697	0.428539	0.475998
Cell_301	5.42752e-24	1.62548e-06	2.20611e-09	0.999614	0.000384177	6.01182e-10
Cell_302	5.28401e-15	0.00354233	0.0589805	0.000540502	0.0104588	0.926478
Cell_303	5.16581e-36	0.00131091	0.00663392	0.00148548	0.955486	0.0350833
Cell_304	2.03085e-31	0.0267493	0.121997	0.00277162	0.763191	0.0852907
Cell_305	4.07893e-46	0.0008797	0.0666288	0.00064486	0.259889	0.671958
Cell_306	4.66912e-14	0.0651697	0.188613	0.245649	0.431462	0.0691062
Cell_307	1.05013e-20	0.00344154	0.000206307	0.00389984	0.992422	3.01396e-05
Cell_308	1.73447e-30	0.0293187	0.03466	0.00314688	0.580285	0.352589
Cell_309	4.62925e-26	0.0122757	0.164537	0.00136716	0.140723	0.681097
Cell_310	2.15309e-14	0.00141796	0.00400689	0.00272695	0.97227	0.0195781
Cell_311	2.32811e-24	0.00136379	0.00693853	0.000518763	0.019181	0.971998
Cell_312	6.57045e-20	0.000534476	0.0670822	0.000159537	0.00618602	0.926038
Cell_313	6.24362e-19	0.00850383	0.00259627	0.912606	0.0753164	0.000977644
Cell_314	6.33885e-17	0.0194536	0.00621681	0.00202617	0.951001	0.0213029
Cell_315	6.9715e-33	0.00068272	0.0422239	0.00131297	0.00947394	0.946306
Cell_316	4.39611e-22	6.26794e-06	5.11826e-05	0.999666	9.08954e-05	0.00018564
Cell_317	5.7881e-46	0.000285901	0.568213	0.000209578	0.233882	0.19741
Cell_318	2.58143e-19	0.00602928	0.166923	0.000714346	0.0212647	0.805069
Cell_319	6.00892e-18	0.0213944	0.344839	0.0242434	0.168267	0.441256
Cell_320	6.64841e-29	0.000419981	0.0180813	7.71906e-05	0.0145963	0.966825
Cell_321	7.75451e-21	0.0121176	0.0610191	0.00296986	0.0701397	0.853754
Cell_322	1.85945e-61	0.0251745	0.00192669	0.00384122	0.958654	0.0104038
Cell_323	3.15592e-21	0.0524822	0.0401414	0.00749089	0.529805	0.37008
Cell_324	9.99891e-14	0.0160194	0.0366957	0.00194403	0.941391	0.00395031
Cell_325	1.66875e-16	0.0330559	0.111382	0.00372462	0.270247	0.581591
Cell_326	1.39126e-40	0.00580356	0.000871685	0.000598051	0.938876	0.0538504
Cell_327	3.34495e-21	1.72995e-07	6.96333e-09	0.999991	8.90745e-06	8.16755e-10
Cell_328	1.50236e-27	0.0273676	0.129156	0.0032425	0.245514	0.594719
Cell_329	1.94971e-18	0.00320408	0.0809249	0.000331	0.0376838	0.877856
Cell_330	3.07308e-14	0.00180781	0.121889	0.0013252	0.0150764	0.859902
Cell_331	0.997309	4.10588e-05	0.00122931	2.10027e-05	0.000684296	0.000715575
Cell_332	2.06689e-17	0.00304145	0.00165853	0.000353267	0.764524	0.230423
Cell_333	2.10205e-25	0.0440739	0.35105	0.00490855	0.578125	0.0218426
Cell_334	7.33018e-13	0.0538449	0.490705	0.00553521	0.283322	0.166593
Cell_335	5.5981e-19	0.0126501	0.139319	0.00130549	0.0352695	0.811456
Cell_336	3.94747e-30	0.000721061	0.045472	0.000817083	0.762957	0.190033
Cell_337	3.24016e-21	0.00140434	0.368934	0.000148055	0.01113	0.618383
Cell_338	4.90785e-20	0.018118	0.00442344	0.0132813	0.962536	0.0016417
Cell_339	1.57007e-36	0.0072763	0.00156123	0.000762221	0.983477	0.00692364
Cell_340	1.61947e-32	0.00731543	0.0158124	0.00121272	0.939448	0.0362118
Cell_341	0.99206	4.08231e-05	0.00337711	4.46424e-06	0.000139877	0.00437814
Cell_342	3.00038e-31	0.00983385	0.0372955	0.00122865	0.842517	0.109125
Cell_343	5.09243e-26	8.98444e-11	2.76e-12	1	1.89182e-10	9.2299e-13
Cell_344	1.91336e-30	0.0302859	0.039395	0.00317855	0.106637	0.820504
Cell_345	4.93481e-29	0.0609867	0.0346355	0.00651578	0.761168	0.136694
Cell_346	1.19301e-50	0.00346067	0.000435203	0.000636055	0.993744	0.00172441
Cell_347	2.06671e-27	0.00410958	0.156196	0.00210217	0.0672114	0.770381
Cell_348	1.91094e-56	2.84527e-05	0.000117894	0.000107249	0.999741	5.15656e-06
Cell_349	3.68773e-32	0.0152394	0.0588389	0.00318462	0.696472	0.226266
Cell_350	4.74259e-23	0.0246457	0.00213053	0.00376054	0.968402	0.00106154
Cell_351	1.43343e-22	0.00166166	0.27726	0.000347241	0.0165851	0.704146
Cell_352	5.64208e-10	0.0265477	0.329433	0.0135799	0.386648	0.243791
Cell_353	2.79093e-19	0.00104773	0.0538558	0.000173689	0.0127008	0.932222
Cell_354	3.43178e-18	0.010138	0.210081	0.00518588	0.04272	0.731875
Cell_355	1.24163e-18	0.0188948	0.112404	0.00347278	0.524197	0.341031
Cell_356	1.91835e-28	0.000982314	0.231325	0.000180545	0.0104994	0.757012
Cell_357	1.11252e-21	0.0234767	0.00780614	0.0031751	0.953661	0.0118814
Cell_358	6.856e-34	0.0621069	0.00439732	0.0236245	0.895453	0.0144178
Cell_359	2.05478e-29	0.000350734	0.094423	3.61957e-05	0.00810399	0.897086
Cell_360	3.63128e-27	0.000341226	0.0158238	4.61489e-05	0.000730603	0.983058
Cell_361	1.75108e-21	8.03611e-05	0.000179338	0.999555	0.000177842	7.62849e-06
Cell_362	4.72582e-20	0.00773426	0.00873877	0.00294199	0.865395	0.11519
Cell_363	1.90638e-24	0.0283648	0.100685	0.00367224	0.678502	0.188776
Cell_364	1.27412e-17	0.000802533	0.0528924	0.000588293	0.00878221	0.936935
Cell_365	4.18647e-22	0.00362154	0.0368223	0.000388712	0.0195902	0.939577
Cell_366	4.15397e-31	0.00293918	0.0192882	0.000341388	0.840593	0.136838
Cell_367	8.6128e-18	0.000839178	9.3647e-05	0.000101838	0.998509	0.000456583
Cell_368	1.07209e-25	0.00425088	0.149417	0.000704695	0.424379	0.421248
Cell_369	4.52427e-21	0.000832611	0.0112823	0.00313841	0.0730594	0.911687
Cell_370	3.84939e-23	0.0109993	0.000377528	0.0211533	0.965554	0.00191551
Cell_371	0.999054	4.0789e-05	1.87126e-05	5.8219e-06	0.000876936	3.63076e-06
Cell_372	1.08086e-25	0.00167365	0.00941179	0.00189652	0.835294	0.151724
Cell_373	5.50886e-28	0.060163	0.321949	0.00618272	0.293746	0.317959
Cell_374	2.43433e-12	0.00546192	0.0576281	0.000575831	0.818371	0.117963
Cell_375	4.04942e-27	0.00792691	0.0166876	0.00082898	0.284224	0.690333
Cell_376	2.25367e-21	0.00192467	0.032742	0.00725477	0.868255	0.0898233
Cell_377	2.9552e-20	0.00470218	0.221969	0.00115244	0.0646033	0.707573
Cell_378	2.20079e-19	0.0103593	0.156183	0.039048	0.768522	0.0258874
Cell_379	6.09724e-24	0.00435328	0.0025278	0.000447178	0.985304	0.00736742
Cell_380	7.7195e-13	0.0417708	0.412909	0.021367	0.370029	0.153924
Cell_381	1.88387e-25	0.000873611	0.02686	9.00625e-05	0.00496543	0.967211
Cell_382	0.999672	4.08687e-05	1.09498e-06	6.2359e-06	0.000279509	3.48941e-07
Cell_383	1.66266e-28	0.00144035	4.52995e-05	0.000219775	0.998142	0.000152361
Cell_384	3.97168e-33	0.00966525	0.120802	0.00708506	0.573864	0.288584
Cell_385	5.33357e-52	0.000672582	0.260871	7.4906e-05	0.0727932	0.665589
Cell_386	1.37217e-34	0.000368788	0.0672515	0.0013901	0.642482	0.288507
Cell_387	1.94175e-18	0.0470485	0.0231731	0.090481	0.769273	0.0700241
Cell_388	2.71034e-28	0.0384662	0.0324356	0.00405536	0.712113	0.21293
Cell_389	6.55161e-12	0.0375826	0.0234119	0.00456081	0.920375	0.0140694
Cell_390	2.9421e-30	0.00721407	0.0499243	0.000749146	0.325913	0.616199
Cell_391	0.985966	4.02015e-05	0.000102752	8.40102e-06	0.0138221	6.07461e-05
Cell_392	1.41074e-22	0.00193149	0.0966855	0.000200575	0.020311	0.880871
Cell_393	6.19972e-27	2.04662e-08	4.56886e-10	1	1.4077e-07	2.35077e-10
Cell_394	1.36333e-24	0.0143935	0.462587	0.00151383	0.104926	0.41658
Cell_395	1.01316e-12	0.00853092	0.00120511	0.0164062	0.967282	0.00657551
Cell_396	3.19684e-24	0.00219498	0.137864	0.000313293	0.459888	0.39974
Cell_397	2.13722e-32	0.000419853	0.0517842	0.000307771	0.00217843	0.94531
Cell_398	1.01304e-26	0.0021625	0.0831805	0.000397458	0.0120398	0.90222
Cell_399	3.45687e-33	0.0022364	0.0224879	0.00114398	0.840849	0.133282
Cell_400	7.34026e-15	0.00129385	0.00570901	0.000492158	0.984067	0.00843845
Cell_401	0.957809	4.15088e-05	0.00165803	1.23901e-05	7.67108e-05	0.0404025
Cell_402	4.09436e-32	0.0100111	0.0157083	0.0377354	0.88575	0.0507952
Cell_403	2.4052e-18	0.000291456	0.341463	0.0010986	0.0131316	0.644015
Cell_404	1.30817e-32	0.00608285	0.00160754	0.000625072	0.984136	0.00754847
Cell_405	8.3469e-20	0.0011623	0.276818	0.000442119	0.0169918	0.704585
Cell_406	6.93429e-31	0.00728241	0.161598	0.000831992	0.0472109	0.783076
Cell_407	1.35381e-25	0.00161896	0.451913	0.00311349	0.07366	0.469695
Cell_408	4.06124e-24	0.00207496	0.601571	0.00399045	0.122127	0.270237
Cell_409	1.46963e-14	0.00420095	0.000169657	0.000441833	0.994753	0.00043467
Cell_410	2.96302e-29	0.000152278	0.0325807	0.00057399	0.00365563	0.963037
Cell_411	1.0009e-26	0.00618152	0.08971	0.0008823	0.106008	0.797218
Cell_412	4.00448e-23	0.000432713	0.0479989	0.000490337	0.0239409	0.927137
Cell_413	0.987801	4.29527e-05	1.8875e-06	4.90721e-06	0.0121489	2.5309e-07
Cell_414	1.12509e-23	0.00913367	0.000292311	0.00669539	0.982583	0.00129526
Cell_415	5.13429e-35	0.055237	0.004146	0.00567632	0.912045	0.0228954
Cell_416	0.996012	4.06807e-05	0.00187263	4.19057e-06	0.000135702	0.0019348
Cell_417	1.96522e-36	0.00281559	0.121823	0.716155	0.0182396	0.140967
Cell_418	0.999106	4.07603e-05	5.17451e-05	4.22079e-06	0.000752529	4.50211e-05
Cell_419	2.07601e-48	0.0127038	0.0464961	0.0023349	0.567626	0.370839
Cell_420	3.41447e-15	6.91632e-05	0.072171	8.19443e-06	0.00204227	0.925709
Cell_421	1.33188e-37	5.8197e-09	4.34751e-10	1	1.49645e-07	3.22904e-09
Cell_422	2.08511e-19	0.000382843	0.0494982	6.34662e-05	0.0818803	0.868175
Cell_423	1.60581e-15	0.000484753	0.0248234	0.000118806	0.00297078	0.971602
Cell_424	3.73257e-16	0.00578127	0.0397454	0.0217917	0.760273	0.172409
Cell_425	2.93567e-25	0.0286661	0.0219675	0.00316123	0.819488	0.126718
Cell_426	2.17085e-23	0.00131641	0.00771155	0.000187893	0.986828	0.0039566
Cell_427	6.65844e-34	0.010163	0.0855487	0.0383081	0.193471	0.672509
Cell_428	2.42065e-12	0.105919	0.177838	0.014325	0.201721	0.500196
Cell_429	3.24616e-18	0.00086563	0.167637	9.05258e-05	0.00582965	0.825577
Cell_430	1.27561e-10	0.0966088	0.193259	0.364154	0.33099	0.0149883
Cell_431	1.9587e-21	0.000203214	0.111262	2.14823e-05	0.0168791	0.871634
Cell_432	9.29801e-26	1.42153e-08	2.34471e-09	1	7.06641e-08	3.96237e-10
Cell_433	1.871e-10	0.000213006	0.00727328	0.000108958	0.0435917	0.948813
Cell_434	4.39022e-15	0.00237793	0.132199	0.0045731	0.396714	0.464136
Cell_435	0.998849	4.07731e-05	0.000440153	4.42689e-06	0.000209922	0.000456039
Cell_436	6.99843e-30	0.00113157	0.0161603	0.000236468	0.239367	0.743105
Cell_437	1.83658e-21	0.000379408	0.109989	4.03732e-05	0.00290421	0.886688
Cell_438	1.97106e-27	0.021257	0.131544	0.00227109	0.521617	0.323311
Cell_439	2.95013e-31	0.0364333	0.120119	0.00374611	0.428168	0.411534
Cell_440	2.82851e-28	0.00466133	0.000351204	0.00114243	0.950233	0.0436116
Cell_441	8.15207e-26	0.011523	0.0830657	0.00282413	0.886854	0.0157326
Cell_442	2.44749e-08	0.0150211	0.295775	0.0170214	0.655116	0.0170658
Cell_443	0.999227	4.18511e-05	0.000255172	1.24923e-05	0.000311929	0.000151328
Cell_444	1.10619e-28	0.0986932	0.0104314	0.0102261	0.866659	0.0139901
Cell_445	4.76225e-21	0.00195538	0.270747	0.000244306	0.00748644	0.719567
Cell_446	4.22084e-16	0.00374442	0.433881	0.0141141	0.0452799	0.50298
Cell_447	1.31948e-33	0.00207236	0.148434	0.000233506	0.0132077	0.836053
Cell_448	7.65799e-14	0.00914887	0.0772804	0.000970133	0.0802124	0.832388
Cell_449	1.17682e-13	0.00533253	0.414617	0.00390898	0.0293464	0.546795
Cell_450	5.10238e-12	0.0641547	0.0532462	0.00745163	0.715636	0.159511
Cell_451	4.43988e-06	0.00163217	0.00601729	0.00615224	0.958069	0.0281246
Cell_452	3.30755e-24	0.00744491	0.0101539	0.000773117	0.979755	0.0018734
Cell_453	0.708963	5.04822e-05	0.0130449	5.21318e-06	0.000947519	0.276989
Cell_454	4.11213e-39	0.00306364	0.130227	0.000355845	0.417991	0.448362
Cell_455	5.6727e-16	0.0509796	0.0266285	0.0106534	0.867279	0.0444598
Cell_456	9.88523e-38	0.00164951	0.0276119	0.000843773	0.858682	0.111213
Cell_457	0.99952	4.07626e-05	1.96571e-06	7.83925e-05	0.000358011	5.33268e-07
Cell_458	7.37298e-30	0.00914942	0.0857749	0.00114313	0.218609	0.685324
Cell_459	2.10501e-37	0.000248386	0.000365946	0.000127056	0.999217	4.19113e-05
Cell_460	1.19097e-34	0.0581979	0.00312411	0.00601717	0.901396	0.0312653
Cell_461	9.19207e-15	0.0163725	0.0227312	0.785922	0.163512	0.0114625
Cell_462	4.74324e-15	0.00341268	0.030423	0.00250165	0.890202	0.073461
Cell_463	2.71422e-30	0.00326625	0.034339	0.0123117	0.64678	0.303303
Cell_464	1.78263e-30	0.0012513	0.324962	0.000207436	0.0138608	0.659718
Cell_465	5.75074e-30	0.0154243	0.120745	0.0015905	0.0510455	0.811195
Cell_466	1.33832e-30	0.0311438	0.0544672	0.00322001	0.196459	0.71471
Cell_467	1.27597e-44	0.0330757	0.0395492	0.00413249	0.682035	0.241207
Cell_468	3.72524e-25	6.50564e-05	0.0297458	7.24538e-06	0.000673093	0.969509
Cell_469	1.23137e-17	0.00493959	0.306608	0.000818865	0.136245	0.551389
Cell_470	6.50975e-22	0.00361288	0.02173	0.000383104	0.00548556	0.968788
Cell_471	1.42278e-38	0.00332973	0.180904	0.000344117	0.0141949	0.801227
Cell_472	4.08759e-26	0.00195975	0.026135	0.00143659	0.0340631	0.936406
Cell_473	0.999699	4.12493e-05	8.72344e-05	4.47859e-06	0.000148723	1.95952e-05
Cell_474	2.26967e-14	0.000986351	0.154478	0.000181287	0.00785839	0.836496
Cell_475	1.87691e-10	0.000335504	0.0289875	7.01113e-05	0.00277346	0.967833
Cell_476	2.45675e-19	0.000788097	0.0723547	8.45892e-05	0.011613	0.91516
Cell_477	8.03031e-25	0.000318499	0.00479296	0.000233474	0.969313	0.0253417
Cell_478	7.06588e-38	0.0120002	0.0221339	0.00250772	0.867703	0.095655
Cell_479	1.05042e-33	0.000361206	0.00444878	0.00026478	0.35228	0.642645
Cell_480	1.17378e-31	3.95514e-11	1.27981e-09	1	8.80794e-10	1.96568e-10
Cell_481	2.04453e-20	0.0333753	0.450906	0.00405024	0.429038	0.0826302
Cell_482	7.71368e-08	0.00507293	0.676285	0.000564976	0.0447417	0.273335
Cell_483	3.92038e-15	9.00332e-06	1.35e-05	0.993413	0.00656373	4.12939e-07
Cell_484	3.79228e-23	0.0114636	0.187864	0.00280956	0.0818134	0.716049
Cell_485	5.82586e-36	0.0366682	0.0337172	0.00559497	0.917325	0.00669498
Cell_486	0.999446	4.08003e-05	4.6446e-05	4.59723e-06	0.0004566	5.75973e-06
Cell_487	1.11569e-25	0.000289257	0.024649	3.05781e-05	0.00345054	0.971581
Cell_488	4.29415e-33	0.00778148	0.00120295	0.00111067	0.811203	0.178702
Cell_489	5.03039e-20	0.00227508	0.197346	0.000241246	0.0475687	0.752569
Cell_490	6.29515e-11	0.00155231	0.196247	0.00175903	0.0247687	0.775673
Cell_491	1.24269e-19	0.000791084	0.0318079	0.000236133	0.00137247	0.965792
Cell_492	2.92756e-23	0.0108986	0.0692948	0.00136168	0.424299	0.494146
Cell_493	3.65458e-22	0.00906836	0.0559338	0.0174398	0.802131	0.115427
Cell_494	1.93046e-27	0.0172851	0.00391116	0.0022378	0.966881	0.00968537
Cell_495	7.85564e-28	0.00394462	0.0358849	0.00201778	0.0273286	0.930824
Cell_496	4.89245e-18	0.000144997	0.000782425	0.992918	0.00155776	0.00459669
Cell_497	4.90424e-12	0.0871936	0.131664	0.00907165	0.209213	0.562858
Cell_498	1.46465e-19	0.000237017	0.0435422	2.57338e-05	0.00183467	0.95436
Cell_499	1.44293e-31	0.00573661	0.0152763	0.000875315	0.961454	0.0166579
Cell_500	3.68078e-29	0.000179191	0.00658634	9.16612e-05	0.0200684	0.973074
Cell_501	2.9224e-23	0.00402821	0.732591	0.000467881	0.0318442	0.231069
Cell_502	2.14085e-22	0.0105054	0.00251442	0.00112759	0.971843	0.0140096
Cell_503	1.04589e-33	0.0421805	0.0761788	0.0160448	0.832351	0.033245
Cell_504	1.09481e-21	0.0139825	0.0506515	0.00213351	0.791167	0.142065
Cell_505	1.29367e-24	0.00860924	0.196431	0.000934737	0.0936405	0.700385
Cell_506	9.98507e-37	7.35521e-05	0.00675176	9.94752e-06	0.000468044	0.992697
Cell_507	1.68299e-23	0.00286127	0.00396905	0.000305697	0.285063	0.707801
Cell_508	2.23696e-22	0.00028092	0.0381125	2.88966e-05	0.00201375	0.959564
Cell_509	2.23416e-38	0.0301993	0.00193466	0.00460793	0.958189	0.00506925
Cell_510	0.0177087	0.00179309	0.300672	0.000439461	0.0123356	0.667051
Cell_511	6.73454e-05	0.00221938	0.16535	0.00113528	0.0276092	0.803619
Cell_512	2.97992e-31	0.0996338	0.013139	0.0152025	0.866013	0.00601155
Cell_513	1.73985e-22	0.000914931	0.279018	0.000273101	0.0116927	0.708102
Cell_514	0.959388	3.93321e-05	0.000827132	4.08113e-06	0.000153102	0.0395882
Cell_515	3.14825e-62	0.00457333	0.00775015	0.000592086	0.969902	0.0171828
Cell_516	8.07166e-19	0.023993	0.164524	0.00912655	0.0678786	0.734478
Cell_517	1.62781e-17	0.0646958	0.00286139	0.00751447	0.909628	0.0153007
Cell_518	1.01358e-25	0.00130665	0.209659	0.000149281	0.0115844	0.777301
Cell_519	0.999866	4.08297e-05	1.14632e-05	4.21793e-06	6.27949e-05	1.4648e-05
Cell_520	8.16337e-29	0.000859379	0.0245454	0.000439597	0.837635	0.136521
Cell_521	1.03106e-11	0.00064357	0.0474845	6.70304e-05	0.00145414	0.950351
Cell_522	2.1011e-09	0.00646452	0.0902069	0.000750859	0.0131197	0.889458
Cell_523	1.39613e-24	0.0079172	0.554728	0.00301158	0.0219046	0.412439
Cell_524	0.986468	8.12565e-05	0.00373589	1.23984e-05	0.000252433	0.00945004
Cell_525	9.15154e-27	0.0619817	0.00443598	0.0064486	0.910744	0.0163898
Cell_526	2.26153e-22	0.0647647	0.00176367	0.00875907	0.916715	0.00799747
Cell_527	1.97751e-31	0.00178537	0.186254	0.00130876	0.0832653	0.727386
Cell_528	0.999666	4.08676e-05	7.20641e-06	4.20534e-06	0.000280845	8.70019e-07
Cell_529	3.47965e-16	0.037041	0.812903	0.0110565	0.120161	0.0188377
Cell_530	2.03295e-22	0.0018323	0.040293	0.00690661	0.949696	0.0012717
Cell_531	1.89485e-09	0.0010827	0.00654299	0.000111238	0.0281466	0.964116
Cell_532	1.45456e-31	0.00161385	0.037805	0.000179736	0.0358578	0.924544
Cell_533	1.67289e-15	0.0111013	0.00314874	0.0011651	0.981648	0.00293637
Cell_534	2.90901e-20	0.0133128	0.204993	0.00140352	0.0310693	0.749222
Cell_535	7.24705e-32	0.00949415	0.00364704	0.0182586	0.93218	0.0364206
Cell_536	1.15361e-31	4.10349e-06	0.00697726	4.64995e-06	0.000421028	0.992593
Cell_537	1.43006e-38	0.218156	0.0459142	0.0651181	0.659019	0.0117931
Cell_538	1.292e-23	0.00869563	0.515333	0.00091675	0.0695184	0.405536
Cell_539	1.05399e-21	0.00375928	0.646612	0.000573606	0.0285113	0.320544
Cell_540	2.40368e-21	0.0859396	0.0210376	0.00886639	0.597405	0.286752
Cell_541	3.79364e-28	0.0203925	0.0260176	0.00236861	0.0326086	0.918613
Cell_542	1.6384e-24	0.00202089	0.0276762	0.000239434	0.0332873	0.936776
Cell_543	0.998392	4.07479e-05	3.80397e-06	4.19445e-06	0.00155773	1.46216e-06
Cell_544	6.14594e-33	0.000849483	0.294046	0.00320201	0.0456209	0.656282
Cell_545	4.12311e-52	0.000188762	0.0386786	0.000138371	0.00318156	0.957813
Cell_546	5.70085e-17	0.00859538	0.378136	0.000904015	0.122725	0.48964
Cell_547	5.3152e-05	0.134247	0.0162219	0.068671	0.773269	0.00753848
Cell_548	1.87087e-05	0.0304559	0.000837859	0.00313233	0.96417	0.00138509
Cell_549	5.89296e-30	0.00225028	0.0179257	0.000470247	0.00789072	0.971463
Cell_550	1.53913e-11	0.0197864	0.0101691	0.00328012	0.906441	0.0603231
Cell_551	1.3648e-36	0.00219393	0.000829156	0.00421924	0.990634	0.00212334
Cell_552	7.59437e-20	0.00420422	0.0602393	0.0010304	0.0218249	0.912701
Cell_553	2.028e-20	0.00385595	0.00512838	0.00115098	0.982842	0.00702295
Cell_554	1.32562e-15	0.000167682	0.00836646	0.000122918	0.000673146	0.99067
Cell_555	6.91698e-12	0.00449812	0.720816	0.00074568	0.135092	0.138849
Cell_556	0.999119	4.07397e-05	2.23158e-05	5.27436e-06	0.000795898	1.6452e-05
