cell	Node 0	Node 1	Node 2	Node 3	Node 4	Node 5	Node 6
Cell_0	7.09655e-12	0.0853498	0.00830545	0.03931	0.263627	0.603332	7.57753e-05
Cell_1	1.97591e-21	4.216e-07	0.0274499	7.35486e-08	0.0713091	0.845583	0.0556575
Cell_2	1.88001e-36	4.74501e-13	0.00810389	1.66088e-12	0.0951449	0.0502667	0.846485
Cell_3	0.999138	0.000407313	1.92383e-05	0.000120915	1.64855e-05	8.27602e-05	0.00021559
Cell_4	2.67093e-24	8.01224e-07	0.00014259	2.72686e-06	0.000332121	0.000302289	0.999219
Cell_5	0.994269	0.000300942	1.47482e-05	0.000138607	0.000110665	5.78328e-05	0.00510821
Cell_6	2.58068e-23	3.11482e-09	0.0319083	4.38139e-09	0.238838	0.72918	7.36135e-05
Cell_7	0.996303	3.55992e-05	1.50672e-05	0.000121511	6.0428e-06	4.11853e-05	0.00347751
Cell_8	2.2977e-15	1.11138e-07	2.21179e-05	3.88614e-07	0.000304631	5.63746e-05	0.999616
Cell_9	9.4184e-25	4.83891e-07	0.176535	1.69558e-06	0.0179938	0.740186	0.0652831
Cell_10	0.990789	5.76654e-05	6.6587e-05	0.000202404	0.000103638	0.00014759	0.00863356
Cell_11	0.981513	0.0183203	1.21027e-05	0.000119259	7.54883e-07	2.83775e-05	6.49727e-06
Cell_12	0.99949	4.01267e-05	1.67489e-05	0.000120851	6.59841e-06	0.000325527	1.30873e-09
Cell_13	8.02135e-08	0.113472	0.0527186	0.0197953	0.447293	0.349205	0.0175161
Cell_14	0.998393	0.0013656	1.7403e-05	0.000121546	3.84346e-05	4.16505e-05	2.23257e-05
Cell_15	4.08829e-05	0.000621466	0.00489982	0.000556961	0.00935093	0.0232225	0.961307
Cell_16	1.44687e-37	0.512371	0.0264646	0.0456039	0.000755083	0.0660508	0.348754
Cell_17	1.07497e-13	3.0147e-08	0.00895387	2.68326e-09	0.142677	0.848225	0.000143956
Cell_18	1.16493e-11	7.26109e-07	6.93043e-05	6.46278e-08	0.00043602	0.000177179	0.999317
Cell_19	1.46339e-15	9.94549e-14	0.0803018	3.20038e-13	0.465893	0.410482	0.0433233
Cell_20	4.03169e-38	2.56164e-11	0.00156795	6.3311e-11	0.000373251	0.00360676	0.994452
Cell_21	7.65163e-10	0.0354915	0.0312095	0.121144	0.0432526	0.768139	0.000763909
Cell_22	0.999458	3.58493e-05	2.62854e-05	0.000121146	6.93645e-06	5.84889e-05	0.000292956
Cell_23	3.77414e-15	9.531e-09	4.52739e-05	8.54173e-09	0.000646807	0.000152622	0.999155
Cell_24	1.79405e-25	2.40426e-06	6.63773e-05	7.39626e-06	0.000716026	0.000152064	0.999056
Cell_25	1.39139e-20	1.93191e-05	0.0443622	8.89791e-06	0.260618	0.626255	0.0687365
Cell_26	6.05277e-15	0.0486414	0.0189909	0.00432936	0.104254	0.195656	0.628128
Cell_27	2.42509e-30	1.73168e-12	0.0378146	6.03907e-12	0.200117	0.761751	0.000317577
Cell_28	1.73213e-17	0.999964	1.69832e-06	1.96086e-05	2.82667e-06	1.1686e-05	1.17205e-07
Cell_29	1.87363e-32	4.89916e-14	0.000762326	1.34257e-13	0.340601	0.658637	1.90684e-13
Cell_30	4.22766e-34	4.97621e-16	0.0317586	1.74724e-15	0.215453	0.10257	0.650218
Cell_31	1.55151e-25	2.59559e-05	0.00884954	8.35241e-05	0.00879396	0.0356696	0.946577
Cell_32	3.49507e-23	3.14065e-13	0.00652054	7.76212e-13	0.353019	0.640452	8.99224e-06
Cell_33	1.34966e-36	7.17218e-10	0.00384623	1.51448e-09	0.0197651	0.0140181	0.962371
Cell_34	6.75661e-41	1.93546e-12	0.0754782	8.91424e-13	0.168487	0.634065	0.121971
Cell_35	4.16528e-49	7.28112e-11	0.00196372	2.16147e-11	0.871894	0.121293	0.00484953
Cell_36	2.21985e-26	2.29368e-06	0.00893511	6.80901e-07	0.355148	0.635488	0.000425834
Cell_37	2.6394e-16	2.29165e-07	0.0124799	4.34437e-07	0.0292431	0.0748392	0.883437
Cell_38	3.37849e-32	0.0234734	0.0690357	0.00696828	0.00402046	0.865428	0.0310739
Cell_39	8.66508e-32	2.4004e-11	0.0580114	8.38401e-11	0.45784	0.449182	0.0349673
Cell_40	3.98901e-24	2.27905e-07	0.00518666	2.61734e-07	0.130794	0.0439123	0.820106
Cell_41	1.60076e-33	1.94005e-14	0.00481596	5.31654e-14	0.00765313	0.0125124	0.975018
Cell_42	1.07328e-44	1.38889e-30	0.135858	4.07734e-30	0.0322981	0.31948	0.512364
Cell_43	8.72725e-27	1.30753e-13	0.0022059	2.28101e-14	0.00274281	0.00626559	0.988786
Cell_44	2.1614e-25	3.85828e-08	0.011556	1.14537e-08	0.0148698	0.0380837	0.93549
Cell_45	7.28351e-09	4.70176e-05	0.00027611	0.000128848	0.000526358	0.000631862	0.99839
Cell_46	6.78221e-20	0.999583	3.11012e-06	1.93925e-05	2.10398e-05	0.000373486	1.84316e-09
Cell_47	5.27163e-21	3.4007e-08	0.000264392	3.04772e-08	0.000294708	0.000610885	0.99883
Cell_48	8.2092e-25	4.5858e-17	0.00486097	2.11211e-17	0.0122554	0.982879	4.2366e-06
Cell_49	6.04851e-41	8.28173e-17	0.00720956	2.83411e-16	0.0160859	0.0182857	0.958419
Cell_50	8.62791e-24	0.000308455	0.00245749	0.000354242	0.00275086	0.0105662	0.983563
Cell_51	2.10171e-36	2.32552e-21	0.0215761	7.63143e-21	0.352793	0.625615	1.56364e-05
Cell_52	1.18914e-30	2.03481e-11	0.0107941	7.13737e-11	0.0209311	0.024859	0.943416
Cell_53	6.59528e-38	1.63773e-08	0.0269845	4.5969e-10	0.0348664	0.938105	4.40872e-05
Cell_54	3.62898e-25	0.858451	0.0103508	0.076407	0.00172113	0.0527004	0.000369644
Cell_55	6.02098e-17	1.16333e-08	0.066362	1.04258e-08	0.0786587	0.59174	0.263239
Cell_56	7.00817e-17	3.34364e-05	0.0026868	8.19919e-08	0.00111199	0.00955914	0.986609
Cell_57	1.73341e-34	9.03818e-10	0.0446868	3.10005e-09	0.356541	0.584121	0.0146513
Cell_58	1.63147e-18	1.68856e-10	0.0115535	2.80097e-10	0.0318153	0.956623	7.90176e-06
Cell_59	6.08787e-13	3.83233e-09	0.000430367	1.00269e-08	0.000553972	0.00086828	0.998147
Cell_60	2.45878e-20	3.7815e-08	0.00026146	4.34282e-08	0.000101073	0.000504004	0.999133
Cell_61	6.49691e-19	9.71997e-07	0.0622807	1.69566e-07	0.0008046	0.238613	0.6983
Cell_62	8.53449e-37	1.3088e-18	0.0680312	3.8853e-19	0.209863	0.209935	0.512172
Cell_63	2.33152e-13	8.83358e-07	0.0533671	2.51405e-06	0.0135384	0.169587	0.763504
Cell_64	2.3317e-27	3.73344e-16	0.0839174	8.60052e-16	0.263521	0.618602	0.0339596
Cell_65	1.1945e-13	3.16926e-05	0.0223795	5.5288e-06	0.271556	0.693787	0.01224
Cell_66	2.01968e-24	1.14782e-14	0.0410326	1.31821e-14	0.260077	0.436452	0.262438
Cell_67	1.13256e-18	6.02425e-07	0.000600905	2.77462e-07	0.0114708	0.00421403	0.983713
Cell_68	6.58444e-14	8.66157e-09	0.00169354	2.66457e-08	0.00549149	0.00376555	0.989049
Cell_69	4.90806e-39	3.5923e-07	0.0752827	1.21855e-06	0.389095	0.529826	0.00579521
Cell_70	1.18196e-31	6.52022e-12	0.0425683	1.61148e-11	0.0496713	0.90775	1.05463e-05
Cell_71	1.66083e-15	0.000308223	0.00223777	0.000511279	0.00090432	0.00805233	0.987986
Cell_72	5.4572e-15	1.84997e-06	7.99504e-05	3.9064e-06	0.000367711	0.000195567	0.999351
Cell_73	1.84304e-15	0.00173396	0.000533356	0.000125928	0.000817476	0.00177716	0.995012
Cell_74	3.24284e-21	7.21954e-06	0.0793886	1.25946e-06	0.00422168	0.623788	0.292593
Cell_75	0.982385	4.39804e-05	7.32811e-05	0.00014641	3.98709e-06	0.000151336	0.0171964
Cell_76	4.72585e-43	4.0775e-07	0.000653187	1.16046e-06	0.000248942	0.0014538	0.997643
Cell_77	4.32393e-27	1.13815e-11	0.0535952	3.73495e-11	0.358071	0.58786	0.000473354
Cell_78	2.47791e-23	5.55137e-06	0.00737923	7.80871e-06	0.00546619	0.0149084	0.972233
Cell_79	1.37188e-08	0.029208	0.00136721	0.00867066	0.000880635	0.00303823	0.956835
Cell_80	3.24765e-10	9.34101e-05	0.0630715	0.000177081	0.252855	0.475755	0.208049
Cell_81	2.69047e-15	3.38234e-08	0.094606	1.18703e-07	0.0498432	0.85555	2.47648e-07
Cell_82	1.62242e-26	6.50084e-08	0.00033715	1.85015e-07	0.000171108	0.000576156	0.998915
Cell_83	4.26958e-29	1.3494e-15	0.027399	2.84939e-15	0.426416	0.532784	0.0134009
Cell_84	2.2107e-29	1.62432e-18	0.10903	5.69472e-18	0.445832	0.419823	0.0253155
Cell_85	3.17329e-16	0.994993	1.38697e-05	0.00014299	0.000727876	0.0041226	5.89702e-09
Cell_86	3.83416e-32	2.21483e-06	0.000316926	1.46845e-06	0.000213294	0.000738464	0.998728
Cell_87	5.52507e-10	0.00223879	0.010397	0.00257111	0.000726653	0.0250325	0.959034
Cell_88	3.8228e-05	0.611418	0.0174104	0.106662	0.0630101	0.0895622	0.111899
Cell_89	2.64655e-27	8.33726e-11	0.128919	2.92515e-10	0.220469	0.365167	0.285445
Cell_90	2.41255e-20	1.34365e-08	5.95391e-05	1.89001e-08	0.000795647	0.000166534	0.998978
Cell_91	4.8964e-20	0.0011436	0.146718	0.000339489	0.0697441	0.76558	0.0164742
Cell_92	9.99251e-08	1.42164e-06	0.00449166	4.22027e-07	0.0177481	0.0389252	0.938833
Cell_93	1.12296e-23	1.52613e-12	8.63653e-05	2.66235e-13	0.944662	0.0552506	1.27111e-06
Cell_94	1.87758e-25	2.26986e-10	0.0746527	2.0203e-11	0.335705	0.488081	0.101562
Cell_95	1.34431e-45	1.90392e-16	0.0575214	6.59202e-16	0.550119	0.38442	0.00793952
Cell_96	0.999764	3.46819e-05	1.58329e-05	0.000120893	1.79224e-06	4.50568e-05	1.79753e-05
Cell_97	0.8624	3.18854e-05	8.78581e-06	0.000109116	2.7716e-05	2.21236e-05	0.1374
Cell_98	1.19071e-31	1.41841e-07	0.0589748	4.87497e-07	0.260418	0.256859	0.423748
Cell_99	5.71802e-32	8.27906e-12	0.074934	2.04617e-11	0.251259	0.606815	0.0669921
Cell_100	9.26465e-08	2.44047e-11	0.00190287	1.12402e-11	0.867365	0.130291	0.000440737
Cell_101	1.22589e-24	1.25743e-14	0.00823211	1.44408e-14	0.0170274	0.0304073	0.944333
Cell_102	1.91743e-19	7.73455e-05	0.000179017	0.000237939	0.0136076	0.000995864	0.984902
Cell_103	1.16627e-29	1.8571e-08	0.0254487	5.28534e-08	0.232089	0.742426	3.59329e-05
Cell_104	3.73105e-20	0.00197774	0.00468113	0.000910896	0.00131191	0.0101956	0.980923
Cell_105	1.63972e-14	9.33129e-14	0.00829989	3.26562e-13	0.0492501	0.0372649	0.905185
Cell_106	1.22649e-26	2.98092e-06	0.117322	9.17025e-06	0.181808	0.58007	0.120788
Cell_107	2.9915e-19	1.68451e-13	0.0018726	1.50967e-13	0.418078	0.580047	3.16744e-06
Cell_108	0.998472	3.85198e-05	1.23341e-05	0.000122415	4.45582e-05	4.92946e-05	0.00126077
Cell_109	6.74289e-20	4.18251e-08	0.00615073	6.93793e-08	0.0130636	0.0545414	0.926244
Cell_110	2.71873e-27	2.845e-11	0.0150254	1.31034e-11	0.524789	0.443775	0.0164105
Cell_111	1.24528e-31	2.73226e-13	0.00146876	2.44866e-13	0.328138	0.670393	1.22909e-07
Cell_112	7.07242e-46	3.97107e-09	0.0473596	3.5589e-09	0.146663	0.311261	0.494717
Cell_113	4.62615e-55	2.42357e-13	0.00171518	4.22795e-14	0.911566	0.0862652	0.000453304
Cell_114	2.67634e-41	2.00399e-07	0.00664703	6.99707e-07	0.034341	0.0171846	0.941826
Cell_115	1.58668e-31	1.69461e-08	0.00124016	5.88435e-08	0.00867314	0.00650671	0.98358
Cell_116	5.78941e-30	2.34729e-07	0.00177275	6.96815e-08	0.00119558	0.00413043	0.992901
Cell_117	0.999744	4.89098e-05	1.64239e-05	0.000120881	3.26029e-06	4.55254e-05	2.05814e-05
Cell_118	5.39576e-20	2.24734e-06	3.48196e-05	2.58093e-06	0.000185481	6.62088e-05	0.999709
Cell_119	1.5052e-20	6.91745e-14	0.00146128	6.15692e-15	0.000935117	0.00419297	0.993411
Cell_120	4.17312e-29	3.48761e-10	0.000233307	1.09204e-09	0.00125699	0.000787622	0.997722
Cell_121	1.8728e-17	2.00478e-10	5.98646e-05	6.7748e-10	0.000308917	0.000140567	0.999491
Cell_122	4.39244e-43	3.01175e-07	0.0346759	2.68063e-08	0.138928	0.762642	0.0637545
Cell_123	2.08526e-12	0.000222056	0.055456	0.000147224	0.0143539	0.91137	0.0184507
Cell_124	1.2507e-24	2.22969e-10	0.000265356	3.13635e-10	0.00158663	0.000774605	0.997373
Cell_125	1.09898e-27	3.5523e-09	0.0549778	1.21564e-08	0.300467	0.446304	0.198251
Cell_126	3.63394e-19	0.00471448	0.0546312	0.0116519	0.141401	0.487007	0.300594
Cell_127	1.90813e-17	1.4924e-05	8.88401e-05	5.20683e-05	0.00103945	0.000329289	0.998475
Cell_128	1.15036e-23	5.8015e-11	0.0032681	1.65112e-10	0.342347	0.654385	6.74106e-09
Cell_129	2.47918e-27	1.84452e-16	0.00340771	5.99867e-16	0.273431	0.723161	2.53555e-08
Cell_130	1.08999e-17	1.24455e-06	0.121037	3.74827e-06	5.43103e-05	0.249573	0.62933
Cell_131	4.24246e-49	1.82751e-10	0.0854876	1.62659e-11	0.192618	0.655511	0.0663834
Cell_132	0.992874	4.38905e-05	1.48557e-05	0.000120278	4.95067e-05	5.31034e-05	0.00684405
Cell_133	3.16709e-23	0.000634526	0.0844163	0.00220947	0.0665787	0.206033	0.640128
Cell_134	8.24666e-21	1.60721e-06	0.0428748	1.84578e-06	0.212954	0.722941	0.0212265
Cell_135	0.998468	4.24661e-05	1.2986e-05	0.000120859	2.52648e-05	3.03618e-05	0.00129985
Cell_136	2.45246e-15	1.77057e-05	4.49558e-05	3.73874e-05	9.85065e-05	9.91836e-05	0.999702
Cell_137	1.44579e-36	7.7495e-10	0.00373463	1.91529e-09	0.00304577	0.00720576	0.986014
Cell_138	2.65229e-31	7.73418e-14	0.0060574	2.66732e-13	0.390984	0.602957	1.48218e-06
Cell_139	7.5204e-15	6.56901e-10	0.000111715	1.38711e-09	9.62678e-05	0.000171458	0.999621
Cell_140	0.999055	7.48397e-05	3.71622e-05	0.000124144	1.36429e-05	0.000126365	0.000569074
Cell_141	1.90624e-17	0.0971745	0.0714445	0.00864908	0.0831675	0.628826	0.110738
Cell_142	2.09774e-21	6.31721e-10	0.0309118	2.10299e-09	0.473204	0.393117	0.102768
Cell_143	8.24745e-33	1.51083e-10	0.0287856	5.28016e-10	0.429939	0.432009	0.109266
Cell_144	2.03623e-24	2.50469e-06	8.27017e-05	1.1536e-06	6.2913e-05	0.000147131	0.999704
Cell_145	1.75205e-18	0.00149226	0.000505888	0.00171377	0.824916	0.171372	8.74326e-09
Cell_146	1.50541e-21	0.164802	0.085176	0.407308	0.000964332	0.261518	0.0802327
Cell_147	3.49594e-25	3.66191e-12	0.043565	1.22604e-11	0.559373	0.392052	0.00500989
Cell_148	0.999599	3.63187e-05	1.08859e-05	0.000120905	7.12155e-06	3.27736e-05	0.000192937
Cell_149	7.16963e-05	0.00687452	0.00254408	0.00119927	0.0425116	0.0251292	0.92167
Cell_150	9.96168e-24	4.75413e-12	0.00281563	1.39566e-11	0.0184141	0.013228	0.965542
Cell_151	2.5992e-30	7.68433e-14	3.36075e-05	3.53921e-14	0.000652086	0.000114989	0.999199
Cell_152	1.48325e-17	2.20049e-10	1.06735e-05	6.62732e-10	0.000311996	2.79434e-05	0.999649
Cell_153	1.0179e-26	3.83022e-11	0.041902	8.0879e-11	0.0984459	0.858893	0.000759371
Cell_154	5.5437e-25	0.000229125	0.0286326	0.000672637	0.336453	0.433325	0.200688
Cell_155	7.26138e-06	2.4578e-08	0.0525803	1.62954e-08	0.162713	0.437065	0.347635
Cell_156	8.98868e-09	0.0306417	0.00030184	0.00272729	0.000631967	0.000753858	0.964943
Cell_157	2.55634e-22	1.27182e-14	0.0483236	3.1433e-14	0.431243	0.489741	0.0306933
Cell_158	0.999461	3.50751e-05	1.64521e-05	0.000121299	0.000211218	0.00013783	1.72039e-05
Cell_159	1.0363e-20	4.50634e-05	0.0499436	7.86135e-06	0.195855	0.255224	0.498924
Cell_160	9.42635e-17	0.526801	0.0251934	0.0468882	0.0996089	0.295564	0.00594432
Cell_161	3.95903e-20	0.0564596	0.00289336	0.00984944	0.348367	0.582295	0.000136244
Cell_162	5.05412e-25	4.49298e-07	0.000314691	1.27871e-06	0.00125237	0.00105384	0.997377
Cell_163	1.33845e-21	0.31042	0.00349271	0.0276291	0.0215289	0.63693	4.07434e-08
Cell_164	1.27624e-35	9.2886e-08	0.00325306	2.54547e-07	0.00163643	0.0175443	0.977566
Cell_165	6.51043e-20	1.92082e-09	0.013423	6.69215e-09	0.0638688	0.0303207	0.892387
Cell_166	6.71955e-25	0.998942	9.6836e-06	0.000143557	0.000175085	0.000729573	5.2793e-11
Cell_167	5.44238e-20	1.13397e-08	0.0353722	2.61227e-08	0.424098	0.540221	0.000308732
Cell_168	4.77028e-08	0.000508438	0.0157166	8.86975e-05	0.00186924	0.0438739	0.937943
Cell_169	1.52485e-16	5.89816e-05	0.139828	0.000191818	0.484542	0.371749	0.00363013
Cell_170	2.74052e-50	1.89514e-16	0.00537748	2.66576e-16	0.461109	0.533359	0.000154388
Cell_171	4.67414e-44	0.000488296	0.000269089	4.34611e-05	0.946944	0.0522509	4.0896e-06
Cell_172	4.37176e-28	9.19616e-11	0.0190336	2.27283e-10	0.215561	0.764915	0.00049057
Cell_173	8.12726e-21	3.72151e-05	0.00119106	0.000130523	0.00588566	0.00418167	0.988574
Cell_174	1.3909e-15	0.000403646	0.000212329	3.59267e-05	0.000281371	0.000523032	0.998544
Cell_175	2.51992e-19	4.73926e-09	0.0271486	1.42735e-08	0.454678	0.5179	0.000273481
Cell_176	5.09951e-28	1.01692e-14	0.0461178	2.51332e-14	0.259474	0.553633	0.140775
Cell_177	7.67504e-14	4.88439e-05	5.60096e-05	1.44998e-05	0.000170545	0.000115249	0.999595
Cell_178	6.35628e-22	1.1713e-11	0.010088	3.43855e-11	0.0548726	0.0447308	0.890309
Cell_179	2.29818e-25	7.80441e-12	0.000360557	1.79786e-11	0.00185819	0.00111391	0.996667
Cell_180	1.93338e-35	1.71022e-16	0.0142618	3.93974e-16	0.270838	0.714891	8.75931e-06
Cell_181	1.82521e-20	3.77311e-06	0.123978	1.21416e-05	0.00493229	0.5369	0.334173
Cell_182	4.10988e-29	8.91852e-10	0.0332678	3.09118e-09	0.412163	0.533599	0.0209698
Cell_183	2.503e-17	4.43791e-05	0.000210749	0.000154531	0.0103272	0.0014169	0.987846
Cell_184	9.46252e-33	3.00433e-08	0.0341176	1.0546e-07	0.775316	0.121854	0.068712
Cell_185	9.49085e-24	0.0002714	0.0155787	8.05677e-05	0.207711	0.775598	0.000760943
Cell_186	1.56062e-23	1.80654e-05	9.19262e-05	6.33666e-05	0.00185072	0.000313718	0.997662
Cell_187	5.90161e-26	1.63453e-11	0.00355004	5.72964e-11	0.0192523	0.00879014	0.968408
Cell_188	1.82388e-20	2.79876e-08	0.0153562	6.91716e-08	0.000586564	0.0354831	0.948574
Cell_189	1.66376e-16	1.04841e-09	0.0332597	3.07778e-09	0.303181	0.653148	0.010412
Cell_190	2.38468e-18	7.52037e-10	0.0531546	1.588e-09	0.0318456	0.885472	0.029528
Cell_191	1.32946e-30	3.64773e-12	0.00254535	6.91514e-12	0.846759	0.134318	0.0163778
Cell_192	1.07454e-16	0.0112065	0.00592965	0.0391281	0.134913	0.808823	1.82031e-08
Cell_193	3.06499e-17	1.03507e-08	0.0095169	2.55818e-08	0.373089	0.61725	0.000143373
Cell_194	5.12924e-28	2.30084e-08	0.0105656	7.20439e-08	0.335128	0.654306	3.33402e-07
Cell_195	0.999478	7.02714e-05	3.78119e-05	0.00023747	1.17212e-06	0.00014552	3.01734e-05
Cell_196	2.39655e-28	0.000216453	0.00333216	9.96927e-05	0.0500825	0.0231379	0.923131
Cell_197	2.98304e-16	3.70468e-05	0.0347137	2.45622e-05	0.0303219	0.122286	0.812617
Cell_198	7.15581e-12	0.992464	7.34325e-06	1.94615e-05	2.50281e-05	1.96062e-05	0.00746505
Cell_199	2.8214e-26	0.999999	3.44656e-09	2.85794e-08	2.73947e-08	4.82526e-07	1.27838e-14
Cell_200	1.01998e-22	1.73369e-12	0.122075	5.83343e-12	0.080956	0.781158	0.015811
Cell_201	0.999742	4.63398e-05	1.15816e-05	0.000121244	1.21401e-06	7.54203e-05	2.23659e-06
Cell_202	6.00595e-25	5.88269e-08	0.00599332	1.74633e-08	0.217653	0.776341	1.21116e-05
Cell_203	0.999733	5.75065e-05	1.31127e-05	0.000121431	4.47416e-06	5.33248e-05	1.70321e-05
Cell_204	3.08099e-13	0.0600084	0.0180169	0.0689159	0.522938	0.328957	0.00116312
Cell_205	2.43212e-14	8.32872e-08	0.0160101	5.52199e-08	0.0852637	0.110087	0.788639
Cell_206	4.6468e-26	8.1662e-12	0.00210375	1.4246e-12	0.281672	0.00823158	0.707993
Cell_207	9.41524e-14	0.000981643	0.00118074	0.00162835	0.0060433	0.00592038	0.984246
Cell_208	3.01357e-26	2.9517e-09	0.00507074	8.88976e-09	0.733707	0.250846	0.0103761
Cell_209	1.05848e-24	0.997439	1.51108e-06	8.09235e-06	0.00112406	0.00142688	4.66648e-11
Cell_210	9.17349e-37	7.90733e-30	0.0303055	2.72262e-29	0.451817	0.508523	0.0093555
Cell_211	4.64392e-30	3.37053e-12	0.0502439	1.16053e-11	0.38569	0.510739	0.0533265
Cell_212	5.92539e-14	4.1904e-06	2.35189e-05	1.09637e-05	0.000228636	5.58516e-05	0.999677
Cell_213	1.30732e-30	2.85735e-08	0.0465562	1.31602e-08	0.0142462	0.939171	2.68646e-05
Cell_214	6.14519e-30	1.18092e-14	0.000328581	3.08977e-14	0.541974	0.457698	2.34872e-11
Cell_215	2.22754e-21	5.42648e-05	2.57482e-05	0.000185701	0.000218006	5.25116e-05	0.999464
Cell_216	9.60313e-28	1.5855e-08	0.00321286	2.63002e-08	0.00796949	0.0184595	0.970358
Cell_217	4.12496e-18	5.42688e-07	0.00747691	4.83023e-08	0.749464	0.242949	0.000110154
Cell_218	0.997241	0.00135651	1.48888e-05	0.000120737	1.80751e-05	4.61843e-05	0.00120257
Cell_219	2.25862e-31	2.46289e-15	0.111895	8.62222e-15	0.347193	0.475803	0.0651095
Cell_220	1.48472e-21	1.18533e-05	0.000114229	3.85488e-05	0.00182393	0.000254134	0.997757
Cell_221	4.77708e-40	1.41517e-11	0.0275106	4.84289e-11	0.503081	0.46818	0.00122891
Cell_222	1.36229e-24	1.68539e-06	0.0191387	1.51046e-06	0.527748	0.452758	0.000352342
Cell_223	7.3635e-37	4.35842e-15	0.0136587	7.22974e-15	0.571252	0.315438	0.0996511
Cell_224	1.4663e-10	0.000319572	0.0334738	0.000147187	0.179196	0.664436	0.122427
Cell_225	1.58095e-25	1.08287e-12	0.0118697	3.73995e-12	0.00284318	0.0202438	0.965043
Cell_226	0.999278	8.66803e-05	1.95121e-05	0.000121927	2.68389e-05	0.000466651	4.74726e-07
Cell_227	3.88148e-21	7.28907e-09	0.02662	2.45259e-08	0.405374	0.561918	0.00608802
Cell_228	1.85783e-14	2.90234e-07	0.0083246	4.8144e-07	0.321167	0.670493	1.39326e-05
Cell_229	2.04479e-32	1.48774e-23	0.0769433	4.95268e-23	0.218886	0.284292	0.419879
Cell_230	5.39093e-19	8.63439e-11	0.00304549	2.98211e-10	0.0034028	0.00733978	0.986212
Cell_231	9.82825e-24	1.58055e-05	0.000472678	4.33136e-05	0.00105328	0.0013109	0.997104
Cell_232	5.35969e-32	4.41881e-16	0.0292529	1.50828e-15	0.310661	0.660028	5.85071e-05
Cell_233	0.9662	0.000670314	0.000297194	0.000116937	0.000273571	0.000453235	0.0319888
Cell_234	2.73885e-11	3.72819e-14	0.00040271	3.3183e-15	0.216089	0.783508	4.00725e-09
Cell_235	1.26832e-22	9.1091e-08	0.000349346	1.28131e-07	0.00135888	0.00117764	0.997114
Cell_236	1.23757e-27	4.75891e-09	0.00375967	1.00489e-08	0.00861225	0.0105553	0.977073
Cell_237	4.03315e-22	0.000148797	0.000986624	0.000423478	6.53008e-05	0.00167819	0.996698
Cell_238	2.47644e-22	8.31388e-06	0.0116608	9.54798e-06	0.0958213	0.119083	0.773417
Cell_239	6.90891e-05	0.0268814	0.00593411	0.00239259	0.00726415	0.0210486	0.93641
Cell_240	2.65576e-15	2.61365e-06	0.0381261	4.55953e-07	0.175539	0.184977	0.601355
Cell_241	5.98418e-31	4.57924e-09	0.010594	7.98853e-10	0.252259	0.729373	0.00777404
Cell_242	2.43691e-26	3.76172e-15	0.000565745	1.31243e-14	0.00394867	0.00158405	0.993902
Cell_243	1.52396e-38	5.66795e-11	0.00956693	1.61311e-10	0.474956	0.515475	1.38969e-06
Cell_244	3.53373e-19	1.70228e-09	0.000575821	5.95626e-09	0.00120646	0.00111169	0.997106
Cell_245	3.21901e-18	0.000363902	0.000188364	0.000899385	0.000955325	0.000782569	0.99681
Cell_246	4.87766e-40	1.04976e-12	0.00224062	1.20558e-12	0.0259133	0.0182491	0.953597
Cell_247	8.07028e-13	2.46896e-06	8.20556e-05	7.02669e-06	0.000358738	0.000242849	0.999307
Cell_248	3.52614e-21	5.06566e-09	0.0780296	5.8176e-09	0.0415416	0.880015	0.000413655
Cell_249	4.38381e-34	1.74592e-12	0.0563325	3.68669e-12	0.286039	0.499696	0.157932
Cell_250	0.999628	4.41051e-05	1.41436e-05	0.000120866	6.82604e-06	3.07123e-05	0.000155442
Cell_251	1.38543e-21	1.07833e-10	0.000343551	9.66401e-11	0.000482926	0.00102186	0.998152
Cell_252	1.60285e-16	2.13824e-07	0.00922989	2.45564e-07	0.0134495	0.0600491	0.917271
Cell_253	8.23908e-11	0.000353783	0.000836085	0.000497641	0.00673348	0.00196466	0.989614
Cell_254	3.31557e-26	6.22024e-11	0.00343982	1.87338e-10	0.00549031	0.0111155	0.979954
Cell_255	3.19673e-20	1.61892e-10	0.00471166	2.68546e-10	0.00354135	0.0125745	0.979172
Cell_256	2.56014e-10	0.363125	0.0253485	0.167246	0.013777	0.425828	0.00467502
Cell_257	3.88992e-24	6.20682e-07	0.142655	1.31063e-06	0.181576	0.641284	0.0344831
Cell_258	7.52419e-22	6.03584e-11	0.000398807	2.09203e-10	0.00156356	0.0013679	0.99667
Cell_259	6.83387e-23	2.49828e-11	0.0433003	7.33416e-11	0.142558	0.81403	0.000111801
Cell_260	1.35756e-12	4.29332e-09	6.89162e-05	7.12175e-09	0.961695	0.0382353	2.87715e-07
Cell_261	0.037337	0.440529	0.0105614	0.0392096	0.000409985	0.0243556	0.447597
Cell_262	8.22269e-36	8.53303e-09	0.0287425	2.62503e-08	0.0485435	0.0986262	0.824088
Cell_263	1.01591e-23	2.14326e-15	0.0199102	7.48822e-15	0.760794	0.21384	0.00545531
Cell_264	8.27766e-23	0.00456453	0.00204715	0.00524209	0.0125049	0.0088337	0.966808
Cell_265	9.83913e-25	7.30762e-12	0.00106187	2.50076e-11	0.00443346	0.00351174	0.990993
Cell_266	4.40678e-11	3.32946e-13	0.00676629	9.8838e-14	0.231078	0.762152	3.45771e-06
Cell_267	0.999794	4.12041e-05	5.84648e-06	0.000120962	8.13627e-07	2.23817e-05	1.44942e-05
Cell_268	2.33424e-37	1.1423e-06	0.0256925	1.31186e-06	0.0965043	0.872824	0.00497654
Cell_269	5.99718e-52	2.64086e-15	9.42936e-05	1.21631e-15	0.931722	0.0681834	4.66012e-08
Cell_270	5.00828e-26	5.18153e-14	0.000454072	1.47467e-13	0.961811	0.0366855	0.00104958
Cell_271	3.25877e-13	2.27977e-10	0.0391529	3.78168e-10	0.48499	0.458087	0.01777
Cell_272	6.26257e-15	0.0451899	0.00213279	0.013415	0.396689	0.542564	9.43323e-06
Cell_273	4.25136e-34	3.57541e-15	0.00412764	1.25297e-14	0.606813	0.389058	9.93758e-07
Cell_274	1.78028e-30	1	2.62197e-16	1.61237e-15	7.81946e-16	1.27672e-14	1.29193e-18
Cell_275	3.11556e-12	0.000773029	0.00282847	0.000512523	0.0294844	0.00572545	0.960676
Cell_276	0.99895	0.000135864	1.51125e-05	0.000121762	8.34166e-05	0.000694172	1.40519e-07
Cell_277	1.57905e-21	4.52888e-08	0.000210885	8.58556e-08	0.0005543	0.000625919	0.998609
Cell_278	0.0030434	4.15131e-06	0.00211697	3.6949e-07	0.720796	0.274023	1.61474e-05
Cell_279	1.25661e-52	1.46701e-15	0.0480102	4.17512e-15	0.238364	0.713174	0.000452339
Cell_280	4.96622e-25	0.995836	3.55727e-05	0.000241325	0.000237318	0.00364996	2.10044e-08
Cell_281	9.69966e-22	8.82514e-06	6.8548e-05	2.59078e-05	0.000933054	0.000189977	0.998774
Cell_282	6.06463e-28	2.18022e-10	0.00236722	7.2996e-10	0.00379271	0.00547733	0.988363
Cell_283	2.52486e-29	3.94934e-07	0.0247019	1.1724e-07	0.253914	0.648191	0.0731934
Cell_284	5.83273e-28	3.57268e-09	9.81249e-05	1.16189e-08	0.000587502	0.000305982	0.999008
Cell_285	2.45979e-44	4.35252e-15	0.0262871	1.40061e-14	0.333284	0.626823	0.0136062
Cell_286	1.88761e-21	1.73575e-07	0.00103153	5.0956e-07	0.00319085	0.00307534	0.992702
Cell_287	1.19511e-33	1.21705e-12	0.0105991	8.06909e-13	0.464241	0.525076	8.42085e-05
Cell_288	0.99811	7.27659e-05	1.82971e-05	0.000120704	4.9936e-05	0.00162877	2.54278e-10
Cell_289	0.999437	3.50739e-05	2.8079e-05	0.000120961	3.53949e-05	0.000343158	5.26142e-08
Cell_290	4.37928e-23	2.26324e-16	0.100698	4.77907e-16	0.20923	0.374274	0.315798
Cell_291	2.20198e-23	1.6309e-07	0.0486127	2.70534e-07	0.273174	0.603416	0.0747977
Cell_292	1.02152e-23	6.4772e-07	0.100724	1.60084e-06	0.310475	0.585159	0.00364014
Cell_293	7.70678e-34	1.91176e-12	0.0493132	6.21734e-12	0.0296864	0.920991	9.39983e-06
Cell_294	9.28344e-24	0.999999	2.55906e-08	1.47421e-07	5.22641e-08	6.98867e-07	7.47011e-12
Cell_295	2.5865e-27	3.31583e-12	0.000259388	9.08677e-12	0.00178976	0.000631212	0.99732
Cell_296	1.06663e-13	1.45115e-08	0.000532923	1.66656e-08	0.0121327	0.987334	8.6582e-10
Cell_297	1.47869e-41	5.27449e-09	0.00160528	4.69459e-10	0.163602	0.834793	1.0084e-07
Cell_298	3.81589e-29	8.74243e-11	0.123992	3.00471e-10	0.0761916	0.678275	0.121541
Cell_299	2.08816e-31	2.45705e-14	0.0626916	8.49714e-14	0.477468	0.455412	0.00442836
Cell_300	1.12961e-33	3.30495e-10	0.0153327	9.81105e-11	0.428653	0.55138	0.00463422
Cell_301	6.45639e-25	0.999984	9.17617e-08	5.43363e-07	7.73289e-07	1.47924e-05	8.83462e-16
Cell_302	6.8572e-16	8.18514e-05	0.00029123	0.000188556	0.00215005	0.000914224	0.996374
Cell_303	3.05202e-36	2.89786e-15	0.00177486	8.60257e-16	0.471035	0.52719	2.5137e-07
Cell_304	2.77205e-31	3.03662e-08	0.0742502	1.05604e-07	0.0773978	0.834037	0.0143147
Cell_305	7.79101e-46	4.19953e-13	0.00754165	1.9342e-13	0.555042	0.433991	0.00342556
Cell_306	1.13941e-13	4.46527e-05	0.0872372	3.97434e-06	0.0370407	0.837032	0.0386411
Cell_307	2.64658e-20	0.0818552	0.00317949	0.0242995	0.0188853	0.871781	6.87248e-10
Cell_308	1.27394e-30	4.19774e-12	0.0458594	1.40544e-11	0.503932	0.330026	0.120183
Cell_309	2.82539e-26	1.24502e-10	0.0152373	4.00638e-10	0.0458943	0.0628842	0.875984
Cell_310	1.17725e-14	1.27272e-10	0.00191095	2.22028e-11	0.489774	0.508315	3.19154e-07
Cell_311	1.84142e-24	1.42729e-08	0.00219232	1.27915e-08	0.368272	0.0118449	0.617691
Cell_312	5.53381e-21	1.33158e-08	0.000134124	1.52924e-08	0.000678947	0.000396175	0.998791
Cell_313	8.06985e-20	0.993387	0.000696738	0.00309334	0.000163259	0.00258992	7.01839e-05
Cell_314	4.31757e-17	1.00044e-13	0.0183132	3.45977e-13	0.421777	0.559794	0.000115037
Cell_315	5.74989e-33	1.16212e-10	0.00128605	2.02733e-11	0.0175209	0.00609813	0.975095
Cell_316	2.86018e-20	0.990643	0.000516819	2.07555e-06	0.00216456	0.00458163	0.00209231
Cell_317	6.52943e-45	0.0192309	0.0178188	0.00885727	0.0454254	0.904949	0.00371847
Cell_318	1.91927e-20	6.19753e-09	0.000497551	1.86654e-08	0.000730106	0.00112514	0.997647
Cell_319	3.33069e-18	1.43538e-08	0.0181241	4.26107e-09	0.0171004	0.069194	0.895581
Cell_320	3.22234e-28	0.000437945	0.00330655	0.000830228	0.486556	0.0537804	0.455088
Cell_321	1.91874e-21	0.005551	0.00232297	0.00780819	0.0139844	0.00518121	0.965152
Cell_322	1.10662e-61	2.33088e-17	0.0339341	5.36951e-17	0.501778	0.464002	0.000286127
Cell_323	2.37654e-21	3.36816e-07	0.0558605	8.32443e-07	0.421959	0.305077	0.217103
Cell_324	2.72676e-13	0.0418515	0.0106767	0.122862	0.012445	0.812162	2.50506e-06
Cell_325	1.50376e-16	7.80341e-11	0.0408605	2.4799e-10	0.165879	0.182802	0.610459
Cell_326	8.63159e-42	6.60843e-36	0.00241687	2.31181e-35	0.924761	0.0727979	2.37542e-05
Cell_327	3.9767e-22	1	7.56675e-09	5.78076e-08	5.86576e-09	3.22223e-07	7.18154e-14
Cell_328	5.34142e-28	1.3248e-11	0.0211053	3.98996e-11	0.046261	0.0643148	0.868319
Cell_329	3.32746e-19	3.08154e-15	0.00164139	1.07512e-14	0.00905132	0.00462449	0.984683
Cell_330	3.8203e-15	1.10443e-06	0.000479959	5.08674e-07	0.0013378	0.00142751	0.996753
Cell_331	0.999422	0.000182348	1.58678e-05	0.000120898	1.46279e-05	0.000213431	3.04175e-05
Cell_332	9.11754e-19	1.47028e-08	0.000582666	4.52303e-08	0.971399	0.028001	1.70627e-05
Cell_333	3.58432e-25	9.09307e-14	0.175246	2.92608e-13	0.00520816	0.749069	0.0704771
Cell_334	3.86083e-13	2.04633e-06	0.0408819	7.17741e-06	0.00481254	0.10868	0.845617
Cell_335	5.48817e-20	6.45866e-06	0.000927753	2.25585e-05	0.00204043	0.00255696	0.994446
Cell_336	3.54684e-30	4.14535e-13	0.00157751	1.23059e-13	0.345575	0.652846	1.68767e-06
Cell_337	2.40541e-22	1.24642e-05	0.000263279	4.25441e-05	0.000104171	0.000545486	0.999032
Cell_338	5.54658e-20	1.7642e-06	0.0289735	8.12547e-07	0.0461091	0.924902	1.27918e-05
Cell_339	1.00077e-36	1.03878e-15	0.0126725	3.57022e-15	0.466169	0.52115	8.44366e-06
Cell_340	1.49364e-32	5.39479e-09	0.0126635	1.13916e-08	0.245465	0.741792	7.91163e-05
Cell_341	0.989291	3.65205e-05	1.23117e-05	0.000119846	6.6004e-06	4.1194e-05	0.0104922
Cell_342	2.68442e-31	2.24665e-11	0.0170581	6.39399e-11	0.336992	0.645574	0.000375419
Cell_343	6.0544e-27	1	1.79195e-12	3.00219e-11	3.20114e-13	6.35846e-12	7.37105e-14
Cell_344	1.33802e-31	2.81342e-13	0.00306186	9.64988e-13	0.020097	0.00542233	0.971419
Cell_345	4.20393e-29	1.02103e-09	0.0848198	3.43553e-09	0.315296	0.499833	0.100052
Cell_346	7.58348e-51	4.90792e-13	0.00431925	9.30412e-13	0.403367	0.592314	1.65727e-07
Cell_347	6.57879e-27	7.3434e-06	0.0226162	4.86871e-06	0.111608	0.162721	0.703043
Cell_348	1.55169e-56	0.000111402	1.85471e-05	9.91541e-06	0.0033409	0.996519	5.21341e-16
Cell_349	3.91556e-32	1.62991e-13	0.0538923	2.70369e-13	0.319209	0.585538	0.04136
Cell_350	5.30888e-23	3.00959e-14	0.0327855	6.93302e-14	0.0636945	0.90351	9.7433e-06
Cell_351	7.97787e-24	2.26823e-05	0.000334093	3.76254e-05	0.000177077	0.000592888	0.998836
Cell_352	1.58548e-09	0.301308	0.0374921	0.199769	0.0365004	0.32548	0.0994503
Cell_353	7.58292e-20	3.91393e-06	0.000718521	8.26465e-06	0.00673229	0.00259727	0.98994
Cell_354	1.80188e-19	6.15337e-10	0.00100502	4.07972e-10	0.000686947	0.00158719	0.996721
Cell_355	1.68562e-18	1.46203e-06	0.0654628	2.77163e-06	0.270513	0.561692	0.102328
Cell_356	3.46434e-29	6.17686e-10	0.000542479	1.17097e-09	0.000784856	0.00134758	0.997325
Cell_357	1.15093e-21	1.64673e-10	0.057103	4.3085e-10	0.169556	0.772203	0.00113848
Cell_358	5.82983e-34	1.74148e-12	0.0842025	1.56072e-12	0.32196	0.588661	0.00517694
Cell_359	6.44722e-29	6.71168e-09	0.00210307	2.34422e-08	0.0233819	0.0196658	0.954849
Cell_360	4.02551e-28	1.04339e-05	1.69742e-05	2.72993e-05	0.00042196	5.12126e-05	0.999472
Cell_361	2.09369e-22	0.999964	1.99036e-06	2.6864e-05	2.34513e-08	5.84017e-06	1.52663e-06
Cell_362	1.81503e-20	2.58513e-09	0.0125453	2.31681e-09	0.715044	0.271758	0.0006531
Cell_363	2.45231e-24	2.29301e-11	0.0593874	6.28381e-11	0.217273	0.692769	0.0305702
Cell_364	9.12994e-19	5.08253e-05	0.000171695	2.34089e-05	0.00124542	0.000401946	0.998107
Cell_365	4.86801e-23	5.35782e-09	0.000606145	1.79385e-08	0.00555454	0.00167872	0.992161
Cell_366	2.41563e-31	7.7338e-10	0.00356545	2.37916e-09	0.541835	0.454588	1.18163e-05
Cell_367	4.68598e-18	2.39636e-11	0.00114463	7.03494e-11	0.474241	0.524615	1.5665e-09
Cell_368	1.99942e-25	2.56377e-09	0.0155337	5.41367e-09	0.319573	0.661216	0.00367726
Cell_369	9.46806e-21	0.0543693	0.000816511	0.00483917	0.890059	0.0482995	0.00161656
Cell_370	2.22805e-23	1.23903e-13	0.0233238	2.16149e-14	0.507406	0.469256	1.43017e-05
Cell_371	0.999534	4.88929e-05	7.51285e-06	0.000120839	8.2906e-06	0.000280068	4.47662e-09
Cell_372	3.60142e-26	3.47679e-08	0.0016569	1.03212e-08	0.744245	0.254091	7.17425e-06
Cell_373	5.89405e-29	4.83543e-06	0.0138493	1.69659e-05	0.00328441	0.022513	0.960331
Cell_374	3.64665e-12	0.00334066	0.0125625	0.0114027	0.228521	0.743862	0.000310958
Cell_375	1.75091e-27	1.22877e-12	0.00980022	4.23085e-12	0.830406	0.0962174	0.0635765
Cell_376	2.05188e-21	1.1832e-10	0.00622683	1.05311e-11	0.28908	0.704656	3.77799e-05
Cell_377	8.06142e-21	6.83189e-08	0.00364175	9.60993e-08	0.00835411	0.0130882	0.974916
Cell_378	3.51488e-19	0.484079	0.00895309	0.0430858	0.00879574	0.45501	7.64009e-05
Cell_379	4.64138e-24	1.3308e-11	0.00581974	4.67149e-11	0.331941	0.662238	1.12382e-06
Cell_380	6.97708e-13	6.39494e-06	0.0817406	4.23988e-06	0.0107054	0.272046	0.635498
Cell_381	8.77481e-27	5.21462e-10	9.22063e-05	1.82339e-09	0.000977497	0.000167759	0.998763
Cell_382	0.99972	5.25915e-05	2.1368e-05	0.000121152	5.00691e-06	8.01425e-05	1.72273e-07
Cell_383	1.05007e-28	1.43576e-14	0.00192657	3.30747e-14	0.401378	0.596695	7.84216e-10
Cell_384	5.75396e-33	2.12549e-12	0.0445729	9.78949e-13	0.264605	0.670343	0.0204797
Cell_385	5.30899e-51	3.11475e-09	0.0251664	1.0023e-08	0.231711	0.596304	0.146818
Cell_386	1.37095e-34	1.88147e-10	0.000418292	1.67461e-11	0.34458	0.655001	1.65626e-07
Cell_387	1.5089e-18	0.000539464	0.136856	9.41101e-05	0.309872	0.438627	0.114012
Cell_388	1.59601e-28	3.60336e-11	0.0750467	1.22994e-10	0.346749	0.312777	0.265427
Cell_389	7.47349e-12	5.46884e-08	0.0885619	1.60548e-07	0.0800232	0.828069	0.00334519
Cell_390	7.17421e-30	0.0127179	0.0317131	0.0441231	0.50741	0.265548	0.138488
Cell_391	0.994526	7.24972e-05	1.98427e-05	0.000120258	0.000455452	0.0048064	7.72654e-10
Cell_392	2.45484e-23	4.23119e-13	0.00104234	1.46795e-12	0.00425944	0.00260116	0.992097
Cell_393	7.3703e-28	1	7.15549e-10	6.83887e-09	3.81579e-10	4.69336e-09	3.80912e-12
Cell_394	4.16376e-25	6.97405e-07	0.00788892	2.38661e-06	0.00238509	0.0237903	0.965933
Cell_395	5.68636e-13	0.00168981	0.0196068	0.000294789	0.539657	0.438719	3.22914e-05
Cell_396	5.42864e-24	2.96795e-11	0.0163991	7.3353e-11	0.336456	0.64161	0.00553499
Cell_397	1.7008e-33	7.41502e-11	5.07957e-05	3.41518e-11	0.000405728	0.000129434	0.999414
Cell_398	1.18257e-27	5.41757e-05	0.000378445	0.000102703	0.00161384	0.000957806	0.996893
Cell_399	2.54105e-33	3.65954e-14	0.00451404	2.42629e-14	0.446383	0.549084	1.90394e-05
Cell_400	6.82128e-15	6.35809e-11	0.00318901	5.69815e-11	0.15333	0.84348	6.70684e-07
Cell_401	0.867796	9.31218e-05	6.94093e-06	0.000106945	5.44737e-05	2.06595e-05	0.131922
Cell_402	4.89971e-32	0.356852	0.0146794	0.0317619	0.238422	0.357784	0.000500391
Cell_403	2.04181e-19	0.000200555	0.000332895	1.78505e-05	0.000116233	0.000695107	0.998637
Cell_404	8.33642e-33	2.3193e-13	0.0125013	8.13818e-13	0.464583	0.522906	1.02903e-05
Cell_405	9.29155e-21	5.93131e-05	0.000497317	5.31567e-05	0.000377521	0.0012441	0.997769
Cell_406	7.84438e-32	2.57597e-09	0.00170804	8.06589e-09	0.00329425	0.00402953	0.990968
Cell_407	1.21075e-24	5.08159e-09	0.0317597	8.86489e-10	0.0649646	0.54785	0.355426
Cell_408	6.80942e-24	6.88103e-16	0.0278022	1.2004e-16	0.00993818	0.179159	0.783101
Cell_409	1.08864e-14	1.14454e-10	0.00542442	3.91674e-10	0.332753	0.661823	6.93894e-08
Cell_410	2.34049e-28	0.000501638	0.00166866	4.46486e-05	0.121493	0.0232724	0.85302
Cell_411	8.17266e-27	2.42178e-08	0.0123674	5.98543e-08	0.0934128	0.0660563	0.828163
Cell_412	1.29139e-23	0.000920005	0.00084752	0.000273112	0.0125394	0.00317576	0.982244
Cell_413	0.995478	4.0929e-05	2.50396e-05	0.000128157	7.62653e-05	0.00425139	1.65234e-11
Cell_414	1.17273e-23	0.0427482	0.0125622	0.0196888	0.467863	0.457136	1.95951e-06
Cell_415	3.50483e-35	2.91697e-13	0.0691045	1.0235e-12	0.450096	0.47629	0.00450997
Cell_416	0.987108	3.41197e-05	1.74639e-05	0.000119407	4.30389e-06	3.70501e-05	0.01268
Cell_417	2.20193e-36	0.0115559	0.00472575	1.51818e-05	0.0019299	0.0157543	0.966019
Cell_418	0.99956	3.47313e-05	1.73799e-05	0.000120864	3.38722e-05	0.000231576	1.21031e-06
Cell_419	1.57378e-48	2.56343e-14	0.0122717	4.8596e-14	0.610409	0.373722	0.00359708
Cell_420	1.89154e-16	5.17585e-07	3.21025e-05	1.55883e-06	0.000143828	7.21371e-05	0.99975
Cell_421	1.53012e-38	1	7.72858e-10	1.94468e-09	7.40018e-09	4.92208e-09	4.8093e-11
Cell_422	8.35586e-19	3.15231e-08	0.009554	6.65642e-08	0.640126	0.283514	0.066806
Cell_423	2.88706e-16	0.000149276	6.83812e-05	0.000209976	0.000842316	0.000175515	0.998555
Cell_424	2.95803e-16	4.35781e-09	0.00829071	3.87869e-10	0.471136	0.520414	0.000158991
Cell_425	2.02089e-25	6.39661e-09	0.0486385	2.08028e-08	0.4971	0.438567	0.015694
Cell_426	2.23254e-23	4.2809e-10	0.00264248	1.05803e-09	0.0775887	0.919769	5.25793e-08
Cell_427	1.29938e-33	3.32494e-06	0.0331962	2.95939e-07	0.396036	0.289301	0.281463
Cell_428	2.0039e-13	3.8417e-06	0.00657625	1.00514e-05	0.00387535	0.0121909	0.977344
Cell_429	1.44281e-19	1.707e-08	0.000103313	5.87745e-08	0.000110822	0.000184486	0.999601
Cell_430	1.56372e-10	0.551342	0.0580663	0.0490725	0.00274679	0.307986	0.0307865
Cell_431	2.28451e-22	1.28557e-12	0.000555258	4.37528e-12	0.00190659	0.00147491	0.996063
Cell_432	1.10538e-26	1	5.28288e-10	4.75012e-09	5.83387e-11	2.34687e-09	2.00722e-11
Cell_433	2.11088e-10	1.7645e-13	0.0026502	1.16987e-13	0.875966	0.038407	0.0829766
Cell_434	1.83733e-14	0.15673	0.016567	0.0273417	0.285832	0.503393	0.0101365
Cell_435	0.997704	3.6503e-05	2.58771e-05	0.000120715	6.39807e-06	5.75819e-05	0.00204846
Cell_436	3.50064e-30	9.11143e-10	0.00130609	1.5114e-09	0.892914	0.105501	0.000279092
Cell_437	9.87363e-23	8.76724e-14	5.072e-05	2.96273e-13	0.000137206	0.000113653	0.999698
Cell_438	2.74965e-27	2.77211e-15	0.0662332	9.32747e-15	0.252394	0.569466	0.111907
Cell_439	3.03021e-31	1.89923e-11	0.0733736	6.65993e-11	0.195292	0.329919	0.401416
Cell_440	9.04804e-30	6.56628e-13	0.000381217	9.23631e-13	0.973057	0.0265607	1.05663e-06
Cell_441	1.03529e-25	1.1402e-09	0.0301523	1.60384e-09	0.0310898	0.938524	0.000233931
Cell_442	6.08773e-08	0.333256	0.0213856	0.09893	0.00334949	0.542687	0.000392538
Cell_443	0.999562	0.000105462	1.94374e-05	0.000121117	8.25462e-06	9.38152e-05	9.02224e-05
Cell_444	1.15358e-28	1.328e-13	0.108188	4.61833e-13	0.190149	0.696302	0.00536153
Cell_445	1.0052e-21	4.62903e-13	0.000412012	1.31743e-12	0.000433017	0.00116479	0.99799
Cell_446	4.0331e-16	4.13112e-06	0.00717239	3.67693e-07	0.00520822	0.0317469	0.955868
Cell_447	9.67696e-35	1.71985e-14	0.000367648	5.46564e-14	0.000558443	0.000697578	0.998376
Cell_448	1.88997e-14	1.18872e-11	0.00427138	4.03226e-11	0.0230021	0.0150167	0.95771
Cell_449	2.84411e-14	0.00114985	0.00149936	0.000529593	0.00106204	0.00510066	0.990658
Cell_450	3.21028e-12	7.03036e-10	0.109867	2.16276e-09	0.207389	0.318749	0.363995
Cell_451	6.2666e-06	0.0685331	0.00242735	0.00609983	0.406883	0.516044	6.21371e-06
Cell_452	3.87775e-24	1.2299e-11	0.0206784	4.26696e-11	0.0222497	0.957067	4.77855e-06
Cell_453	0.252367	1.4536e-05	4.31928e-05	5.07348e-05	0.000329289	9.80773e-05	0.747097
Cell_454	6.99742e-39	4.63645e-12	0.0159999	1.42632e-11	0.398345	0.579448	0.00620698
Cell_455	6.19438e-16	0.0180914	0.105856	0.03001	0.185389	0.639588	0.0210654
Cell_456	7.83226e-38	3.51414e-10	0.00487116	2.3299e-10	0.384627	0.610483	1.90414e-05
Cell_457	0.999062	0.0006925	1.68022e-05	0.000120807	4.13346e-06	0.00010413	8.81496e-08
Cell_458	1.59632e-29	1.73862e-10	0.0299771	4.94814e-10	0.473016	0.37281	0.124196
Cell_459	2.02172e-37	3.82329e-16	0.000428187	2.53486e-16	0.0165845	0.982987	2.90477e-12
Cell_460	5.37109e-35	1.54276e-13	0.069686	5.3777e-13	0.609101	0.305122	0.016091
Cell_461	1.36991e-15	0.984681	0.000940365	0.00685564	0.000416309	0.0068491	0.000257545
Cell_462	4.45991e-15	4.5642e-06	0.00894949	2.10216e-06	0.27007	0.720919	5.56393e-05
Cell_463	1.87857e-30	8.43034e-08	0.00351398	7.50348e-09	0.595621	0.400806	5.90968e-05
Cell_464	7.82783e-31	3.66314e-22	0.00174023	7.73509e-22	0.00132439	0.00683909	0.990096
Cell_465	4.50741e-31	1.96484e-17	0.00140512	6.8687e-17	0.00391061	0.00288409	0.9918
Cell_466	2.25529e-31	4.03441e-10	0.0101083	1.4063e-09	0.0681614	0.0242503	0.89748
Cell_467	7.66286e-45	9.8952e-25	0.0313289	2.81619e-24	0.484619	0.473152	0.0108997
Cell_468	2.52114e-26	5.65183e-07	1.48963e-05	1.81872e-06	0.000146941	3.14559e-05	0.999804
Cell_469	3.907e-17	4.04217e-08	0.0396631	8.53544e-08	0.0830951	0.33886	0.538382
Cell_470	5.22903e-23	9.48336e-10	0.000164698	3.21686e-09	0.00157023	0.000305234	0.99796
