cell	Node 0	Node 1	Node 2	Node 3	Node 4	Node 5
Cell_0	3.60509e-12	0.00755912	0.00167058	0.000100087	0.516575	0.474096
Cell_1	2.01576e-20	0.0290851	0.00295197	3.34682e-09	0.769473	0.19849
Cell_2	1.71189e-43	0.000392825	0.00130465	4.356e-09	0.165534	0.832769
Cell_3	0.999769	3.3088e-06	1.76717e-06	3.20504e-15	0.000147586	7.8504e-05
Cell_4	1.03637e-27	0.000613967	0.000447899	5.92011e-13	0.253081	0.745857
Cell_5	0.988506	2.27415e-05	1.89381e-05	2.24484e-15	0.00155411	0.00989793
Cell_6	2.1248e-23	0.00320693	0.00195185	1.84594e-12	0.624156	0.370685
Cell_7	0.997421	4.29189e-06	1.6969e-05	3.02999e-19	0.00177321	0.000784672
Cell_8	3.32552e-25	0.000129531	0.000385482	1.55154e-16	0.0545399	0.944945
Cell_9	7.68311e-28	0.00217023	0.0168022	1.34669e-17	0.915295	0.0657328
Cell_10	4.79733e-06	0.000923441	0.00214825	2.40421e-17	0.389975	0.606948
Cell_11	0.997037	0.00142784	1.69336e-05	5.21809e-11	0.00142873	8.91392e-05
Cell_12	0.998131	4.72043e-06	1.68621e-05	5.50202e-35	0.00176504	8.19783e-05
Cell_13	1.29202e-12	0.0101346	0.00129215	1.86923e-11	0.26812	0.720454
Cell_14	0.000266275	0.0210534	0.00399436	1.46775e-09	0.284178	0.690508
Cell_15	0.000123773	0.00337944	0.00112802	9.58884e-13	0.434891	0.560478
Cell_16	4.21743e-45	0.0664044	0.0070582	2.18243e-21	0.896322	0.0302157
Cell_17	5.31439e-21	0.0513823	0.0016405	1.68639e-07	0.693555	0.253423
Cell_18	3.47021e-16	0.00878585	0.00039431	0.000552351	0.118591	0.871677
Cell_19	2.64522e-16	0.000636754	0.00129116	2.84236e-15	0.251079	0.746993
Cell_20	1.42361e-48	0.0023757	0.00168664	4.35681e-16	0.755072	0.240866
Cell_21	2.11889e-10	0.00213403	0.00279649	1.08883e-21	0.881685	0.113385
Cell_22	8.49421e-05	0.00185082	0.00471832	6.1185e-14	0.758668	0.234678
Cell_23	3.02237e-13	0.000476718	0.00123991	1.65381e-14	0.0613476	0.936936
Cell_24	9.88473e-23	0.000175811	0.000842647	0.00816906	0.0668715	0.923941
Cell_25	9.8229e-30	0.00711743	0.00285606	1.82588e-11	0.48639	0.503636
Cell_26	2.13476e-33	0.0273048	0.00164122	5.00457e-11	0.368559	0.602495
Cell_27	3.19213e-34	0.00154559	0.00294568	6.74595e-09	0.649427	0.346082
Cell_28	3.32362e-25	0.995382	3.99679e-05	7.17368e-09	0.00300183	0.00157638
Cell_29	5.30354e-31	0.00167032	0.000878884	8.14404e-13	0.578335	0.419116
Cell_30	2.9385e-40	0.000411046	0.00133195	8.8228e-10	0.173635	0.824622
Cell_31	4.58627e-25	0.00146469	0.00468834	8.09217e-18	0.577543	0.416304
Cell_32	8.05551e-23	0.00153597	0.00289722	8.76122e-14	0.488178	0.507389
Cell_33	6.63162e-41	0.000756141	0.00119486	1.61102e-13	0.210346	0.787703
Cell_34	2.32673e-41	0.00836757	0.00288357	2.66125e-13	0.571822	0.416927
Cell_35	2.92377e-49	0.00101411	0.000111316	1.8795e-16	0.0452337	0.953641
Cell_36	3.19314e-26	0.00980708	0.000924523	9.07211e-27	0.437437	0.551831
Cell_37	2.06313e-15	0.00214484	0.00077292	1.22845e-07	0.543635	0.453447
Cell_38	7.69886e-33	0.0151037	0.000943202	0.302342	0.673687	0.00792438
Cell_39	2.00297e-32	0.00085882	0.000763189	6.02414e-19	0.361292	0.637086
Cell_40	3.25951e-24	0.000615606	0.000260355	2.719e-16	0.0996567	0.899467
Cell_41	6.04936e-33	0.00122903	0.0017503	6.02289e-12	0.425541	0.57148
Cell_42	8.76513e-55	0.00204248	0.0104699	7.421e-20	0.748067	0.239421
Cell_43	1.10705e-24	0.0172883	0.00164833	7.70075e-08	0.457378	0.523686
Cell_44	2.61671e-38	0.0112819	0.00423719	1.28807e-25	0.50322	0.481261
Cell_45	2.55615e-07	0.000720132	0.00145028	8.01662e-13	0.249339	0.74849
Cell_46	6.98933e-19	0.996617	1.6439e-05	3.88577e-12	0.00297256	0.000393924
Cell_47	1.59426e-18	0.00322704	0.00136511	1.38197e-19	0.415279	0.580129
Cell_48	3.013e-60	0.0140262	0.00128438	8.90412e-09	0.95852	0.0261691
Cell_49	1.21211e-40	0.00064177	0.00167393	1.67705e-11	0.265688	0.731996
Cell_50	4.23164e-48	0.00112829	0.00045265	0.668566	0.182653	0.147201
Cell_51	1.87119e-36	0.00121491	0.00162268	2.59236e-14	0.486574	0.510588
Cell_52	2.56036e-40	0.00072612	0.00139986	8.93246e-18	0.306485	0.691389
Cell_53	6.26619e-38	0.176439	0.00298019	9.89982e-14	0.759956	0.0606243
Cell_54	3.67621e-32	0.0405024	0.00536575	0.364383	0.546699	0.0430498
Cell_55	2.56211e-17	0.00576281	0.00158334	3.05935e-12	0.741601	0.251053
Cell_56	1.88415e-19	0.653197	0.00103164	0.00864607	0.24629	0.0908358
Cell_57	3.81576e-41	0.000956003	0.0015935	1.58697e-15	0.39649	0.600961
Cell_58	1.32406e-18	0.00409189	0.00364392	2.71691e-31	0.922573	0.0696913
Cell_59	1.08334e-20	0.00101652	0.00168484	7.53969e-15	0.338769	0.65853
Cell_60	6.91594e-22	0.00378905	0.00118227	1.30863e-11	0.613386	0.381643
Cell_61	4.44757e-19	0.0358877	0.00358831	2.16803e-05	0.949442	0.0110599
Cell_62	2.68553e-37	0.00720239	0.000564549	2.12013e-05	0.321257	0.670955
Cell_63	2.90265e-19	0.00226059	0.00332967	1.75592e-14	0.807318	0.187092
Cell_64	6.89831e-28	0.00161338	0.00277691	1.36545e-11	0.483332	0.512278
Cell_65	1.63699e-21	0.0182015	0.00103833	1.34314e-11	0.481537	0.499224
Cell_66	4.98728e-29	0.00210448	0.000950116	1.24842e-14	0.340682	0.656263
Cell_67	1.42125e-44	0.00214693	0.000273469	1.26287e-14	0.146716	0.850863
Cell_68	1.82045e-18	0.000532029	0.000962195	6.0753e-23	0.202363	0.796143
Cell_69	1.65792e-44	0.00101403	0.00234604	7.14313e-14	0.416901	0.579739
Cell_70	8.1073e-39	0.00282963	0.00805768	1.70629e-15	0.899345	0.0897675
Cell_71	2.6985e-18	0.00349592	0.00291262	4.48049e-12	0.788203	0.205388
Cell_72	4.44722e-13	0.000516433	0.000154571	5.2751e-22	0.143664	0.855665
Cell_73	2.56134e-19	0.0158493	0.000434675	0.557479	0.17601	0.250228
Cell_74	5.66439e-30	0.0352903	0.00814297	1.55727e-34	0.933637	0.0229298
Cell_75	4.85926e-07	0.00225274	0.00295825	3.75847e-11	0.912538	0.0822502
Cell_76	1.44043e-40	0.00196615	0.00278638	2.79451e-19	0.702164	0.293084
Cell_77	1.63946e-40	0.00124876	0.00148596	3.24153e-10	0.50013	0.497135
Cell_78	1.45382e-27	0.00279507	0.00329774	4.18067e-09	0.543996	0.449911
Cell_79	1.215e-16	0.0124795	0.00353529	9.46033e-13	0.556639	0.427346
Cell_80	9.01507e-11	0.00180922	0.000816201	1.02667e-08	0.458567	0.538807
Cell_81	1.55489e-14	0.00215785	0.00600247	2.23936e-13	0.91118	0.0806599
Cell_82	1.34049e-38	0.00157768	0.00287659	9.06409e-13	0.56343	0.432115
Cell_83	2.13944e-29	0.00132828	0.00100479	1.08497e-08	0.369507	0.62816
Cell_84	3.67635e-30	0.000804172	0.00183478	3.12649e-15	0.3393	0.658061
Cell_85	3.73095e-15	0.969633	0.000140181	4.1129e-10	0.0214259	0.0088009
Cell_86	2.0333e-45	0.00576255	0.00235719	1.37001e-13	0.558241	0.43364
Cell_87	1.64273e-08	0.00569297	0.00451065	2.86165e-11	0.9216	0.0681959
Cell_88	2.56127e-05	0.0127651	0.00265185	4.15417e-09	0.337713	0.646844
Cell_89	6.20627e-32	0.00105069	0.00205346	1.47363e-16	0.44357	0.553326
Cell_90	1.17435e-18	0.000276734	0.000685945	1.36437e-15	0.05386	0.945177
Cell_91	7.1276e-29	0.0178627	0.00363999	2.10413e-13	0.79675	0.181747
Cell_92	2.80689e-07	0.00798153	0.00307388	8.58706e-12	0.35601	0.632934
Cell_93	1.00065e-26	0.00105263	7.71351e-05	1.20453e-12	0.0278482	0.971022
Cell_94	2.85858e-29	0.0244808	0.00207364	3.42459e-12	0.33044	0.643005
Cell_95	6.74697e-52	0.000540213	0.00122524	4.61894e-14	0.225707	0.772528
Cell_96	0.997884	4.54811e-06	1.68639e-05	4.08428e-18	0.00191032	0.000184749
Cell_97	4.07227e-11	0.000503432	0.00299712	4.64074e-22	0.208417	0.788082
Cell_98	2.88811e-32	0.000723165	0.0011595	6.07696e-11	0.300403	0.697715
Cell_99	1.6512e-32	0.00162459	0.00144898	1.77146e-14	0.516344	0.480583
Cell_100	4.87427e-08	0.000784687	6.26163e-05	7.48942e-13	0.0536238	0.945529
Cell_101	2.87148e-24	0.00276759	0.0010326	7.20144e-18	0.448029	0.548171
Cell_102	5.75317e-19	8.10697e-05	7.95337e-05	6.00643e-16	0.0308357	0.969004
Cell_103	1.11092e-29	0.00170162	0.00163793	5.54548e-15	0.607696	0.388965
Cell_104	1.81684e-24	0.0106389	0.00952875	2.53905e-17	0.727041	0.252791
Cell_105	1.72159e-14	0.000610867	0.000637501	0.000744845	0.25738	0.740627
Cell_106	2.73635e-27	0.00148619	0.00291643	4.39088e-22	0.565286	0.430311
Cell_107	1.02248e-23	0.00319407	0.000808452	9.26243e-15	0.411037	0.584961
Cell_108	0.99477	3.56825e-06	1.6995e-05	7.35559e-15	0.00139304	0.00381614
Cell_109	2.59797e-19	0.00231908	0.0036457	1.99643e-23	0.522868	0.471168
Cell_110	2.20346e-27	0.00453002	0.000418483	3.75069e-15	0.309572	0.685479
Cell_111	1.24856e-30	0.00340374	0.00160695	0.0576084	0.438019	0.499362
Cell_112	2.7666e-46	0.00353031	0.00167614	1.63882e-17	0.454306	0.540487
Cell_113	2.92217e-55	0.00171488	8.56652e-05	4.95678e-18	0.0453688	0.952831
Cell_114	1.18485e-50	0.000315219	0.00130413	6.35157e-13	0.132572	0.865808
Cell_115	1.12184e-30	0.000557932	0.0014369	3.21676e-16	0.23364	0.764365
Cell_116	8.49264e-28	0.011988	0.000853665	2.18524e-10	0.534714	0.452445
Cell_117	0.997762	5.99159e-06	1.68569e-05	7.10844e-19	0.00190431	0.000310935
Cell_118	7.23012e-18	0.000545043	0.000167856	2.33336e-14	0.0882336	0.911053
Cell_119	2.64834e-19	0.0402263	0.00249892	2.47101e-22	0.542971	0.414304
Cell_120	1.28726e-27	0.000414174	0.000662192	2.20514e-05	0.159787	0.839115
Cell_121	1.67967e-26	0.00035498	0.000973183	8.79404e-14	0.145509	0.853163
Cell_122	1.90344e-43	0.0484392	0.00221591	8.47352e-21	0.653828	0.295517
Cell_123	1.55536e-12	0.00968459	0.00777018	5.30532e-13	0.938184	0.0443612
Cell_124	1.42883e-31	0.000631972	0.00100051	1.09106e-15	0.122999	0.875369
Cell_125	3.3933e-28	0.000882111	0.00133808	7.91307e-13	0.365187	0.632592
Cell_126	2.15121e-24	0.00185665	0.00200289	4.37992e-14	0.590101	0.406039
Cell_127	6.62823e-26	0.000189832	0.00107896	1.71373e-14	0.0797903	0.918941
Cell_128	7.00982e-23	0.00144837	0.0038388	1.11325e-09	0.517252	0.477461
Cell_129	1.55224e-26	0.0013924	0.00151627	0.000805852	0.553684	0.442602
Cell_130	2.00334e-19	0.0026597	0.00220037	3.50558e-09	0.994503	0.000637026
Cell_131	1.12474e-49	0.0421512	0.00159592	2.91321e-18	0.568954	0.387299
Cell_132	5.75554e-09	0.000759647	0.00240414	1.41394e-06	0.263021	0.733814
Cell_133	4.73142e-30	0.00134747	0.00241209	6.22367e-15	0.565499	0.430741
Cell_134	2.37012e-28	0.00369977	0.00254753	3.3771e-15	0.598934	0.394819
Cell_135	0.995646	3.75438e-06	1.68433e-05	5.45615e-21	0.00134079	0.00299295
Cell_136	4.74373e-13	0.000861707	0.00203512	2.65961e-15	0.239713	0.75739
Cell_137	9.53935e-36	0.00169849	0.000846479	1.49547e-13	0.539831	0.457624
Cell_138	2.94493e-38	0.00111612	0.00176591	8.71158e-14	0.464888	0.53223
Cell_139	1.33236e-11	0.0014459	0.00162882	4.5255e-13	0.402226	0.5947
Cell_140	0.996183	1.26226e-05	2.04882e-05	4.43028e-14	0.00284594	0.000937981
Cell_141	5.90609e-37	0.0548222	0.00139721	1.03701e-23	0.739987	0.203794
Cell_142	7.18106e-22	0.000652513	0.00112189	4.43432e-12	0.264319	0.733907
Cell_143	3.66091e-32	0.000670738	0.000990035	5.03613e-11	0.282303	0.716037
Cell_144	3.18351e-30	0.00599262	0.00279123	4.85311e-11	0.409523	0.581693
Cell_145	4.03007e-34	0.000694792	0.000311821	3.89782e-09	0.112476	0.886518
Cell_146	5.8751e-35	0.00308808	0.00564361	1.38474e-11	0.981488	0.00978039
Cell_147	5.53874e-34	0.000705477	0.000696068	3.23399e-12	0.28707	0.711529
Cell_148	1.05352e-08	0.0016278	0.00796573	1.54554e-10	0.659385	0.331021
Cell_149	0.000131107	0.00731983	0.000427213	2.7526e-13	0.193653	0.798469
Cell_150	3.19525e-23	0.00052971	0.00059142	5.85168e-18	0.194008	0.80487
Cell_151	1.12962e-28	0.000829511	0.000125275	1.70505e-38	0.056687	0.942358
Cell_152	2.55821e-21	8.63478e-05	0.000164548	6.0602e-17	0.0322868	0.967462
Cell_153	3.75033e-35	0.00276723	0.00448236	2.68305e-14	0.769801	0.222949
Cell_154	4.15867e-33	0.000980743	0.000837071	1.48923e-12	0.359201	0.638981
Cell_155	4.36951e-13	0.0057145	0.000838329	2.65785e-13	0.553586	0.439861
Cell_156	1.2156e-07	0.0208176	0.0030175	1.06246e-09	0.280995	0.69517
Cell_157	7.47559e-27	0.00111157	0.000709114	3.28917e-13	0.353292	0.644887
Cell_158	3.96834e-06	0.000587606	0.00186497	3.31895e-17	0.245281	0.752262
Cell_159	8.4382e-32	0.0128263	0.00291395	1.59822e-36	0.339331	0.644929
Cell_160	2.64704e-17	0.0397786	0.00107964	8.25674e-20	0.536929	0.422213
Cell_161	3.9421e-30	0.0157944	0.000879811	8.01007e-13	0.417856	0.565469
Cell_162	1.39579e-23	0.000626581	0.000528366	3.92955e-14	0.223769	0.775076
Cell_163	2.96396e-22	0.00565498	0.000497102	0.91212	0.0763306	0.00539782
Cell_164	1.41146e-50	0.00215991	0.00289481	2.51495e-18	0.747848	0.247097
Cell_165	4.17665e-20	0.000379804	0.00121006	1.01207e-07	0.159464	0.838946
Cell_166	2.05835e-23	0.967593	0.000356962	2.44863e-06	0.0213808	0.010667
Cell_167	3.6402e-25	0.00123735	0.00114894	1.91589e-12	0.370683	0.62693
Cell_168	1.3429e-06	0.0323155	0.00201956	6.88924e-13	0.854938	0.110725
Cell_169	8.08756e-26	0.000683122	0.00296991	1.90944e-11	0.271641	0.724706
Cell_170	5.95941e-49	0.00149334	0.00297709	1.46065e-09	0.290645	0.704885
Cell_171	8.06676e-44	0.00151071	5.05898e-05	1.48533e-15	0.0203914	0.978047
Cell_172	5.16435e-28	0.00181835	0.00205624	1.26618e-12	0.577928	0.418197
Cell_173	6.16325e-20	0.000496453	0.000480404	2.79219e-15	0.209529	0.789494
Cell_174	2.17505e-20	0.0284001	0.00135222	7.55988e-17	0.383342	0.586906
Cell_175	1.32357e-19	0.00111506	0.000690968	9.50851e-19	0.416938	0.581256
Cell_176	4.70722e-52	0.00153012	0.000955757	1.45698e-16	0.486319	0.511195
Cell_177	5.19135e-20	0.00399332	0.000525529	4.09386e-07	0.178119	0.817362
Cell_178	5.13792e-31	0.000575935	0.00119351	2.73957e-12	0.210939	0.787292
Cell_179	4.50712e-24	0.00049959	0.000733184	2.45e-16	0.149666	0.849101
Cell_180	2.4472e-38	0.00178547	0.00119603	4.57839e-13	0.534887	0.462132
Cell_181	6.93344e-26	0.00245775	0.0058775	1.05419e-17	0.969117	0.0225481
Cell_182	1.61466e-29	0.000940238	0.00161693	1.60917e-13	0.393169	0.604274
Cell_183	4.49448e-20	0.00010633	0.000305401	7.81762e-25	0.0446243	0.954964
Cell_184	5.95711e-38	0.000179283	0.000412229	1.01644e-11	0.0757178	0.923691
Cell_185	1.10325e-23	0.014036	0.00289451	6.60902e-12	0.626063	0.357006
Cell_186	1.12825e-30	0.000134216	0.000215067	8.17401e-15	0.0566506	0.943
Cell_187	1.36032e-24	0.00037871	0.000422057	3.74865e-16	0.159768	0.839432
Cell_188	5.52641e-20	0.00297464	0.00658457	2.09333e-15	0.945433	0.0450078
Cell_189	9.19616e-17	0.00118944	0.00207924	9.09425e-13	0.435636	0.561095
Cell_190	1.50336e-18	0.0031997	0.00234091	1.22724e-11	0.890107	0.104353
Cell_191	1.05798e-29	0.000250263	0.000156171	1.17677e-10	0.063432	0.936162
Cell_192	7.71319e-25	0.00185879	0.00447146	8.9711e-33	0.781756	0.211914
Cell_193	4.22979e-17	0.00137456	0.000932005	5.13972e-09	0.436879	0.560815
Cell_194	1.19819e-27	0.00130365	0.00176781	9.04165e-14	0.502943	0.493985
Cell_195	2.95785e-10	0.0023703	0.00706567	8.84393e-18	0.971607	0.0189567
Cell_196	6.6697e-36	0.00229474	0.00148113	1.01357e-15	0.156817	0.839407
Cell_197	3.67612e-20	0.00585618	0.00656978	2.69376e-11	0.567311	0.420263
Cell_198	5.38918e-19	0.131844	7.28297e-06	0.866223	0.000397609	0.00152824
Cell_199	7.60815e-28	0.00767174	2.6977e-10	0.992328	3.37196e-08	4.03861e-09
Cell_200	3.18404e-31	0.00197365	0.00762121	7.43477e-12	0.806262	0.184143
Cell_201	0.998506	4.20574e-06	1.6935e-05	8.65761e-21	0.00140162	7.14699e-05
Cell_202	2.2139e-35	0.0128516	0.00204925	4.73611e-13	0.573235	0.411864
Cell_203	0.998077	5.67867e-06	1.70169e-05	6.267e-17	0.00157972	0.000320857
Cell_204	5.148e-22	0.00140241	0.00102088	5.14292e-16	0.227027	0.77055
Cell_205	2.23642e-14	0.00323893	0.0016046	1.03869e-16	0.313768	0.681389
Cell_206	2.94907e-35	0.000546531	2.99232e-05	1.19252e-05	0.014459	0.984953
Cell_207	3.63556e-13	0.00121676	0.000647619	4.84038e-44	0.274335	0.7238
Cell_208	2.58706e-26	0.000306153	0.000311113	3.41603e-14	0.114475	0.884907
Cell_209	3.99861e-34	0.997131	3.91609e-06	7.70497e-08	0.00123975	0.00162526
Cell_210	5.3391e-37	0.000794112	0.000589036	8.4365e-18	0.330344	0.668273
Cell_211	1.45635e-30	0.00080398	0.00245965	3.62003e-13	0.334449	0.662287
Cell_212	1.13713e-12	0.000167972	0.000710513	8.34432e-14	0.0559788	0.943143
Cell_213	1.09085e-30	0.0139355	0.00306282	1.36167e-10	0.952322	0.0306796
Cell_214	3.86682e-37	0.0010254	0.00103888	8.46106e-15	0.341728	0.656208
Cell_215	8.90112e-20	0.000178357	0.000602859	7.51058e-15	0.0738385	0.92538
Cell_216	5.65813e-34	0.00155621	0.00549258	7.88449e-16	0.350869	0.642082
Cell_217	2.28877e-18	0.00994523	0.00034702	8.3308e-13	0.13424	0.855468
Cell_218	0.000569185	0.0359303	0.00453798	4.06042e-12	0.484985	0.473978
Cell_219	4.20254e-32	0.000901899	0.00186417	5.58601e-16	0.380104	0.61713
Cell_220	3.23889e-20	0.000135292	0.000408147	9.98945e-20	0.0537981	0.945658
Cell_221	3.91144e-53	0.000833582	0.000850681	2.52164e-14	0.345097	0.653219
Cell_222	8.77615e-25	0.00210461	0.00106145	2.7424e-13	0.270836	0.725998
Cell_223	5.13975e-37	0.000745934	0.000653233	6.78535e-13	0.168181	0.83042
Cell_224	9.21657e-11	0.00836795	0.00246592	1.18056e-16	0.571848	0.417318
Cell_225	5.86718e-25	0.00164104	0.00580942	3.85375e-13	0.684306	0.308243
Cell_226	0.997262	1.16976e-05	1.7013e-05	5.43013e-20	0.00227667	0.000432153
Cell_227	2.24579e-32	0.000982162	0.00143543	3.34346e-07	0.401226	0.596356
Cell_228	1.01526e-30	0.00212253	0.00289457	1.22378e-08	0.478554	0.516429
Cell_229	1.07439e-45	0.000889119	0.000904869	2.17744e-10	0.360163	0.638043
Cell_230	4.7221e-27	0.00108589	0.0020597	3.51074e-15	0.452814	0.54404
Cell_231	8.54182e-31	0.000868091	0.00056399	1.55915e-17	0.300569	0.697999
Cell_232	4.33375e-32	0.00127606	0.00220485	8.43414e-13	0.527209	0.46931
Cell_233	0.974911	0.000335956	9.85519e-05	0.000390159	0.00888804	0.0153764
Cell_234	6.0569e-17	0.039279	0.000853787	2.18122e-11	0.530186	0.429682
Cell_235	3.76613e-21	0.0013184	0.000938886	3.65412e-12	0.256596	0.741147
Cell_236	4.86447e-27	0.00110893	0.00124086	1.27249e-13	0.308488	0.689163
Cell_237	1.62415e-28	0.00247704	0.00182879	1.04888e-05	0.884616	0.111067
Cell_238	1.31858e-22	0.00198183	0.00176499	5.23384e-14	0.320826	0.675427
Cell_239	1.28885e-08	0.0361745	0.000540075	9.8833e-12	0.488281	0.475004
Cell_240	9.22554e-16	0.0105995	0.000689772	1.12741e-12	0.280419	0.708292
Cell_241	8.07852e-31	0.0203428	0.0004731	0.00820687	0.538188	0.432789
Cell_242	2.55997e-25	0.000378571	0.000519803	2.27905e-21	0.159122	0.83998
Cell_243	1.37381e-50	0.00099089	0.00152489	2.39938e-11	0.353874	0.643611
Cell_244	7.68607e-18	0.000624207	0.00147479	6.25142e-16	0.262961	0.73494
Cell_245	5.98975e-16	0.000589567	0.00153053	2.3931e-11	0.187383	0.810497
Cell_246	1.04313e-47	0.00144785	0.000301914	2.54975e-15	0.234383	0.763867
Cell_247	2.80096e-15	0.000465322	0.000294387	4.22998e-14	0.166179	0.833061
Cell_248	1.45439e-21	0.00543434	0.00422475	1.34839e-13	0.879732	0.110609
Cell_249	1.32951e-34	0.00159107	0.00172638	1.21747e-18	0.44261	0.554072
Cell_250	0.997755	4.10372e-06	1.69311e-05	1.51378e-14	0.00142088	0.00080266
Cell_251	1.49688e-25	0.0028619	0.0014295	1.11561e-14	0.36829	0.627419
Cell_252	4.19144e-15	0.00364612	0.00425876	8.27988e-10	0.590247	0.401848
Cell_253	3.16135e-12	0.000447101	0.00139935	5.35133e-12	0.087018	0.911136
Cell_254	1.90805e-24	0.00125655	0.00120208	5.51229e-15	0.469845	0.527696
Cell_255	1.86365e-18	0.00229743	0.00430201	3.99471e-14	0.517988	0.475413
Cell_256	9.15216e-10	0.0134649	0.00510464	3.94612e-06	0.920165	0.0612617
Cell_257	8.0287e-25	0.00223115	0.00222802	1.30007e-36	0.620672	0.374869
Cell_258	1.69363e-20	0.000540983	0.00103752	1.66595e-53	0.226217	0.772205
Cell_259	5.19815e-23	0.00197414	0.0034463	1.62054e-15	0.723037	0.271542
Cell_260	2.13268e-27	8.90249e-05	0.000112711	4.73442e-12	0.0200719	0.979726
Cell_261	0.0455076	0.0614029	0.00503827	2.07951e-14	0.828812	0.0592395
Cell_262	5.90232e-36	0.00119831	0.00184154	1.03556e-16	0.455791	0.541169
Cell_263	2.49779e-24	0.000262941	0.00028802	5.92259e-15	0.110643	0.888807
Cell_264	1.58614e-22	0.00107948	0.00097106	6.12539e-12	0.17475	0.8232
Cell_265	8.80838e-24	0.000477057	0.000953285	1.03193e-10	0.197498	0.801072
Cell_266	9.83101e-11	0.0124325	0.00132594	8.09678e-05	0.554544	0.431617
Cell_267	0.00198847	0.00243251	0.0223425	1.69537e-14	0.890917	0.0823199
Cell_268	1.92222e-37	0.00464472	0.00332551	2.0983e-11	0.751906	0.240124
Cell_269	3.37217e-55	0.000530168	0.000130511	4.71733e-12	0.0362306	0.963109
Cell_270	2.0023e-28	5.13124e-05	2.78061e-05	1.69364e-24	0.018325	0.981596
Cell_271	1.05406e-13	0.00141111	0.00100518	3.27243e-15	0.318153	0.67943
Cell_272	9.45624e-15	0.00767913	0.00164969	8.58207e-18	0.342521	0.64815
Cell_273	1.0433e-33	0.000566526	0.000683287	1.01215e-14	0.238951	0.759799
Cell_274	1.56999e-29	1	1.15484e-15	7.11588e-09	2.0018e-13	3.14808e-14
Cell_275	1.47818e-17	0.000799943	0.00035728	3.3159e-13	0.0774936	0.921349
Cell_276	0.996754	1.95871e-05	1.69722e-05	7.71327e-11	0.00252061	0.000688634
Cell_277	3.94991e-33	0.000873431	0.00122723	6.20039e-15	0.221381	0.776518
Cell_278	2.63483e-12	0.0123293	0.000618695	3.01268e-18	0.16642	0.820632
Cell_279	5.27165e-53	0.00165398	0.00175495	1.64462e-27	0.590681	0.40591
Cell_280	5.47044e-64	0.959819	0.000192042	1.99288e-14	0.0349486	0.00504043
Cell_281	3.65251e-20	0.000163688	0.000473498	2.63557e-11	0.0599516	0.939411
Cell_282	4.34428e-27	0.000777776	0.00249438	1.89675e-12	0.316489	0.680238
Cell_283	1.0694e-28	0.0110543	0.00227322	5.98931e-14	0.493067	0.493605
Cell_284	7.57869e-28	0.000336421	0.000667554	4.76874e-14	0.133776	0.86522
Cell_285	1.68504e-43	0.00102412	0.00299459	3.77658e-15	0.403821	0.59216
Cell_286	1.9297e-29	0.00053094	0.001441	9.11211e-14	0.194459	0.803569
Cell_287	1.54075e-33	0.00360551	0.00110615	8.52209e-14	0.34928	0.646009
Cell_288	0.996922	1.2769e-05	1.68522e-05	1.45818e-19	0.00287895	0.000169258
Cell_289	9.51678e-08	0.00198642	0.00447632	2.46284e-13	0.827385	0.166152
Cell_290	8.90339e-24	0.00144594	0.00163729	5.25845e-14	0.402237	0.59468
Cell_291	8.27124e-24	0.00212852	0.00115653	7.47494e-18	0.479905	0.51681
Cell_292	2.43366e-24	0.00163888	0.00279797	5.23863e-16	0.520886	0.474677
Cell_293	2.14514e-39	0.00234672	0.00171025	6.12297e-11	0.933163	0.0627801
Cell_294	2.93623e-31	0.0127337	1.96759e-09	0.987266	2.88701e-07	4.56056e-08
Cell_295	5.3592e-26	0.000339516	0.000154272	1.01088e-15	0.117554	0.881952
Cell_296	3.10603e-12	0.00594241	0.00168114	7.41795e-12	0.96198	0.0303961
Cell_297	3.40298e-45	0.0478135	0.00140267	3.92897e-12	0.645384	0.3054
Cell_298	1.10084e-29	0.0018365	0.00467922	6.42186e-10	0.762881	0.230603
Cell_299	5.70366e-32	0.000765118	0.00115402	6.97441e-13	0.319379	0.678702
Cell_300	7.21354e-37	0.00786462	0.000737916	6.01583e-06	0.350795	0.640596
Cell_301	3.26792e-26	0.00541113	2.23285e-09	0.994588	4.52188e-07	2.91515e-08
Cell_302	1.20598e-14	0.00036245	0.00178191	7.71585e-20	0.108582	0.889274
Cell_303	1.71144e-35	0.00845447	0.000835903	1.2697e-13	0.377105	0.613604
Cell_304	1.27214e-31	0.00192968	0.003225	2.09023e-15	0.80904	0.185805
Cell_305	1.7764e-59	0.00341584	0.00035867	6.80691e-13	0.233432	0.762794
Cell_306	1.27735e-25	0.0607169	0.0127919	3.66769e-13	0.819553	0.106938
Cell_307	5.94391e-20	0.0171432	0.00444207	0.185662	0.764659	0.0280931
Cell_308	2.867e-31	0.000483177	0.00093275	1.05822e-12	0.196612	0.801972
Cell_309	3.52247e-51	0.000922508	0.00133761	8.55052e-20	0.363754	0.633986
Cell_310	4.97372e-14	0.0118581	0.000902	5.6266e-13	0.313716	0.673524
Cell_311	5.9017e-24	0.000118386	6.27013e-05	5.24093e-16	0.0152347	0.984584
Cell_312	2.53304e-19	0.000890937	0.000423235	0.0540224	0.144228	0.800435
Cell_313	1.06146e-20	0.0137045	3.39209e-05	0.978901	0.00656145	0.000799197
Cell_314	5.1907e-24	0.000992626	0.00259745	1.78303e-05	0.414347	0.582046
Cell_315	1.57424e-32	0.00430572	0.000296041	0.185887	0.113912	0.695599
Cell_316	5.06531e-22	0.872205	1.43013e-06	0.127242	0.000281042	0.000270015
Cell_317	1.48973e-45	0.0130003	0.000305536	0.000160134	0.888412	0.0981219
Cell_318	6.23971e-19	0.000962646	0.00280498	2.08558e-17	0.359948	0.636284
Cell_319	5.13989e-18	0.013713	0.00352297	2.76297e-20	0.611658	0.371106
Cell_320	1.27425e-28	0.000151441	0.000164595	4.55975e-14	0.0383845	0.961299
Cell_321	1.87206e-21	0.000717393	0.000659759	2.45708e-15	0.139624	0.858999
Cell_322	3.69642e-61	0.00111276	0.00132703	3.13784e-11	0.333357	0.664204
Cell_323	3.82245e-33	0.000721408	0.00147661	7.0143e-16	0.229286	0.768516
Cell_324	2.38426e-13	0.00261309	0.00883551	8.19658e-24	0.957054	0.0314979
Cell_325	8.88342e-26	0.000916428	0.00211449	2.36498e-11	0.357773	0.639196
Cell_326	9.38374e-42	9.92851e-05	7.55344e-05	1.08057e-18	0.0418194	0.958006
Cell_327	5.51519e-21	0.999991	6.50773e-08	3.99242e-09	8.8903e-06	2.82183e-07
Cell_328	4.31368e-28	0.000970994	0.00151241	4.48966e-19	0.36307	0.634447
Cell_329	1.48583e-18	0.000457078	0.00048336	2.26224e-16	0.192119	0.80694
Cell_330	7.3124e-14	0.00360644	0.00103731	1.24625e-12	0.246457	0.7489
Cell_331	0.997306	2.29063e-05	1.69871e-05	3.88114e-28	0.00221903	0.000435397
Cell_332	9.90353e-19	5.25505e-05	2.88489e-05	3.12251e-11	0.0199881	0.97993
Cell_333	7.0243e-25	0.00247048	0.00389054	1.36704e-18	0.974135	0.0195044
Cell_334	1.296e-21	0.0021095	0.00626212	2.28029e-15	0.890356	0.101272
Cell_335	9.86334e-19	0.000699056	0.00428971	4.68291e-16	0.294082	0.70093
Cell_336	8.97693e-44	0.0100003	0.000913545	6.53706e-13	0.446054	0.543033
Cell_337	4.64839e-29	0.00152036	0.00190847	1.90904e-18	0.628141	0.36843
Cell_338	6.33136e-20	0.012926	0.00449867	3.94214e-07	0.883333	0.0992416
Cell_339	1.28798e-35	0.000922118	0.00108237	2.53109e-17	0.383048	0.614948
Cell_340	8.96331e-42	0.00202437	0.00212827	2.65919e-10	0.563148	0.432699
Cell_341	0.997446	4.30281e-06	1.69813e-05	4.79095e-13	0.00172328	0.000809842
Cell_342	2.66524e-31	0.00137311	0.00168129	2.26e-44	0.490376	0.506569
Cell_343	2.30444e-26	0.00808678	8.74034e-13	0.991913	3.73378e-11	4.45214e-12
Cell_344	3.3272e-48	0.000250512	0.000684687	4.93146e-17	0.103897	0.895168
Cell_345	1.25338e-33	0.000863098	0.00241066	7.20698e-18	0.352588	0.644139
Cell_346	1.66813e-55	0.00170068	0.0016134	2.53728e-10	0.431056	0.56563
Cell_347	4.08223e-27	0.004514	0.00156237	1.0061e-12	0.437289	0.556635
Cell_348	4.56831e-84	0.0149297	0.000901203	0.780871	0.20152	0.00177785
Cell_349	4.71233e-32	0.00202602	0.0010701	1.5463e-15	0.456794	0.54011
Cell_350	5.35689e-23	0.00289489	0.00551069	9.95044e-14	0.867245	0.124349
Cell_351	5.80515e-22	0.00249342	0.00132881	4.2858e-18	0.562175	0.434003
Cell_352	4.20751e-10	0.00787538	0.00460989	1.73828e-16	0.762919	0.224596
Cell_353	1.77037e-22	0.000410429	0.000423037	9.29974e-10	0.114175	0.884992
Cell_354	2.51587e-18	0.00494617	0.00197999	9.25191e-12	0.479155	0.513919
Cell_355	5.12341e-18	0.00191645	0.0014544	3.71555e-13	0.485745	0.510884
Cell_356	3.12745e-34	0.0018719	0.000987837	7.06157e-12	0.474454	0.522686
Cell_357	3.9574e-31	0.00170785	0.00192827	0.151927	0.569164	0.275273
Cell_358	1.71895e-34	0.00334488	0.00299707	2.6631e-12	0.430443	0.563215
Cell_359	2.44854e-28	0.000586813	0.000804413	1.00885e-10	0.246863	0.751746
Cell_360	3.0575e-25	0.000102274	0.000558108	7.73505e-20	0.0340842	0.965255
Cell_361	8.2042e-24	0.00404758	2.52406e-07	0.995935	1.67231e-05	1.82431e-07
Cell_362	9.81395e-24	0.00135206	0.000284326	9.60636e-15	0.173993	0.824371
Cell_363	4.66674e-33	0.00165791	0.00271659	1.60107e-16	0.574037	0.421589
Cell_364	3.37733e-17	0.00186499	0.000271993	6.2941e-12	0.127449	0.870414
Cell_365	5.99401e-31	0.000253611	0.000615716	8.56372e-14	0.103198	0.895932
Cell_366	8.53955e-33	0.000822966	0.000981673	4.40466e-14	0.313023	0.685172
Cell_367	1.62247e-34	0.00100417	0.00098778	2.57609e-10	0.36778	0.630228
Cell_368	1.20988e-31	0.00174885	0.00157815	1.86837e-13	0.486502	0.510171
Cell_369	6.71283e-31	0.00190759	0.000118346	0.105529	0.0257485	0.866696
Cell_370	1.6415e-23	0.012518	0.000927881	2.57273e-12	0.331174	0.65538
Cell_371	0.998568	4.22125e-06	1.68899e-05	9.82633e-16	0.00134164	6.95598e-05
Cell_372	7.61435e-37	0.00341517	0.000310818	5.21021e-12	0.152331	0.843943
Cell_373	2.65572e-32	0.00165172	0.00395355	6.56006e-15	0.697329	0.297066
Cell_374	2.82567e-12	0.00122818	0.00190167	4.74013e-19	0.507429	0.489441
Cell_375	3.93837e-28	0.00011686	0.000148384	6.14408e-16	0.0486129	0.951122
Cell_376	5.21026e-39	0.0331532	0.000893647	3.72319e-13	0.447499	0.518454
Cell_377	4.66687e-25	0.00208154	0.00121589	6.24478e-09	0.405125	0.591577
Cell_378	1.14312e-21	0.0655275	0.00488964	1.05031e-17	0.884486	0.0450973
Cell_379	1.32842e-23	0.00113981	0.00187752	1.19126e-15	0.481384	0.515599
Cell_380	1.97839e-23	0.0093584	0.00335701	5.29221e-13	0.906585	0.0806997
Cell_381	2.8164e-25	0.000154485	0.000251374	4.18125e-17	0.0650469	0.934547
Cell_382	0.997612	7.02996e-06	1.68875e-05	8.05865e-14	0.00210602	0.000258367
Cell_383	8.81817e-28	0.00153159	0.00151221	6.03472e-08	0.458829	0.538127
Cell_384	3.48598e-43	0.00834469	0.00116698	5.97536e-10	0.570258	0.42023
Cell_385	2.30534e-51	0.00134621	0.000800562	1.24652e-09	0.530823	0.46703
Cell_386	2.58792e-33	0.030172	0.00133869	4.74087e-13	0.407259	0.56123
Cell_387	8.71524e-37	0.0176761	0.00103123	4.05631e-19	0.467639	0.513653
Cell_388	2.97749e-29	0.000625857	0.000813338	1.58844e-05	0.258575	0.739969
Cell_389	2.44145e-18	0.00217197	0.00366434	1.38277e-10	0.795495	0.198669
Cell_390	4.1288e-39	0.000427872	0.000375419	2.31135e-16	0.179054	0.820143
Cell_391	0.995051	1.85162e-05	1.68114e-05	1.57709e-16	0.00417474	0.000738449
Cell_392	6.63558e-24	0.000521502	0.00060755	4.26625e-13	0.218235	0.780636
Cell_393	2.77312e-28	0.015362	2.08862e-10	0.984638	1.61572e-08	3.15321e-09
Cell_394	1.79437e-24	0.0018287	0.0036463	1.38928e-13	0.757067	0.237458
Cell_395	4.20475e-13	0.0125338	0.00070369	4.8108e-15	0.331594	0.655169
Cell_396	4.01572e-31	0.0015017	0.000617448	5.74231e-10	0.477288	0.520593
Cell_397	1.38235e-31	0.00146721	0.000531465	1.81319e-19	0.100266	0.897735
Cell_398	1.1646e-32	0.00064732	0.000901698	2.71006e-16	0.164071	0.83438
Cell_399	6.09943e-33	0.00357949	0.000759474	3.52925e-07	0.346759	0.648901
Cell_400	2.00683e-23	0.00538321	0.00142355	4.14379e-08	0.692751	0.300442
Cell_401	0.991575	6.374e-06	1.76206e-05	3.87846e-15	0.00103185	0.0073693
Cell_402	1.5189e-32	0.0323265	0.00105219	2.19715e-06	0.43634	0.530279
Cell_403	2.54149e-22	0.045382	0.000314905	5.37425e-14	0.612563	0.34174
Cell_404	9.42626e-33	0.000919329	0.00084361	1.22184e-12	0.388146	0.610091
Cell_405	3.75874e-19	0.00413617	0.00117776	1.70821e-08	0.532273	0.462413
Cell_406	1.89252e-39	0.000982673	0.00131944	2.32005e-08	0.379112	0.618586
Cell_407	3.32728e-25	0.0112885	0.000765817	0.58948	0.298649	0.0998172
Cell_408	1.4737e-24	0.0293175	0.000733752	0.0736967	0.775622	0.12063
Cell_409	1.81101e-23	0.00126291	0.00227923	1.38684e-07	0.522834	0.473623
Cell_410	2.62918e-36	0.00548229	0.000335696	8.6233e-10	0.0739996	0.920182
Cell_411	6.83124e-26	0.000677129	0.000766075	8.42871e-13	0.215213	0.783344
Cell_412	3.78185e-35	0.00165912	6.58995e-05	7.13611e-15	0.0740039	0.924271
Cell_413	0.996795	7.91399e-06	1.77194e-05	7.3294e-20	0.00305319	0.000126165
Cell_414	3.42734e-36	0.00542572	0.00117572	4.34133e-16	0.370782	0.622617
Cell_415	8.66089e-36	0.000806715	0.00179337	5.18099e-12	0.340591	0.656809
Cell_416	0.00103561	0.00167353	0.0060988	5.18032e-14	0.705115	0.286077
Cell_417	1.82204e-42	0.775965	0.00105737	2.63498e-07	0.156767	0.0662104
Cell_418	0.996855	5.6727e-06	1.68499e-05	1.17235e-13	0.00237957	0.000742989
Cell_419	1.25727e-56	0.000883306	0.00132797	9.02504e-11	0.223884	0.773905
Cell_420	3.8691e-14	0.000435608	0.00015477	1.94038e-15	0.162881	0.836529
Cell_421	6.82237e-38	0.999999	9.78941e-10	4.46575e-12	2.99076e-07	8.37988e-07
Cell_422	3.99239e-18	0.00048946	0.00016802	6.42517e-18	0.13616	0.863182
Cell_423	4.70082e-14	0.000338773	0.000306631	7.44133e-16	0.0659344	0.93342
Cell_424	3.9109e-16	0.0267888	0.00119911	2.79557e-13	0.361593	0.610419
Cell_425	5.2621e-26	0.000748074	0.00098896	5.02646e-17	0.297468	0.700795
Cell_426	2.10745e-22	0.00264691	0.0025298	1.79444e-13	0.841271	0.153552
Cell_427	4.05905e-33	0.0186241	0.00112389	4.25937e-10	0.251387	0.728865
Cell_428	6.59653e-13	0.0015117	0.00697179	1.285e-12	0.503795	0.487721
Cell_429	4.69911e-21	0.000957103	0.00111151	1.27555e-12	0.398147	0.599784
Cell_430	1.1102e-11	0.0127668	0.00290092	0.807757	0.172325	0.00424988
Cell_431	4.37858e-21	0.000473659	8.97759e-05	1.12019e-17	0.195245	0.804192
Cell_432	2.83557e-27	0.0121572	9.89082e-11	0.987843	8.88123e-09	4.93773e-10
Cell_433	3.95741e-11	0.000207917	1.20055e-05	5.82968e-10	0.0201418	0.979638
Cell_434	4.51649e-15	0.0153688	0.000569522	2.39085e-10	0.406595	0.577467
Cell_435	0.995917	7.62928e-06	1.68417e-05	7.98141e-17	0.00307428	0.000984357
Cell_436	2.13788e-43	0.000227557	0.000141059	1.13646e-16	0.0513059	0.948325
Cell_437	3.12307e-22	0.000704682	0.000675547	1.54207e-10	0.288856	0.709764
Cell_438	7.93084e-28	0.00123116	0.00169313	7.24564e-11	0.502946	0.494129
Cell_439	7.67684e-32	0.00108849	0.00182473	6.62111e-16	0.459337	0.53775
Cell_440	3.39383e-39	8.77823e-05	4.63334e-05	8.09041e-14	0.0170848	0.982781
Cell_441	1.9468e-36	0.00469032	0.0034886	4.53726e-12	0.912864	0.0789567
Cell_442	6.29343e-09	0.00382464	0.000897878	0.821411	0.170595	0.00327108
Cell_443	0.996874	1.5598e-05	1.72265e-05	1.5502e-11	0.00252507	0.000568567
Cell_444	1.49693e-43	0.00149044	0.00556014	1.84761e-18	0.624884	0.368066
Cell_445	8.17932e-24	0.00144382	0.00361424	2.04758e-20	0.515627	0.479315
Cell_446	4.24212e-25	0.0475487	0.00265084	5.18524e-10	0.641809	0.307991
Cell_447	6.4637e-39	0.000798549	0.0011569	1.18076e-21	0.311753	0.686291
Cell_448	2.98343e-14	0.000437674	0.000869392	3.76099e-12	0.179942	0.818751
Cell_449	3.86934e-19	0.00811855	0.0054084	8.94203e-14	0.554804	0.431669
Cell_450	6.08625e-13	0.00112477	0.00151487	2.8592e-14	0.427817	0.569544
Cell_451	2.36355e-09	0.0262645	0.000795456	1.43614e-09	0.354517	0.618423
Cell_452	6.40333e-24	0.00226773	0.00277407	1.06257e-11	0.948988	0.0459702
Cell_453	4.60337e-09	0.000212542	0.000168958	1.37252e-12	0.0893638	0.910255
Cell_454	6.05132e-39	0.00102344	0.000867726	1.6631e-19	0.389274	0.608834
Cell_455	1.38585e-20	0.00267211	0.00270553	5.80146e-11	0.602464	0.392159
Cell_456	1.77892e-46	0.00437338	0.000664885	7.91919e-17	0.423667	0.571295
Cell_457	0.997913	6.94028e-05	1.68627e-05	1.15001e-27	0.00183612	0.00016432
Cell_458	5.13852e-30	0.000654042	0.00122729	5.04589e-13	0.233576	0.764543
Cell_459	1.37096e-35	0.00979041	0.0031212	3.01598e-40	0.948435	0.038653
Cell_460	1.27787e-49	0.000493527	0.000750248	1.08821e-15	0.207294	0.791462
Cell_461	9.11683e-15	0.443598	0.00370463	0.00017294	0.47472	0.0778051
Cell_462	5.8305e-21	0.0075977	0.00132199	3.34543e-14	0.519211	0.47187
Cell_463	3.55179e-30	0.017744	0.000822641	7.29254e-11	0.239507	0.741927
Cell_464	1.73105e-28	0.00222781	0.0022112	1.50063e-05	0.61974	0.375806
Cell_465	2.24767e-36	0.000512517	0.00187172	1.02213e-14	0.215756	0.78186
Cell_466	1.6043e-31	0.000343409	0.000718549	4.95277e-09	0.14424	0.854698
Cell_467	4.34003e-45	0.000887797	0.00211411	4.61119e-13	0.317056	0.679942
Cell_468	7.10238e-35	0.000214565	0.000133326	0.00259048	0.084605	0.912457
Cell_469	8.52923e-28	0.00225078	0.0015975	1.35442e-08	0.626133	0.370019
Cell_470	1.03923e-21	0.000217865	0.00111009	2.35013e-15	0.0895711	0.909101
Cell_471	6.40047e-38	0.00118821	0.00288299	5.9292e-18	0.499261	0.496668
Cell_472	4.40887e-26	0.00113847	0.000592805	2.6509e-17	0.0778008	0.920468
Cell_473	0.998695	2.93573e-06	1.70434e-05	5.26316e-15	0.00118298	0.000101787
Cell_474	3.02062e-40	0.00147924	0.00160733	3.61545e-13	0.374931	0.621982
Cell_475	1.01954e-14	0.000275117	0.00035462	6.9557e-14	0.062029	0.937341
Cell_476	6.96516e-31	0.000420017	0.000564495	9.72751e-13	0.170911	0.828104
Cell_477	6.3918e-37	0.00526833	0.000586214	1.36587e-13	0.360026	0.634119
Cell_478	3.6067e-38	0.00160558	0.00117894	6.55255e-13	0.361999	0.635216
Cell_479	4.21484e-34	0.000225369	2.7896e-05	6.11211e-15	0.0154012	0.984345
Cell_480	1.93781e-48	0.00869948	1.21666e-13	0.991301	1.76813e-11	9.18166e-13
Cell_481	1.13244e-20	0.00257003	0.00365944	3.8885e-18	0.941284	0.0524866
Cell_482	1.55611e-07	0.00218396	0.00281944	1.67492e-09	0.861157	0.13384
Cell_483	2.8294e-15	0.999196	1.88039e-06	0.000332459	0.000465191	4.18284e-06
Cell_484	3.05025e-23	0.00181227	0.00183333	6.17077e-13	0.352718	0.643637
Cell_485	2.7437e-36	0.00305981	0.00330079	9.31443e-16	0.916651	0.0769885
Cell_486	0.997588	5.868e-06	1.6871e-05	1.16569e-09	0.00229086	9.79435e-05
Cell_487	3.17945e-33	0.000102405	0.000100189	6.98008e-13	0.0422119	0.957586
Cell_488	1.0633e-34	4.61364e-05	3.7085e-05	4.3501e-22	0.0146636	0.985253
Cell_489	3.34228e-23	0.00121293	0.000726139	7.14707e-07	0.498673	0.499387
Cell_490	3.13245e-10	0.00665217	0.0014912	1.14592e-10	0.296715	0.695142
Cell_491	2.92346e-21	0.000376207	0.00121168	1.01326e-11	0.0609018	0.93751
Cell_492	2.24609e-29	0.000624877	0.000870374	9.58812e-12	0.22316	0.775345
Cell_493	2.40829e-21	0.0205121	0.00108455	3.66644e-27	0.542667	0.435736
Cell_494	1.87877e-33	0.00146661	0.0018889	1.27208e-12	0.507801	0.488844
Cell_495	3.84601e-32	0.00104551	0.000419251	1.90855e-12	0.101282	0.897253
Cell_496	4.93899e-18	0.975259	3.33889e-05	2.11094e-10	0.00731892	0.0173889
Cell_497	1.57012e-28	0.00085422	0.00357988	1.44556e-11	0.356902	0.638664
Cell_498	8.60018e-34	0.000178768	0.000291635	2.4545e-15	0.0720359	0.927494
Cell_499	2.41848e-31	0.00245623	0.00186954	0.0421998	0.73583	0.217644
Cell_500	3.00781e-32	0.000211924	2.32435e-05	1.42459e-15	0.0205299	0.979235
Cell_501	1.04624e-21	0.00241272	0.00257933	4.92891e-12	0.917704	0.0773044
Cell_502	1.17697e-28	0.000806603	0.00130714	5.60985e-14	0.328219	0.669667
Cell_503	6.40978e-34	0.00661403	0.0049754	1.20463e-16	0.851142	0.137268
Cell_504	8.25555e-22	0.00179346	0.00202933	1.25745e-13	0.537281	0.458896
Cell_505	1.86328e-30	0.00100126	0.00123826	1.48615e-15	0.403465	0.594295
Cell_506	8.8115e-37	3.9695e-05	2.68086e-05	1.9454e-40	0.0132289	0.986705
Cell_507	4.59447e-25	4.83773e-05	1.54625e-05	5.20846e-18	0.0197628	0.980173
Cell_508	7.84634e-27	0.000255219	0.000348449	1.41104e-15	0.107663	0.891733
Cell_509	6.32578e-39	0.00194644	0.00164572	4.87007e-16	0.583109	0.413299
Cell_510	4.92384e-07	0.00341069	0.00203583	2.63687e-10	0.663814	0.330739
Cell_511	0.000102949	0.00285556	0.000743678	5.4234e-13	0.27663	0.719668
Cell_512	9.31325e-32	0.00288537	0.00599325	2.22928e-14	0.864392	0.126729
Cell_513	1.13093e-21	0.00359402	0.00120258	1.61216e-11	0.581813	0.41339
Cell_514	8.78454e-14	0.000106542	0.000325234	5.48635e-07	0.0446156	0.954952
Cell_515	4.21965e-62	0.00164631	0.00149675	8.35339e-14	0.570021	0.426836
Cell_516	4.22077e-28	0.00236711	0.00455632	7.83607e-13	0.304617	0.688459
Cell_517	2.0569e-18	0.000783651	0.00177028	1.88508e-10	0.29807	0.699376
Cell_518	1.02974e-23	0.000974374	0.00240956	5.53055e-17	0.375911	0.620705
Cell_519	0.998125	3.04598e-06	1.68838e-05	2.32394e-15	0.00128029	0.000574645
Cell_520	4.11922e-28	0.00399383	0.00083462	1.28646e-14	0.386898	0.608273
Cell_521	9.44907e-11	0.000359134	0.00129966	3.52654e-14	0.149911	0.84843
Cell_522	5.35088e-11	0.000855889	0.00362132	2.5493e-09	0.325546	0.669977
Cell_523	4.86503e-24	0.00587947	0.0070027	0.125839	0.756614	0.104665
Cell_524	0.993463	1.29617e-05	3.1194e-05	5.1222e-07	0.00388304	0.00260921
Cell_525	1.74795e-26	0.000951706	0.00214807	8.39121e-13	0.397632	0.599268
Cell_526	5.962e-23	0.00103216	0.00337983	3.19932e-13	0.343983	0.651605
Cell_527	8.36434e-31	0.00594528	0.00145345	2.48982e-13	0.406288	0.586313
Cell_528	0.997898	4.74071e-06	1.6896e-05	1.76606e-14	0.00199923	8.08556e-05
Cell_529	1.64029e-18	0.00600406	0.0152748	1.13825e-15	0.97196	0.00676078
Cell_530	1.49707e-21	0.0272699	0.00307095	0.597599	0.368087	0.00397325
Cell_531	3.12926e-10	3.48592e-05	5.17275e-05	4.1799e-15	0.01472	0.985193
Cell_532	1.24366e-32	0.000168372	0.000484168	1.49903e-13	0.0663907	0.932957
Cell_533	2.64522e-15	0.00179354	0.00337855	8.88189e-20	0.743846	0.250982
Cell_534	4.95346e-20	0.00101854	0.00448745	6.93734e-14	0.420813	0.573681
Cell_535	2.73082e-32	0.00783362	0.000688567	3.97395e-14	0.207246	0.784232
Cell_536	9.03573e-31	0.0003147	6.08354e-06	1.48361e-18	0.0140369	0.985642
Cell_537	3.63557e-40	0.0053847	0.01456	4.74812e-09	0.871696	0.10836
Cell_538	1.85242e-23	0.00189365	0.00239964	6.17393e-16	0.78237	0.213337
Cell_539	4.20519e-21	0.00284974	0.00288681	2.09859e-18	0.853719	0.140544
Cell_540	8.41316e-32	0.00033431	0.000726914	2.94637e-15	0.140674	0.858265
Cell_541	8.98622e-29	0.000162642	0.000929716	2.60324e-12	0.0618625	0.937045
Cell_542	1.3266e-24	0.000155493	0.000314933	2.45e-12	0.0581412	0.941388
Cell_543	0.000713725	0.00210852	0.00483283	3.33199e-22	0.88894	0.103405
Cell_544	5.42555e-32	0.0424215	0.00144332	3.56559e-13	0.572603	0.383532
Cell_545	4.51843e-51	0.00145294	0.00050469	1.25592e-16	0.099291	0.898751
Cell_546	6.50814e-30	0.00150075	0.00228976	4.22064e-12	0.621299	0.37491
