cell	Node 0	Node 1	Node 2	Node 3
Cell_0	1.35236e-11	0.561149	0.01614	0.422712
Cell_1	2.97561e-21	0.802875	0.0607747	0.13635
Cell_2	7.44949e-24	0.23502	0.000919734	0.76406
Cell_3	0.989849	0.00759848	0.000338458	0.00221453
Cell_4	7.54392e-14	0.313755	0.0012615	0.684983
Cell_5	0.972531	0.00514215	0.0001479	0.0221789
Cell_6	1.73587e-15	0.689772	0.00656488	0.303664
Cell_7	0.990856	0.00702593	2.81694e-05	0.00209
Cell_8	5.77619e-06	0.0705104	0.00027621	0.929208
Cell_9	8.9863e-16	0.950811	0.00371707	0.0454715
Cell_10	0.968665	0.015637	6.10316e-05	0.0156373
Cell_11	0.98465	0.00501124	0.0101461	0.000193113
Cell_12	0.991908	0.00787665	3.56352e-05	0.000179331
Cell_13	3.02041e-08	0.334829	0.0253453	0.639826
Cell_14	0.984801	0.00620968	0.000921299	0.00806822
Cell_15	0.62865	0.203058	0.00301613	0.165276
Cell_16	3.82192e-33	0.855753	0.126964	0.0172838
Cell_17	4.76827e-06	0.703297	0.104345	0.192354
Cell_18	1.46316e-09	0.168804	0.0250446	0.806151
Cell_19	8.32957e-13	0.360746	0.00153093	0.637723
Cell_20	1.92895e-25	0.813923	0.00446084	0.181616
Cell_21	7.03969e-10	0.910657	0.00365115	0.0856917
Cell_22	0.987146	0.0106063	4.29365e-05	0.00220465
Cell_23	3.59311e-13	0.125706	0.00186718	0.872427
Cell_24	2.79669e-17	0.0854002	0.00037852	0.914221
Cell_25	4.28696e-16	0.553231	0.0159122	0.430857
Cell_26	4.62669e-10	0.456822	0.0677764	0.475402
Cell_27	4.64922e-19	0.701026	0.00275316	0.296221
Cell_28	5.4686e-16	0.00148496	0.998004	0.000511162
Cell_29	7.29315e-25	0.638779	0.00316669	0.358054
Cell_30	1.83611e-25	0.25657	0.00100106	0.742429
Cell_31	4.048e-16	0.681237	0.00289103	0.315872
Cell_32	1.4749e-22	0.556904	0.0030522	0.440044
Cell_33	2.00919e-27	0.261674	0.00167197	0.736654
Cell_34	1.78025e-26	0.673171	0.019362	0.307467
Cell_35	1.16309e-38	0.0653676	0.00291166	0.931721
Cell_36	1.67844e-15	0.505816	0.0225305	0.471653
Cell_37	8.01938e-16	0.593963	0.00421725	0.401819
Cell_38	1.49927e-26	0.950414	0.0423342	0.00725138
Cell_39	4.41683e-23	0.382423	0.00149969	0.616077
Cell_40	4.65932e-16	0.121601	0.00141346	0.876986
Cell_41	3.4379e-22	0.489202	0.00242518	0.508372
Cell_42	4.12269e-35	0.814687	0.00377814	0.181535
Cell_43	1.99134e-16	0.524288	0.0396867	0.436025
Cell_44	1.72171e-19	0.57979	0.0258255	0.394385
Cell_45	4.37299e-08	0.339208	0.00168159	0.659111
Cell_46	6.87884e-10	0.00146967	0.998402	0.000128612
Cell_47	1.56351e-12	0.467324	0.00694143	0.525735
Cell_48	2.30236e-25	0.951728	0.0273739	0.020898
Cell_49	3.54757e-27	0.373954	0.00149559	0.624551
Cell_50	9.98046e-13	0.621813	0.00722784	0.37096
Cell_51	1.03057e-31	0.538093	0.00224079	0.459666
Cell_52	2.7912e-24	0.434864	0.00169838	0.563438
Cell_53	2.28824e-23	0.654532	0.307414	0.0380543
Cell_54	6.65735e-14	0.843081	0.125084	0.0318353
Cell_55	9.43015e-09	0.780151	0.011588	0.208261
Cell_56	2.51916e-17	0.151509	0.814287	0.0342039
Cell_57	4.34894e-18	0.48033	0.00191682	0.517753
Cell_58	6.89426e-18	0.944724	0.00764582	0.0476306
Cell_59	4.09904e-11	0.44091	0.00228628	0.556804
Cell_60	6.50241e-12	0.664995	0.00772978	0.327276
Cell_61	1.36741e-14	0.923724	0.0699225	0.00635376
Cell_62	9.26702e-28	0.376418	0.0167668	0.606815
Cell_63	1.21155e-14	0.866457	0.00414078	0.129402
Cell_64	1.005e-26	0.580459	0.00340684	0.416134
Cell_65	1.56239e-13	0.579116	0.043837	0.377047
Cell_66	4.38951e-24	0.464009	0.00539356	0.530597
Cell_67	1.99031e-17	0.173745	0.0049973	0.821258
Cell_68	2.8264e-06	0.279828	0.00124028	0.718929
Cell_69	1.27162e-14	0.476984	0.00192391	0.521092
Cell_70	7.40488e-25	0.919986	0.00504213	0.0749716
Cell_71	1.15526e-09	0.819875	0.00663539	0.17349
Cell_72	4.90765e-11	0.168819	0.00107867	0.830103
Cell_73	2.45268e-09	0.474824	0.0862347	0.438942
Cell_74	1.45331e-16	0.915977	0.0693362	0.0146865
Cell_75	0.975842	0.0225199	9.24925e-05	0.00154538
Cell_76	1.06553e-29	0.718514	0.00343376	0.278052
Cell_77	2.33891e-16	0.571668	0.00238061	0.425951
Cell_78	1.44068e-18	0.628122	0.00597813	0.3659
Cell_79	0.00470173	0.63528	0.0282972	0.331721
Cell_80	1.51458e-08	0.544488	0.00386597	0.451646
Cell_81	1.47733e-13	0.940643	0.00367183	0.0556852
Cell_82	5.33246e-11	0.606899	0.00290036	0.3902
Cell_83	9.74466e-18	0.426962	0.00272808	0.57031
Cell_84	6.41666e-30	0.424186	0.00165745	0.574157
Cell_85	6.18186e-15	0.0107502	0.985877	0.00337245
Cell_86	2.57707e-21	0.555252	0.0111194	0.433629
Cell_87	0.000194902	0.942287	0.010953	0.0465651
Cell_88	0.979785	0.00924391	0.000699731	0.0102713
Cell_89	2.38513e-18	0.522043	0.00203835	0.475919
Cell_90	3.10085e-14	0.101038	0.000961629	0.898
Cell_91	9.57056e-15	0.842666	0.0375348	0.1198
Cell_92	0.00129627	0.510494	0.0227389	0.465471
Cell_93	8.72514e-17	0.0317937	0.00240666	0.9658
Cell_94	2.86256e-21	0.426983	0.0633492	0.509668
Cell_95	1.69288e-38	0.324421	0.00128298	0.674296
Cell_96	0.992875	0.00665049	2.61304e-05	0.00044833
Cell_97	0.982078	0.00446988	1.78769e-05	0.0134347
Cell_98	9.33975e-16	0.364733	0.00145267	0.633814
Cell_99	1.11713e-21	0.571243	0.00313079	0.425626
Cell_100	1.01428e-08	0.0632828	0.00182016	0.934897
Cell_101	3.35511e-24	0.470275	0.00546639	0.524259
Cell_102	3.69627e-11	0.0318984	0.000141384	0.96796
Cell_103	6.11407e-18	0.677042	0.00323557	0.319722
Cell_104	4.12753e-13	0.755498	0.0217299	0.222772
Cell_105	8.76308e-15	0.325943	0.00127577	0.672782
Cell_106	3.97595e-19	0.665628	0.00295027	0.331421
Cell_107	3.07344e-18	0.446602	0.00663363	0.546765
Cell_108	0.985262	0.00562918	2.41789e-05	0.00908509
Cell_109	2.74387e-18	0.667936	0.00540573	0.326658
Cell_110	1.69413e-18	0.312171	0.00897878	0.67885
Cell_111	4.10554e-21	0.559908	0.00831663	0.431775
Cell_112	6.85189e-23	0.528658	0.00785245	0.46349
Cell_113	1.59485e-43	0.0582999	0.00441309	0.937287
Cell_114	3.70955e-33	0.236971	0.000929594	0.762099
Cell_115	8.10353e-23	0.281723	0.00111102	0.717166
Cell_116	1.42218e-17	0.614714	0.0273812	0.357904
Cell_117	0.992737	0.00653695	3.58268e-05	0.00069025
Cell_118	4.46059e-15	0.174773	0.00203153	0.823196
Cell_119	3.68876e-13	0.650001	0.0964373	0.253562
Cell_120	8.04199e-18	0.217598	0.000948123	0.781454
Cell_121	6.91024e-15	0.182763	0.00073986	0.816497
Cell_122	5.88988e-40	0.704103	0.104464	0.191433
Cell_123	5.11012e-13	0.954583	0.0191163	0.026301
Cell_124	1.67127e-17	0.182566	0.00173757	0.815696
Cell_125	2.13465e-17	0.434017	0.00173581	0.564247
Cell_126	8.53973e-13	0.661016	0.00362281	0.335361
Cell_127	1.08734e-10	0.12826	0.000503511	0.871236
Cell_128	3.26944e-18	0.594948	0.00284324	0.402209
Cell_129	2.45843e-22	0.626628	0.00263226	0.370739
Cell_130	2.4619e-14	0.99506	0.00450181	0.000438468
Cell_131	2.9066e-27	0.62758	0.0931108	0.27931
Cell_132	0.980981	0.00692661	3.4338e-05	0.0120577
Cell_133	1.67545e-16	0.651019	0.00256053	0.34642
Cell_134	2.55266e-13	0.674076	0.00783534	0.318089
Cell_135	0.985992	0.0055788	2.66609e-05	0.0084027
Cell_136	9.632e-09	0.301109	0.00192394	0.696967
Cell_137	2.46518e-28	0.600803	0.0032928	0.395904
Cell_138	1.05626e-20	0.558762	0.00221811	0.43902
Cell_139	2.13019e-12	0.473205	0.00302355	0.523771
Cell_140	0.984952	0.0121807	9.85809e-05	0.00276912
Cell_141	5.772e-13	0.716687	0.106331	0.176981
Cell_142	3.44248e-13	0.351914	0.00144536	0.646641
Cell_143	1.15048e-21	0.345023	0.00135223	0.653625
Cell_144	3.45643e-13	0.452188	0.013006	0.534806
Cell_145	3.45654e-11	0.137496	0.00159823	0.860906
Cell_146	2.75629e-11	0.98863	0.00541835	0.005952
Cell_147	9.62921e-18	0.34759	0.00141975	0.65099
Cell_148	0.993035	0.00506018	2.07829e-05	0.00188389
Cell_149	0.0418214	0.227655	0.0172326	0.713291
Cell_150	2.73534e-19	0.284333	0.00131861	0.714348
Cell_151	1.17283e-21	0.0651687	0.00187441	0.932957
Cell_152	1.7765e-16	0.049154	0.000222381	0.950624
Cell_153	2.5211e-19	0.845126	0.00539994	0.149474
Cell_154	6.17153e-14	0.407605	0.00189029	0.590504
Cell_155	5.22211e-06	0.620337	0.0124228	0.367235
Cell_156	0.000304768	0.323634	0.0480159	0.628045
Cell_157	1.32993e-22	0.416032	0.00228013	0.581688
Cell_158	0.974917	0.00710898	2.81456e-05	0.0179457
Cell_159	9.9574e-17	0.400918	0.030348	0.568734
Cell_160	4.30639e-10	0.586702	0.087046	0.326252
Cell_161	2.54213e-11	0.470137	0.0355876	0.494276
Cell_162	1.00247e-17	0.247183	0.00118128	0.751636
Cell_163	2.75305e-10	0.838483	0.124401	0.0371152
Cell_164	1.29299e-15	0.795253	0.00394239	0.200805
Cell_165	9.40051e-17	0.196773	0.000773519	0.802453
Cell_166	2.30556e-12	0.0107453	0.985429	0.0038262
Cell_167	1.43217e-10	0.484865	0.00284578	0.512289
Cell_168	1.28484e-06	0.861274	0.0651953	0.0735297
Cell_169	3.69943e-12	0.389737	0.00163716	0.608626
Cell_170	1.33343e-26	0.396244	0.00377124	0.599985
Cell_171	1.72832e-35	0.0300132	0.00445291	0.965534
Cell_172	8.81536e-20	0.668922	0.00366614	0.327412
Cell_173	3.13437e-13	0.276075	0.00107833	0.722847
Cell_174	2.73336e-11	0.443988	0.0658722	0.49014
Cell_175	2.37366e-19	0.427677	0.00193488	0.570388
Cell_176	7.15646e-20	0.598438	0.00327983	0.398283
Cell_177	1.49891e-09	0.207841	0.00925785	0.782901
Cell_178	1.49669e-19	0.253898	0.00117746	0.744924
Cell_179	8.90915e-24	0.233904	0.00137283	0.764724
Cell_180	3.9451e-24	0.622984	0.00365643	0.373359
Cell_181	1.005e-16	0.981506	0.00416531	0.0143282
Cell_182	1.59695e-20	0.454912	0.00179719	0.543291
Cell_183	6.6425e-11	0.0725526	0.000285358	0.927162
Cell_184	1.31312e-20	0.116675	0.000455347	0.88287
Cell_185	1.3733e-13	0.65688	0.0292594	0.31386
Cell_186	3.14417e-13	0.0756329	0.000295387	0.924072
Cell_187	2.25159e-23	0.167504	0.000654597	0.831842
Cell_188	1.93285e-17	0.965145	0.00528964	0.0295651
Cell_189	1.49032e-16	0.553597	0.00256733	0.443836
Cell_190	2.2352e-18	0.932888	0.0059607	0.0611513
Cell_191	2.73431e-22	0.0859175	0.00061003	0.913472
Cell_192	1.86713e-06	0.831645	0.00326239	0.165091
Cell_193	8.33399e-17	0.509391	0.0027918	0.487817
Cell_194	3.46765e-20	0.600123	0.00261487	0.397262
Cell_195	0.981006	0.0187139	7.57572e-05	0.000203972
Cell_196	9.67294e-17	0.19415	0.00558422	0.800265
Cell_197	2.25512e-11	0.679853	0.0136146	0.306532
Cell_198	2.40928e-07	0.00148059	0.995066	0.00345337
Cell_199	1.41932e-16	2.16856e-06	0.999998	1.64436e-07
Cell_200	4.62595e-23	0.863475	0.00351009	0.133015
Cell_201	0.994327	0.00547453	2.83874e-05	0.000169911
Cell_202	2.83884e-15	0.658013	0.0293098	0.312677
Cell_203	0.993125	0.0059369	3.79339e-05	0.00090063
Cell_204	1.95235e-13	0.328634	0.00381999	0.667546
Cell_205	1.10524e-06	0.412882	0.0082683	0.578849
Cell_206	2.44111e-21	0.0175463	0.00132819	0.981125
Cell_207	3.05015e-12	0.329941	0.00267027	0.667389
Cell_208	1.95214e-18	0.143809	0.000650614	0.855541
Cell_209	3.17198e-12	0.000614444	0.998603	0.000782714
Cell_210	2.39026e-35	0.396181	0.00157517	0.602244
Cell_211	2.99225e-26	0.467237	0.00185768	0.530905
Cell_212	1.93981e-11	0.11442	0.00059331	0.884987
Cell_213	2.1765e-16	0.952874	0.0274069	0.0197187
Cell_214	1.37241e-23	0.403687	0.00209326	0.59422
Cell_215	7.70661e-13	0.0976258	0.000390446	0.901984
Cell_216	5.47069e-22	0.558132	0.00451706	0.437351
Cell_217	2.86699e-19	0.169158	0.0250971	0.805745
Cell_218	0.987665	0.00654065	0.000970402	0.00482385
Cell_219	1.01875e-23	0.493374	0.00193047	0.504696
Cell_220	1.09627e-11	0.0817588	0.000343442	0.917898
Cell_221	1.05899e-20	0.408898	0.00163535	0.589467
Cell_222	1.35172e-17	0.366859	0.00544916	0.627692
Cell_223	1.07619e-23	0.217847	0.00176308	0.78039
Cell_224	7.44128e-11	0.650928	0.0187222	0.33035
Cell_225	1.51284e-22	0.85114	0.00337404	0.145485
Cell_226	0.988689	0.0102515	9.75687e-05	0.00096202
Cell_227	8.81128e-16	0.480953	0.00195511	0.517092
Cell_228	6.37041e-14	0.562466	0.00455214	0.432982
Cell_229	3.04051e-28	0.460424	0.00189103	0.537685
Cell_230	3.0586e-16	0.526168	0.00208581	0.471746
Cell_231	2.06483e-13	0.3524	0.00174699	0.645853
Cell_232	1.35113e-21	0.611168	0.00245039	0.386381
Cell_233	0.852806	0.0498839	0.00377603	0.0935341
Cell_234	9.18126e-11	0.610663	0.090601	0.298736
Cell_235	7.29714e-15	0.290794	0.00276762	0.706439
Cell_236	2.90373e-15	0.404827	0.00258665	0.592586
Cell_237	6.38043e-13	0.909534	0.00434664	0.0861196
Cell_238	7.91158e-14	0.372866	0.00433413	0.6228
Cell_239	0.000292482	0.524637	0.0778377	0.397233
Cell_240	1.53161e-15	0.359287	0.0271967	0.613516
Cell_241	6.54068e-20	0.582746	0.0441118	0.373142
Cell_242	5.08311e-25	0.181508	0.000712545	0.81778
Cell_243	4.55092e-28	0.446263	0.00213268	0.551604
Cell_244	6.40216e-16	0.305109	0.00119444	0.693697
Cell_245	7.91794e-11	0.221988	0.00121664	0.776796
Cell_246	3.53429e-31	0.286948	0.00333543	0.709717
Cell_247	9.35986e-11	0.21176	0.00101199	0.787228
Cell_248	2.12568e-06	0.924994	0.010752	0.064252
Cell_249	1.47817e-23	0.520379	0.00332497	0.476296
Cell_250	0.992192	0.0058686	2.9093e-05	0.00191025
Cell_251	9.22587e-18	0.524286	0.00778751	0.467927
Cell_252	6.07223e-16	0.689663	0.00801652	0.302321
Cell_253	7.58764e-10	0.130468	0.00124173	0.86829
Cell_254	5.95577e-16	0.540034	0.0024432	0.457523
Cell_255	2.83395e-19	0.607275	0.00491479	0.38781
Cell_256	3.46305e-05	0.919782	0.0264551	0.0537282
Cell_257	6.88286e-16	0.663524	0.00423959	0.332237
Cell_258	2.15241e-21	0.312411	0.00123422	0.686355
Cell_259	2.89562e-22	0.801913	0.00371891	0.194368
Cell_260	1.78173e-11	0.0200502	0.00016227	0.979788
Cell_261	0.00602582	0.841136	0.124795	0.0280432
Cell_262	3.94835e-26	0.548066	0.0024292	0.449505
Cell_263	4.60668e-24	0.135689	0.000531948	0.863779
Cell_264	1.1549e-11	0.265889	0.00309065	0.73102
Cell_265	2.01712e-16	0.258553	0.00103406	0.740413
Cell_266	2.37226e-10	0.660329	0.029413	0.310258
Cell_267	0.997202	0.00263646	1.22267e-05	0.000148961
Cell_268	4.16689e-15	0.785916	0.00913535	0.204949
Cell_269	5.52304e-35	0.0538943	0.00155013	0.944556
Cell_270	4.50555e-24	0.0190078	9.08377e-05	0.980901
Cell_271	4.21787e-09	0.392754	0.00317863	0.604068
Cell_272	6.74625e-06	0.440258	0.0196104	0.540125
Cell_273	1.29367e-23	0.332001	0.00129779	0.666702
Cell_274	4.70625e-22	1.18334e-13	1	1.30346e-14
Cell_275	2.55593e-07	0.0775843	0.00155369	0.920862
Cell_276	0.98988	0.00835344	0.000124078	0.00164254
Cell_277	3.01973e-16	0.35492	0.00251999	0.64256
Cell_278	0.000679027	0.18929	0.0280839	0.781947
Cell_279	3.47763e-24	0.682919	0.00326365	0.313818
Cell_280	2.49634e-11	0.017966	0.980317	0.00171717
Cell_281	7.92944e-11	0.0865682	0.000401463	0.91303
Cell_282	4.67434e-19	0.413319	0.00168823	0.584993
Cell_283	5.28015e-19	0.546416	0.024339	0.429245
Cell_284	6.9241e-18	0.16408	0.000689246	0.835231
Cell_285	1.2588e-23	0.488748	0.00207415	0.509178
Cell_286	1.16634e-17	0.280581	0.00130121	0.718117
Cell_287	1.96173e-24	0.43843	0.00877993	0.55279
Cell_288	0.990416	0.00911128	7.37392e-05	0.000398657
Cell_289	0.987364	0.0110607	4.39075e-05	0.00153119
Cell_290	1.45428e-23	0.518473	0.00331279	0.478214
Cell_291	4.60931e-19	0.561073	0.00454087	0.434386
Cell_292	3.58191e-15	0.592282	0.0032461	0.404472
Cell_293	3.06642e-23	0.9562	0.00401669	0.0397836
Cell_294	3.53127e-14	1.1186e-05	0.999988	1.143e-06
Cell_295	3.57265e-22	0.125341	0.000621365	0.874038
Cell_296	0.000606965	0.964341	0.0112093	0.0238431
Cell_297	8.3311e-17	0.667246	0.0989959	0.233758
Cell_298	5.25715e-19	0.841972	0.00335343	0.154675
Cell_299	5.58748e-20	0.429613	0.00170091	0.568686
Cell_300	2.75438e-22	0.391885	0.0174557	0.59066
Cell_301	7.92048e-10	4.12286e-05	0.999957	2.24261e-06
Cell_302	2.26759e-15	0.181614	0.00106593	0.81732
Cell_303	3.76447e-23	0.427065	0.0190227	0.553912
Cell_304	2.01602e-19	0.852469	0.00335694	0.144175
Cell_305	3.62005e-21	0.292539	0.00841412	0.699046
Cell_306	6.0577e-14	0.814587	0.120856	0.0645571
Cell_307	3.86894e-12	0.93073	0.0414574	0.0278128
Cell_308	1.59247e-22	0.257253	0.00105077	0.741696
Cell_309	4.24039e-16	0.446479	0.00189477	0.551626
Cell_310	1.09503e-07	0.397965	0.0301245	0.57191
Cell_311	3.78656e-17	0.016857	0.000250386	0.982893
Cell_312	1.97797e-15	0.197821	0.00229943	0.79988
Cell_313	9.17267e-19	0.188192	0.796504	0.0153038
Cell_314	2.65642e-10	0.510175	0.00201987	0.487805
Cell_315	1.44851e-21	0.138631	0.0104939	0.850875
Cell_316	5.30221e-22	0.000158935	0.99973	0.00011126
Cell_317	1.90927e-13	0.890533	0.0256138	0.0838531
Cell_318	1.95946e-11	0.431949	0.0019542	0.566097
Cell_319	4.44267e-16	0.712107	0.0317193	0.256174
Cell_320	4.09667e-14	0.0552441	0.000392243	0.944364
Cell_321	3.57067e-11	0.179977	0.00171293	0.81831
Cell_322	2.1167e-51	0.416664	0.00244549	0.580891
Cell_323	1.03573e-15	0.309427	0.00169587	0.688877
Cell_324	7.75296e-13	0.974284	0.00451828	0.0211977
Cell_325	9.56044e-17	0.436573	0.00187521	0.561551
Cell_326	7.28302e-42	0.0547589	0.000214413	0.945027
Cell_327	1.95733e-14	4.38636e-06	0.999996	8.95829e-08
Cell_328	4.6079e-22	0.451796	0.00204399	0.54616
Cell_329	2.82651e-18	0.240502	0.000944141	0.758553
Cell_330	8.634e-15	0.307774	0.00885229	0.683374
Cell_331	0.991186	0.00770994	0.000154398	0.000949561
Cell_332	1.798e-18	0.0206095	9.13476e-05	0.979299
Cell_333	1.31594e-25	0.98387	0.00417534	0.0119542
Cell_334	6.8771e-13	0.930807	0.00363547	0.0655579
Cell_335	2.47144e-17	0.379643	0.00148879	0.618868
Cell_336	2.39145e-22	0.495448	0.0220687	0.482484
Cell_337	1.81414e-08	0.706051	0.00283081	0.291118
Cell_338	7.90366e-17	0.905152	0.0260343	0.0688141
Cell_339	2.18481e-21	0.457547	0.00182233	0.54063
Cell_340	4.48325e-17	0.659777	0.00421565	0.336008
Cell_341	0.992357	0.00550477	2.29236e-05	0.00211495
Cell_342	3.91772e-21	0.536684	0.0025648	0.460751
Cell_343	6.73093e-21	2.27803e-09	1	1.55779e-10
Cell_344	1.08236e-24	0.143414	0.00057231	0.856014
Cell_345	1.11782e-16	0.510334	0.00207455	0.487592
Cell_346	4.80277e-22	0.5145	0.00365304	0.481847
Cell_347	1.08612e-15	0.451234	0.00903634	0.53973
Cell_348	1.00146e-29	0.86689	0.128616	0.0044938
Cell_349	6.65191e-21	0.488919	0.00395691	0.507124
Cell_350	8.77725e-23	0.899754	0.00528085	0.094965
Cell_351	8.32611e-13	0.578143	0.00467902	0.417178
Cell_352	1.18684e-09	0.831952	0.0166605	0.151388
Cell_353	1.2737e-13	0.169738	0.00108454	0.829177
Cell_354	3.77561e-14	0.558196	0.0111783	0.430626
Cell_355	8.96729e-19	0.554163	0.00393466	0.441902
Cell_356	4.26365e-17	0.505148	0.00358664	0.491266
Cell_357	2.9273e-17	0.764372	0.00396355	0.231664
Cell_358	3.36064e-23	0.561956	0.00834704	0.429697
Cell_359	9.66696e-22	0.308965	0.00121162	0.689824
Cell_360	7.16831e-24	0.0421293	0.000218456	0.957652
Cell_361	7.04068e-13	0.00203431	0.997953	1.31577e-05
Cell_362	1.14789e-12	0.201659	0.00299535	0.795346
Cell_363	7.8172e-16	0.646502	0.00320497	0.350293
Cell_364	6.99938e-17	0.138777	0.00399156	0.857231
Cell_365	2.65433e-13	0.116539	0.000476011	0.882985
Cell_366	5.17676e-20	0.338724	0.00150133	0.659775
Cell_367	4.72772e-18	0.457495	0.00212165	0.540383
Cell_368	1.54792e-15	0.564294	0.00360556	0.4321
Cell_369	2.82203e-09	0.0299498	0.0044435	0.965607
Cell_370	2.52687e-23	0.402742	0.0304861	0.566772
Cell_371	0.99622	0.00360338	1.97489e-05	0.000156383
Cell_372	1.25343e-17	0.191262	0.00851935	0.800219
Cell_373	1.1411e-18	0.792212	0.00309313	0.204695
Cell_374	0.922751	0.0504691	0.000202348	0.0265774
Cell_375	4.8029e-20	0.0652437	0.000259401	0.934497
Cell_376	1.73433e-13	0.53652	0.0796007	0.383879
Cell_377	3.64483e-12	0.469913	0.00447239	0.525614
Cell_378	3.02505e-10	0.842206	0.124954	0.0328402
Cell_379	2.32063e-23	0.576478	0.00224981	0.421272
Cell_380	0.00120989	0.919558	0.0184149	0.0608171
Cell_381	9.15047e-21	0.0763913	0.000299247	0.923309
Cell_382	0.991084	0.00826307	4.84977e-05	0.000603991
Cell_383	1.53153e-27	0.550966	0.00323374	0.4458
Cell_384	1.89495e-22	0.635843	0.0182883	0.345869
Cell_385	9.117e-41	0.627717	0.0026639	0.369619
Cell_386	5.28054e-25	0.461415	0.0684577	0.470128
Cell_387	5.0486e-13	0.522566	0.0395563	0.437878
Cell_388	4.65566e-26	0.350738	0.00140623	0.647855
Cell_389	4.63202e-09	0.865823	0.00401529	0.130161
Cell_390	7.36497e-13	0.245006	0.000967034	0.754027
Cell_391	0.98659	0.0116678	9.44296e-05	0.00164751
Cell_392	4.03125e-22	0.255726	0.00100935	0.743264
Cell_393	5.0209e-17	5.18925e-07	0.999999	6.01767e-08
Cell_394	5.45414e-16	0.814895	0.0032591	0.181846
Cell_395	7.58541e-13	0.395445	0.0299337	0.574622
Cell_396	4.10471e-16	0.52493	0.00287697	0.472193
Cell_397	7.17228e-19	0.143716	0.00413361	0.85215
Cell_398	3.28937e-17	0.219332	0.0015573	0.779111
Cell_399	4.56294e-24	0.413897	0.00828864	0.577814
Cell_400	2.63754e-11	0.752313	0.0111745	0.236512
Cell_401	0.973417	0.00338297	3.9323e-05	0.023161
Cell_402	5.45763e-10	0.493559	0.0732269	0.433214
Cell_403	1.58405e-11	0.575671	0.0854094	0.33892
Cell_404	6.05304e-22	0.428253	0.00167197	0.570075
Cell_405	1.68094e-12	0.577446	0.00857713	0.413977
Cell_406	7.24767e-18	0.391914	0.00170765	0.606379
Cell_407	1.24332e-18	0.740803	0.0560761	0.203121
Cell_408	1.25568e-23	0.829569	0.0627953	0.107636
Cell_409	6.45173e-14	0.603137	0.00241219	0.394451
Cell_410	3.1225e-15	0.0893263	0.0132529	0.897421
Cell_411	1.54933e-15	0.271649	0.00148882	0.726862
Cell_412	5.07368e-22	0.105893	0.0047168	0.88939
Cell_413	0.987332	0.0123194	5.36785e-05	0.000294639
Cell_414	6.33055e-15	0.432033	0.0124263	0.555541
Cell_415	1.5315e-22	0.420875	0.00164322	0.577482
Cell_416	0.990269	0.00783438	3.06646e-05	0.00186609
Cell_417	1.02392e-18	0.0887324	0.890114	0.0211533
Cell_418	0.990313	0.00790556	3.11115e-05	0.00175032
Cell_419	3.51872e-38	0.279986	0.00198796	0.718026
Cell_420	1.0629e-11	0.213083	0.000964022	0.785953
Cell_421	1.34463e-37	1.4756e-07	1	2.92403e-07
Cell_422	4.06595e-20	0.184123	0.00117646	0.8147
Cell_423	1.39955e-14	0.0920637	0.000876213	0.90706
Cell_424	7.25784e-16	0.387344	0.0574683	0.555187
Cell_425	8.62206e-16	0.361342	0.00151788	0.63714
Cell_426	3.17912e-22	0.887992	0.00486678	0.107142
Cell_427	9.16938e-21	0.299178	0.0443876	0.656434
Cell_428	6.70918e-14	0.608902	0.00315738	0.38794
Cell_429	2.90509e-13	0.41587	0.00165345	0.582477
Cell_430	7.635e-12	0.857991	0.127296	0.0147132
Cell_431	7.21939e-21	0.302772	0.00121734	0.696011
Cell_432	5.21274e-16	3.60433e-07	1	1.35373e-08
Cell_433	5.19854e-12	0.022566	0.000451903	0.976982
Cell_434	0.247223	0.368685	0.0279081	0.356183
Cell_435	0.986867	0.0106282	4.39315e-05	0.00246063
Cell_436	5.37539e-19	0.059904	0.000484814	0.939611
Cell_437	2.66971e-14	0.294484	0.00119213	0.704324
Cell_438	1.39599e-27	0.55865	0.00227095	0.439079
Cell_439	6.89959e-21	0.520936	0.00203508	0.477029
Cell_440	5.26129e-21	0.0203543	0.000193721	0.979452
Cell_441	1.37943e-17	0.943024	0.0089752	0.0480011
Cell_442	9.93801e-08	0.946242	0.0421484	0.0116092
Cell_443	0.99021	0.00841058	9.77631e-05	0.00128214
Cell_444	4.81969e-29	0.716656	0.00282212	0.280522
Cell_445	7.79164e-20	0.549474	0.00262592	0.4479
Cell_446	2.26863e-15	0.694588	0.103052	0.20236
Cell_447	1.62524e-25	0.38389	0.00164892	0.614461
Cell_448	3.64242e-15	0.248255	0.00100133	0.750744
Cell_449	5.8306e-07	0.713656	0.0205264	0.265817
Cell_450	9.81754e-13	0.526511	0.00233366	0.471155
Cell_451	3.16948e-05	0.391905	0.058145	0.549918
Cell_452	1.05367e-14	0.967949	0.00382047	0.0282306
Cell_453	0.743421	0.0311783	0.00012235	0.225279
Cell_454	2.16399e-23	0.491656	0.00217917	0.506165
Cell_455	1.31535e-10	0.67146	0.00543425	0.323105
Cell_456	1.64732e-23	0.472547	0.00946314	0.51799
Cell_457	0.992065	0.00702902	0.000532071	0.000373644
Cell_458	7.85822e-21	0.319087	0.00152491	0.679388
Cell_459	1.08151e-34	0.95868	0.0191984	0.0221213
Cell_460	1.18068e-29	0.253645	0.000996596	0.745358
Cell_461	7.98319e-08	0.333578	0.631478	0.0349436
Cell_462	1.54259e-14	0.628318	0.0180719	0.35361
Cell_463	7.0936e-20	0.2569	0.038115	0.704985
Cell_464	1.25106e-29	0.680154	0.00434586	0.3155
Cell_465	1.2055e-25	0.299777	0.0011746	0.699048
Cell_466	4.85704e-24	0.18045	0.000709005	0.818841
Cell_467	8.3385e-33	0.395778	0.00189142	0.60233
Cell_468	1.38221e-13	0.105525	0.000447828	0.894027
Cell_469	3.79373e-17	0.700933	0.00447862	0.294588
Cell_470	8.48155e-13	0.120865	0.000487508	0.878647
Cell_471	1.62679e-24	0.572346	0.00224779	0.425406
Cell_472	5.13131e-12	0.0914473	0.00263024	0.905922
Cell_473	0.995453	0.0042716	1.76565e-05	0.000257965
Cell_474	7.37083e-11	0.393173	0.0027916	0.604035
Cell_475	9.0494e-09	0.0848243	0.000686498	0.914489
Cell_476	4.45898e-10	0.204525	0.000835393	0.79464
Cell_477	1.59702e-18	0.384398	0.0110562	0.604545
Cell_478	2.60032e-27	0.440316	0.00356355	0.556121
Cell_479	4.96907e-23	0.0183164	0.000526821	0.981157
Cell_480	3.66285e-21	1.00285e-09	1	3.1872e-11
Cell_481	1.91664e-20	0.95628	0.00443479	0.039285
Cell_482	0.00226854	0.908113	0.00385385	0.0857645
Cell_483	2.49472e-16	0.00022976	0.999769	1.18483e-06
Cell_484	2.26397e-21	0.458999	0.00436851	0.536632
Cell_485	4.65229e-23	0.950451	0.0055784	0.0439707
Cell_486	0.992673	0.00709732	3.0485e-05	0.000199437
Cell_487	1.24439e-18	0.0637101	0.000256155	0.936034
Cell_488	8.61066e-21	0.0205675	0.000112724	0.97932
Cell_489	9.30839e-16	0.54727	0.00220741	0.450522
Cell_490	0.000276666	0.493473	0.0219807	0.48427
Cell_491	1.38863e-12	0.0787912	0.000915855	0.920293
Cell_492	3.36846e-16	0.281554	0.00134554	0.717101
Cell_493	1.98695e-18	0.625918	0.0473797	0.326702
Cell_494	4.63486e-22	0.572443	0.00283784	0.424719
Cell_495	3.23535e-17	0.148568	0.00297521	0.848456
Cell_496	3.16866e-12	0.00366474	0.989758	0.00657701
Cell_497	5.68361e-10	0.494848	0.00195697	0.503195
Cell_498	3.39793e-09	0.133548	0.000552017	0.8659
Cell_499	1.75379e-17	0.81608	0.00478975	0.179131
Cell_500	5.06675e-29	0.0220184	0.000440937	0.977541
Cell_501	2.72063e-18	0.945663	0.00419147	0.0501459
Cell_502	8.74586e-19	0.401277	0.00163904	0.597084
Cell_503	2.98781e-18	0.90181	0.0133951	0.0847951
Cell_504	1.32728e-14	0.601449	0.00353004	0.395021
Cell_505	1.99546e-15	0.508988	0.00210389	0.488909
Cell_506	4.08773e-37	0.0164908	8.5511e-05	0.983424
Cell_507	9.07976e-25	0.0185819	7.55369e-05	0.981343
Cell_508	3.93643e-17	0.140753	0.000550101	0.858697
Cell_509	3.42131e-23	0.642866	0.00377312	0.353361
Cell_510	0.939365	0.0426359	0.000405786	0.017593
Cell_511	1.71308e-05	0.371243	0.00743446	0.621305
Cell_512	8.0693e-22	0.89756	0.00526798	0.0971718
Cell_513	4.42856e-13	0.606026	0.00704434	0.38693
Cell_514	0.858877	0.00853089	3.36429e-05	0.132558
Cell_515	7.46962e-26	0.680022	0.00337115	0.316607
Cell_516	1.27287e-16	0.423061	0.00628396	0.570655
Cell_517	4.59592e-18	0.432707	0.00191789	0.565375
Cell_518	2.48966e-17	0.535913	0.00233509	0.461751
Cell_519	0.993589	0.00496362	1.94857e-05	0.00142826
Cell_520	5.41806e-19	0.409908	0.00820875	0.581883
Cell_521	2.91026e-10	0.207955	0.000823327	0.791222
Cell_522	6.83867e-07	0.357615	0.00158506	0.6408
Cell_523	5.94881e-14	0.888332	0.0131949	0.0984732
Cell_524	0.976769	0.0153156	8.98907e-05	0.0078252
Cell_525	2.64974e-20	0.475593	0.00188082	0.522526
Cell_526	9.6465e-23	0.437709	0.00226968	0.560021
Cell_527	9.06382e-21	0.480954	0.0138334	0.505213
Cell_528	0.992562	0.00722758	2.82582e-05	0.000182121
Cell_529	5.06841e-13	0.984367	0.0114421	0.00419107
Cell_530	2.37017e-10	0.864871	0.128317	0.00681232
Cell_531	7.82787e-11	0.0209114	8.16265e-05	0.979007
Cell_532	1.28198e-24	0.0950554	0.000403396	0.904541
Cell_533	4.98934e-09	0.814914	0.00325202	0.181834
Cell_534	8.62304e-20	0.50167	0.00201137	0.496318
Cell_535	5.69903e-25	0.253942	0.0192225	0.726835
Cell_536	2.19695e-25	0.0166007	0.000739446	0.98266
Cell_537	1.86011e-25	0.922428	0.0107221	0.0668495
Cell_538	1.24928e-14	0.838988	0.0033638	0.157648
Cell_539	6.65632e-14	0.89008	0.00522407	0.104696
Cell_540	1.19838e-16	0.186523	0.000731236	0.812746
Cell_541	3.77476e-20	0.0775493	0.000343723	0.922107
Cell_542	1.2981e-18	0.0802324	0.000362984	0.919405
Cell_543	0.988597	0.0105441	4.12396e-05	0.00081766
Cell_544	2.36203e-20	0.568838	0.0843955	0.346767
Cell_545	2.27e-25	0.12372	0.00355847	0.872722
Cell_546	2.38202e-11	0.708164	0.00283224	0.289003
Cell_547	1.94234e-06	0.877771	0.0175781	0.104649
Cell_548	1.35643e-05	0.739245	0.00288871	0.257853
Cell_549	2.63e-28	0.0480813	0.00038913	0.95153
Cell_550	0.00304951	0.367815	0.00235016	0.626786
Cell_551	8.074e-29	0.63669	0.0481951	0.315115
Cell_552	7.88996e-13	0.208536	0.00198474	0.789479
Cell_553	2.09418e-11	0.755216	0.0087785	0.236005
Cell_554	3.11828e-09	0.022462	0.000646061	0.976892
Cell_555	5.20174e-11	0.951865	0.00608195	0.0420531
Cell_556	0.991038	0.00771888	3.82656e-05	0.00120493
Cell_557	6.61944e-22	0.147963	0.00296309	0.849074
Cell_558	2.68476e-18	0.905425	0.00469495	0.0898801
Cell_559	2.30565e-21	0.134407	0.000527439	0.865066
Cell_560	1.32269e-18	0.846457	0.00805613	0.145487
Cell_561	0.98296	0.0141892	0.00028415	0.00256671
Cell_562	1.70643e-12	0.125266	0.000538053	0.874196
Cell_563	8.57629e-15	0.417394	0.0315952	0.551011
Cell_564	1.46755e-15	0.0541935	0.000515785	0.945291
Cell_565	6.17467e-25	0.588949	0.0445813	0.36647
Cell_566	8.56865e-14	0.0926413	0.000361499	0.906997
Cell_567	1.08952e-21	0.455831	0.00180267	0.542367
Cell_568	4.00697e-17	0.623563	0.00593474	0.370502
Cell_569	1.01135e-20	0.82424	0.062392	0.113368
Cell_570	2.86635e-16	0.318874	0.0241376	0.656988
Cell_571	2.43959e-13	0.0565799	0.000840413	0.94258
Cell_572	7.72233e-09	0.816333	0.121115	0.0625514
Cell_573	7.7108e-18	0.0265369	0.00393714	0.969526
Cell_574	2.24578e-20	0.0817192	0.000661368	0.917619
Cell_575	1.56684e-24	0.0260909	0.000101788	0.973807
Cell_576	2.41508e-22	0.386283	0.00157027	0.612146
Cell_577	2.21892e-14	0.264011	0.00528704	0.730702
Cell_578	0.991195	0.00676584	3.50833e-05	0.00200376
Cell_579	8.70414e-19	0.399887	0.00464822	0.595465
Cell_580	5.39078e-15	0.568673	0.0843711	0.346956
Cell_581	2.94848e-15	0.10083	0.000591794	0.898578
Cell_582	2.38355e-18	0.604229	0.0896463	0.306125
Cell_583	0.00256283	0.896921	0.0678937	0.0326224
Cell_584	5.05292e-10	0.695874	0.00662296	0.297503
Cell_585	2.87101e-18	0.777917	0.00497051	0.217113
Cell_586	1.2551e-16	0.556686	0.00231822	0.440996
Cell_587	4.30735e-22	0.0210559	0.000200399	0.978744
Cell_588	1.73278e-11	0.586573	0.0117466	0.401681
Cell_589	0.993744	0.00391151	1.53158e-05	0.00232892
Cell_590	2.83629e-19	0.364662	0.00174271	0.633595
Cell_591	0.990532	0.0091092	3.79336e-05	0.000320386
Cell_592	0.988479	0.0111128	4.77327e-05	0.000360572
Cell_593	1.04315e-13	0.419972	0.00298188	0.577046
Cell_594	1.08612e-14	0.00211744	0.93375	0.0641321
Cell_595	2.19415e-30	0.211335	0.00124037	0.787425
Cell_596	0.000200318	0.114523	0.00866901	0.876607
Cell_597	1.07424e-16	0.828416	0.00529318	0.16629
Cell_598	1.15036e-13	0.217153	0.000847119	0.782
Cell_599	4.85489e-24	0.655738	0.0188606	0.325401
Cell_600	1.6716e-17	0.645928	0.00268985	0.351382
Cell_601	5.07562e-05	0.78475	0.0349551	0.180244
Cell_602	2.62497e-19	0.417031	0.0119948	0.570974
Cell_603	1.91111e-34	0.73144	0.0553673	0.213193
Cell_604	1.43171e-26	0.380606	0.0109471	0.608447
Cell_605	2.24432e-17	0.523339	0.0104803	0.466181
Cell_606	9.98394e-05	0.985374	0.00510952	0.00941614
Cell_607	9.03108e-08	0.353621	0.00525253	0.641126
Cell_608	5.09878e-16	0.129462	0.00050981	0.870028
Cell_609	2.28015e-14	0.4658	0.0037698	0.530431
Cell_610	1.49818e-25	0.421763	0.00183772	0.576399
Cell_611	1.08358e-17	0.630486	0.00936497	0.360149
Cell_612	0.000307596	0.465044	0.0020263	0.532622
Cell_613	0.987462	0.0116197	0.000232695	0.000685104
Cell_614	2.89362e-20	0.452566	0.00430729	0.543126
Cell_615	1.23001e-29	0.0236817	0.000474246	0.975844
Cell_616	8.85846e-26	0.320163	0.00124903	0.678588
Cell_617	3.15247e-11	0.794613	0.0056419	0.199745
Cell_618	1.58842e-20	0.62851	0.00344465	0.368045
Cell_619	6.28621e-17	0.81106	0.00771924	0.181221
Cell_620	1.16518e-21	0.73739	0.0328455	0.229764
Cell_621	2.82674e-21	0.402689	0.00199629	0.595315
Cell_622	1.49856e-22	0.761482	0.0152493	0.223268
Cell_623	2.16419e-20	0.946207	0.0421468	0.011646
Cell_624	2.01413e-19	0.256974	0.0381259	0.7049
Cell_625	2.07458e-15	0.693032	0.0199332	0.287035
Cell_626	5.48838e-15	0.764487	0.113423	0.12209
Cell_627	2.2705e-12	0.860671	0.127693	0.0116354
Cell_628	5.56768e-15	0.537165	0.0107572	0.452078
Cell_629	1.22588e-24	0.592251	0.0878693	0.31988
Cell_630	2.03639e-34	0.592792	0.00347922	0.403729
Cell_631	1.99279e-14	0.0954734	0.000523257	0.904003
Cell_632	1.21518e-16	0.972517	0.00404987	0.0234333
Cell_633	9.88886e-13	0.404783	0.00327598	0.591941
Cell_634	0.991938	0.00674917	0.00100134	0.000311609
Cell_635	3.41359e-15	0.349247	0.0100452	0.640708
Cell_636	4.59326e-38	0.649703	0.096393	0.253904
Cell_637	5.29671e-18	0.947553	0.00766872	0.0447783
Cell_638	3.49441e-21	0.290847	0.0129552	0.696197
Cell_639	9.84926e-20	0.425873	0.00249954	0.571627
Cell_640	1.34978e-06	0.944356	0.0189115	0.0367312
Cell_641	1.15607e-33	0.91725	0.0183687	0.0643816
Cell_642	6.07934e-23	0.620215	0.00243385	0.377352
Cell_643	0.996023	0.00392706	1.58397e-05	3.42699e-05
Cell_644	4.14223e-10	0.569857	0.0845468	0.345596
Cell_645	4.59308e-11	0.45098	0.020088	0.528932
Cell_646	2.74612e-16	0.666873	0.00345798	0.329669
Cell_647	2.50147e-14	0.184843	0.000723626	0.814433
Cell_648	0.000192982	0.821258	0.0621663	0.116382
Cell_649	4.01399e-35	0.0338985	0.00150994	0.964592
Cell_650	3.10528e-31	0.471361	0.00185119	0.526788
Cell_651	2.14327e-22	0.168332	0.000834489	0.830834
Cell_652	1.35396e-10	0.549914	0.00272615	0.44736
Cell_653	8.53055e-11	0.0536334	0.00795731	0.938409
Cell_654	2.04275e-16	0.419286	0.00164667	0.579067
Cell_655	3.40686e-12	0.156066	0.00312534	0.840809
Cell_656	1.1831e-19	0.111536	0.000533029	0.887931
Cell_657	1.26927e-13	0.410073	0.00476661	0.585161
Cell_658	2.37665e-17	0.962329	0.0111859	0.0264853
Cell_659	3.05383e-33	0.286706	0.00203567	0.711258
Cell_660	0.968334	0.028169	0.000115058	0.00338213
Cell_661	9.45253e-08	0.899167	0.0104518	0.0903815
Cell_662	2.14252e-29	0.727649	0.00295795	0.269393
Cell_663	1.86328e-20	0.266513	0.00127366	0.732213
Cell_664	0.986641	0.0127295	5.90338e-05	0.00057092
Cell_665	7.91286e-09	0.0494963	0.000735196	0.949768
Cell_666	1.69939e-26	0.512545	0.0760436	0.411412
Cell_667	1.07343e-16	0.654618	0.00760916	0.337773
Cell_668	4.66536e-11	0.000456597	0.998545	0.000998223
Cell_669	0.99373	0.0060596	2.37031e-05	0.000186765
Cell_670	1.42055e-06	0.36255	0.0014323	0.636017
Cell_671	1.53648e-29	0.550118	0.00219103	0.447691
Cell_672	2.65423e-21	0.472687	0.00302024	0.524292
Cell_673	1.46784e-08	0.0793312	0.000755032	0.919914
Cell_674	3.78799e-15	0.2451	0.00105277	0.753847
Cell_675	1.5866e-18	0.588089	0.00244899	0.409462
Cell_676	2.35044e-19	0.703495	0.00569351	0.290812
Cell_677	1.04694e-21	0.570739	0.0846777	0.344583
Cell_678	3.3609e-24	0.256251	0.00101339	0.742736
Cell_679	2.85539e-18	0.272142	0.00316333	0.724695
Cell_680	3.17272e-22	0.516175	0.0041775	0.479647
Cell_681	6.61342e-27	0.392631	0.00171078	0.605658
Cell_682	3.6216e-12	0.094598	0.887602	0.0178004
Cell_683	1.67191e-14	0.295379	0.00153165	0.703089
Cell_684	7.44638e-19	0.742266	0.0330627	0.224671
Cell_685	1.33117e-17	0.422995	0.00491682	0.572088
Cell_686	0.971728	0.0267375	0.000156928	0.00137762
Cell_687	5.36412e-31	0.509611	0.00252635	0.487863
Cell_688	0.0349293	0.0159258	0.868993	0.0801523
Cell_689	0.989197	0.0105041	4.65576e-05	0.000252658
Cell_690	1.72765e-25	0.405777	0.00222393	0.591999
Cell_691	1.55204e-25	0.359643	0.00534198	0.635015
Cell_692	0.991078	0.00559061	0.00082945	0.00250159
Cell_693	1.6707e-18	0.319771	0.00128568	0.678943
Cell_694	2.30166e-19	0.528033	0.0020882	0.469879
Cell_695	8.03296e-17	0.410751	0.00241078	0.586839
Cell_696	6.93423e-40	0.163197	0.000648853	0.836154
Cell_697	1.2678e-20	0.481142	0.00457926	0.514278
Cell_698	6.89229e-14	0.0213974	0.976136	0.00246685
Cell_699	1.21166e-12	0.737036	0.0109476	0.252016
Cell_700	2.39264e-12	0.298168	0.190135	0.511697
Cell_701	9.84212e-24	0.372154	0.00552781	0.622318
Cell_702	0.986391	0.0121719	0.00054217	0.000895416
Cell_703	1.95415e-20	3.34061e-08	1	5.05917e-10
Cell_704	3.52888e-09	0.372913	0.00433467	0.622752
Cell_705	2.31878e-14	0.980702	0.0145669	0.00473154
Cell_706	3.55463e-12	0.241281	0.00358388	0.755135
Cell_707	1.32604e-27	0.483626	0.0019507	0.514424
Cell_708	2.10543e-15	0.932069	0.0108342	0.0570972
Cell_709	1.87591e-11	0.330057	0.00133128	0.668612
Cell_710	5.8833e-14	0.309925	0.00125463	0.688821
Cell_711	2.12846e-12	0.465955	0.00933113	0.524714
Cell_712	1.42689e-18	0.287061	0.00574864	0.70719
Cell_713	3.37773e-10	0.26525	0.00105851	0.733691
Cell_714	0.989285	0.0103241	0.000296947	9.42282e-05
Cell_715	1.81305e-08	0.843678	0.00403192	0.15229
Cell_716	1.70698e-06	0.463149	0.00440801	0.532441
Cell_717	1.66961e-13	0.822932	0.00323338	0.173834
Cell_718	4.37667e-09	0.503327	0.0074762	0.489197
Cell_719	1.34736e-08	0.968115	0.00530591	0.0265793
Cell_720	2.19281e-12	0.761899	0.00885618	0.229245
Cell_721	1.01225e-24	0.481874	0.0714932	0.446633
Cell_722	0.99101	0.00871128	5.11284e-05	0.000227772
Cell_723	1.4772e-13	0.00668385	0.985489	0.00782747
Cell_724	1.4599e-11	0.310483	0.0138298	0.675687
Cell_725	3.30397e-18	0.527811	0.0151811	0.457008
Cell_726	4.74071e-18	0.533057	0.00213192	0.464811
Cell_727	2.92495e-55	0.539281	0.00216217	0.458557
Cell_728	6.85074e-18	0.156958	0.0118811	0.831161
Cell_729	2.30588e-18	0.832463	0.00488591	0.162651
Cell_730	5.55867e-16	0.886885	0.00717772	0.105937
Cell_731	6.92133e-12	0.681581	0.101123	0.217297
Cell_732	1.47612e-22	0.889503	0.00349494	0.107002
Cell_733	2.14632e-22	0.209584	0.00094819	0.789468
Cell_734	2.38493e-18	0.69163	0.00358635	0.304783
Cell_735	1.42685e-15	0.542039	0.00236178	0.455599
Cell_736	6.02981e-18	0.950734	0.0049299	0.0443362
Cell_737	3.99001e-10	0.109435	0.000431576	0.890133
Cell_738	7.5895e-19	0.116309	0.00135196	0.882339
Cell_739	7.95213e-18	0.708883	0.00284216	0.288275
Cell_740	0.99509	0.00477644	2.36787e-05	0.000109589
Cell_741	7.94737e-17	0.778527	0.0346779	0.186795
Cell_742	1.90231e-30	0.794523	0.00368464	0.201792
Cell_743	3.63808e-15	0.196873	0.000940853	0.802186
Cell_744	1.27778e-23	0.236435	0.000929431	0.762635
Cell_745	3.86891e-26	0.808245	0.00339518	0.188359
Cell_746	1.97402e-15	0.300396	0.00243116	0.697173
Cell_747	0.985566	0.00943076	7.63248e-05	0.00492656
Cell_748	3.03144e-12	0.312882	0.00138679	0.685731
Cell_749	6.52399e-10	0.635644	0.0283135	0.336042
Cell_750	8.09467e-32	0.188045	0.00837605	0.803579
Cell_751	1.04722e-23	0.0777613	0.000903884	0.921335
Cell_752	2.16079e-38	0.842775	0.00461897	0.152606
Cell_753	8.11669e-21	0.648827	0.0033644	0.347809
Cell_754	4.22249e-15	0.777168	0.115304	0.107527
Cell_755	4.05705e-15	3.75103e-06	0.999996	1.93581e-07
Cell_756	7.66532e-17	0.786651	0.0116846	0.201665
Cell_757	1.37147e-13	0.810894	0.0120447	0.177061
Cell_758	6.65476e-16	0.304935	0.0230824	0.671983
Cell_759	0.42788	0.0456858	0.00026814	0.526166
Cell_760	2.89182e-10	0.104788	0.892267	0.00294452
Cell_761	2.86542e-12	0.491871	0.00349238	0.504636
Cell_762	2.28227e-22	0.677025	0.0194728	0.303502
Cell_763	2.82067e-14	0.21718	0.00127468	0.781545
Cell_764	1.09869e-06	0.983181	0.00385558	0.0129621
Cell_765	3.24982e-15	0.698755	0.00446471	0.29678
Cell_766	5.35242e-13	0.776907	0.00303438	0.220059
Cell_767	3.24531e-20	0.739487	0.00290087	0.257612
Cell_768	9.79214e-14	0.744147	0.0110532	0.2448
Cell_769	1.9346e-19	0.579362	0.00860559	0.412032
Cell_770	0.129531	0.86048	0.00549805	0.00449125
Cell_771	0.990135	0.00927189	4.59645e-05	0.000547224
Cell_772	4.86386e-12	0.459349	0.00179862	0.538852
Cell_773	1.3318e-17	0.000514722	0.99947	1.55542e-05
Cell_774	2.41784e-21	0.0333379	0.00026981	0.966392
Cell_775	4.96112e-25	0.249996	0.00113102	0.748873
Cell_776	1.57629e-24	0.392319	0.00160245	0.606079
Cell_777	7.01582e-20	0.352118	0.00192984	0.645952
Cell_778	3.183e-09	0.268458	0.0203213	0.71122
Cell_779	1.97379e-19	0.544152	0.00632512	0.449523
Cell_780	4.78781e-13	0.677247	0.0100595	0.312694
Cell_781	4.95136e-19	0.386983	0.0036831	0.609334
Cell_782	1.36638e-12	0.71778	0.0543333	0.227887
Cell_783	2.41453e-17	0.960694	0.00563852	0.0336677
Cell_784	2.78229e-28	0.605019	0.00355099	0.39143
Cell_785	5.63106e-23	0.427078	0.00272882	0.570193
Cell_786	5.34351e-19	0.0429526	0.000222725	0.956825
Cell_787	5.02763e-16	0.237746	0.0352732	0.72698
Cell_788	1.46882e-11	0.447812	0.0066516	0.545536
Cell_789	1.86623e-12	0.0251313	0.000113698	0.974755
Cell_790	5.57613e-20	0.756237	0.0151443	0.228619
Cell_791	5.86358e-23	0.831042	0.0629068	0.106052
Cell_792	7.20813e-14	0.485052	0.00190675	0.513042
Cell_793	5.03647e-25	0.312362	0.00363084	0.684007
Cell_794	0.00879367	0.773067	0.0344346	0.183705
Cell_795	6.42321e-16	0.921689	0.0697685	0.00854201
Cell_796	4.72703e-13	0.205268	0.00590399	0.788828
Cell_797	5.39567e-15	0.0171975	7.7804e-05	0.982725
Cell_798	7.08456e-34	0.603836	0.00245464	0.393709
Cell_799	2.02027e-24	0.612325	0.00244356	0.385231
Cell_800	5.67987e-12	0.47639	0.0212198	0.502391
Cell_801	7.26381e-12	0.905703	0.0260502	0.0682466
Cell_802	7.05812e-32	0.637544	0.00741069	0.355046
Cell_803	2.80005e-16	0.178675	0.00357811	0.817747
Cell_804	4.96962e-08	0.613278	0.0122814	0.37444
