cell	Node 0	Node 1	Node 2	Node 3	Node 4
Cell_0	1.24688e-11	0.580901	0.408846	0.0102526	1.98873e-13
Cell_1	3.31806e-21	0.853583	0.137379	0.00903807	4.44167e-23
Cell_2	7.90286e-24	0.235608	0.761708	0.00268377	5.93713e-26
Cell_3	0.984409	0.00753692	0.00207605	8.04778e-05	0.0058978
Cell_4	8.20605e-14	0.330775	0.666813	0.00241143	2.43571e-15
Cell_5	0.966321	0.00552823	0.0224473	0.00056291	0.00514091
Cell_6	1.63673e-15	0.695463	0.302005	0.00253207	2.91857e-17
Cell_7	0.985374	0.00659756	0.00175353	6.32421e-06	0.00626892
Cell_8	6.43463e-06	0.0766925	0.920056	0.00324477	5.13014e-08
Cell_9	9.08606e-16	0.959048	0.0408086	0.00014364	3.30489e-18
Cell_10	0.95731	0.0159479	0.0130043	4.57015e-05	0.0136918
Cell_11	0.988222	0.00575522	0.000206949	0.000363462	0.00545189
Cell_12	0.982733	0.00875387	0.00019351	7.84314e-07	0.00831876
Cell_13	2.87948e-08	0.346611	0.613056	0.0403326	4.08476e-10
Cell_14	0.977276	0.00696245	0.0084885	0.00109457	0.00617873
Cell_15	0.637705	0.196747	0.147443	0.00191862	0.0161865
Cell_16	4.44223e-33	0.981076	0.0167622	0.00216143	3.91469e-35
Cell_17	5.22932e-06	0.77561	0.198755	0.0256289	1.14573e-07
Cell_18	1.68701e-09	0.197846	0.710532	0.0916212	4.14074e-11
Cell_19	8.09287e-13	0.371212	0.626402	0.00238654	1.20462e-14
Cell_20	2.19873e-25	0.834254	0.16494	0.000805363	5.49558e-27
Cell_21	6.95076e-10	0.917461	0.082242	0.000296611	1.10659e-11
Cell_22	0.977328	0.010755	0.00204425	7.4416e-06	0.00986509
Cell_23	4.2887e-13	0.142549	0.846436	0.0110144	2.16904e-15
Cell_24	3.35407e-17	0.0974553	0.898973	0.00357201	1.54073e-19
Cell_25	4.34676e-16	0.560159	0.429081	0.01076	3.85337e-18
Cell_26	4.98491e-10	0.495078	0.44725	0.0576717	7.66317e-12
Cell_27	4.59316e-19	0.708422	0.290551	0.00102722	5.29403e-21
Cell_28	1.71889e-15	0.00497353	0.00170397	0.993323	8.36826e-18
Cell_29	5.9315e-25	0.6664	0.332129	0.00147096	2.79574e-26
Cell_30	1.86242e-25	0.26238	0.735038	0.00258235	1.68652e-27
Cell_31	4.20847e-16	0.699376	0.299483	0.00114101	3.2612e-18
Cell_32	1.46216e-22	0.549194	0.448615	0.00219048	1.23462e-24
Cell_33	2.24155e-27	0.276998	0.718925	0.00407708	2.2914e-29
Cell_34	1.78411e-26	0.688659	0.303725	0.00761648	2.16624e-28
Cell_35	1.14742e-38	0.0641579	0.900918	0.034924	2.78093e-40
Cell_36	1.62367e-15	0.511146	0.470611	0.0182432	3.92774e-17
Cell_37	7.4414e-16	0.615325	0.382271	0.00240353	2.38756e-17
Cell_38	1.52663e-26	0.992926	0.00681019	0.000263996	5.45806e-28
Cell_39	4.36947e-23	0.390866	0.606991	0.00214292	9.65562e-25
Cell_40	5.06176e-16	0.130448	0.860762	0.00878945	1.07305e-17
Cell_41	3.49229e-22	0.513679	0.484176	0.00214436	4.62668e-24
Cell_42	3.92032e-35	0.83659	0.162734	0.000675581	1.93526e-37
Cell_43	2.06326e-16	0.527788	0.443063	0.0291488	2.81117e-18
Cell_44	1.71383e-19	0.589257	0.395414	0.0153282	1.07762e-21
Cell_45	5.09712e-08	0.371129	0.626098	0.00277292	6.16747e-10
Cell_46	9.21e-09	0.0204347	0.00165951	0.977906	9.96533e-11
Cell_47	1.87082e-12	0.517226	0.476572	0.00620147	3.32831e-14
Cell_48	2.30978e-25	0.980816	0.0187145	0.000469303	7.69339e-27
Cell_49	3.59074e-27	0.389714	0.608098	0.0021879	4.00476e-29
Cell_50	1.1556e-12	0.629619	0.366637	0.00374382	2.29116e-14
Cell_51	9.16308e-32	0.552261	0.44607	0.00166874	1.54507e-33
Cell_52	2.88054e-24	0.448191	0.549876	0.00193365	4.54255e-26
Cell_53	2.80472e-23	0.931204	0.0488775	0.0199182	3.97312e-25
Cell_54	6.36377e-14	0.963836	0.032033	0.00413057	5.78047e-16
Cell_55	9.42828e-09	0.807175	0.190348	0.00247693	2.33068e-10
Cell_56	8.48234e-17	0.498117	0.0886422	0.413241	1.5273e-18
Cell_57	4.2876e-18	0.513824	0.484436	0.00173928	7.03442e-20
Cell_58	6.79833e-18	0.95306	0.0466069	0.000333184	9.05759e-20
Cell_59	4.61159e-11	0.467912	0.529638	0.00245043	5.86077e-13
Cell_60	7.32081e-12	0.706675	0.29036	0.00296494	2.03796e-13
Cell_61	1.46682e-14	0.993784	0.00583194	0.000383679	2.42394e-16
Cell_62	8.73948e-28	0.381427	0.595489	0.023084	2.7456e-29
Cell_63	1.18334e-14	0.881653	0.117843	0.000503676	1.84854e-16
Cell_64	1.01083e-26	0.610073	0.387902	0.00202477	1.25193e-28
Cell_65	1.50107e-13	0.610566	0.365395	0.0240391	4.19018e-15
Cell_66	4.31682e-24	0.485085	0.50971	0.00520477	1.09187e-25
Cell_67	1.97997e-17	0.171537	0.808196	0.0202671	4.37766e-19
Cell_68	2.90803e-06	0.290962	0.706229	0.00280615	3.80006e-08
Cell_69	1.19092e-14	0.502225	0.495976	0.00179915	1.34682e-16
Cell_70	6.52775e-25	0.92984	0.0698195	0.000340912	4.19402e-27
Cell_71	1.2062e-09	0.836825	0.162016	0.00115822	1.4181e-11
Cell_72	5.7052e-11	0.197855	0.797622	0.00452337	2.99591e-12
Cell_73	2.88619e-09	0.494093	0.437009	0.068898	6.57061e-11
Cell_74	1.47021e-16	0.9853	0.013793	0.000907436	9.70356e-19
Cell_75	0.958849	0.022034	0.00118185	4.36268e-06	0.0179307
Cell_76	1.11964e-29	0.76528	0.233722	0.000998955	1.41951e-31
Cell_77	1.92325e-16	0.589828	0.408644	0.00152873	3.95163e-18
Cell_78	1.28779e-18	0.676033	0.321274	0.00269363	1.42544e-20
Cell_79	0.00445453	0.664599	0.318557	0.0123488	4.02268e-05
Cell_80	1.28286e-08	0.574313	0.423027	0.00265979	4.4817e-10
Cell_81	1.1532e-13	0.948687	0.0511336	0.000179723	1.42074e-15
Cell_82	5.85777e-11	0.63898	0.359483	0.00153648	5.77115e-13
Cell_83	9.94895e-18	0.45722	0.539719	0.00306079	2.09624e-19
Cell_84	5.84385e-30	0.436685	0.56134	0.00197485	7.07448e-32
Cell_85	2.19115e-14	0.0389827	0.0119309	0.949086	1.65119e-16
Cell_86	2.75596e-21	0.614857	0.378519	0.00662371	3.16357e-23
Cell_87	0.000193979	0.959848	0.0395518	0.000403873	2.49471e-06
Cell_88	0.971562	0.00904344	0.0102251	0.0006727	0.008497
Cell_89	2.28483e-18	0.53337	0.464995	0.00163477	2.9786e-20
Cell_90	3.33359e-14	0.110709	0.881897	0.00739402	2.35136e-16
Cell_91	8.71883e-15	0.887948	0.107871	0.00418159	1.49627e-16
Cell_92	0.00131889	0.516463	0.464212	0.0179951	1.07298e-05
Cell_93	8.23693e-17	0.0316557	0.90857	0.0597743	1.49712e-18
Cell_94	2.87829e-21	0.451174	0.48614	0.0626864	3.56673e-23
Cell_95	1.68324e-38	0.335532	0.662111	0.00235655	2.41538e-40
Cell_96	0.985899	0.00700947	0.000432461	1.52959e-06	0.0066576
Cell_97	0.980069	0.00434234	0.0118147	4.25085e-05	0.00373135
Cell_98	9.55216e-16	0.37427	0.623495	0.00223433	1.42505e-17
Cell_99	1.10556e-21	0.583803	0.414175	0.00202232	2.06035e-23
Cell_100	9.35549e-09	0.0628519	0.914222	0.0229259	3.99755e-10
Cell_101	3.72926e-24	0.489048	0.505787	0.00516471	7.33233e-26
Cell_102	4.27415e-11	0.0352059	0.960976	0.00381838	7.80348e-13
Cell_103	5.44748e-18	0.695595	0.303109	0.00129553	1.22772e-19
Cell_104	4.3762e-13	0.806419	0.188846	0.00473567	1.97251e-15
Cell_105	8.53046e-15	0.327496	0.670142	0.00236154	1.7395e-16
Cell_106	3.45951e-19	0.684876	0.313877	0.00124717	4.43956e-21
Cell_107	3.0508e-18	0.471499	0.521712	0.00678886	7.54527e-20
Cell_108	0.978548	0.00633984	0.00905355	3.48976e-05	0.00602409
Cell_109	2.86053e-18	0.697238	0.300613	0.00214903	2.94603e-20
Cell_110	1.74894e-18	0.329482	0.654114	0.0164032	5.62902e-20
Cell_111	3.93662e-21	0.583442	0.411208	0.0053509	6.7465e-23
Cell_112	6.78347e-23	0.556817	0.43749	0.00569291	1.09359e-24
Cell_113	1.45095e-43	0.0581891	0.883675	0.0581364	4.49056e-45
Cell_114	3.83264e-33	0.26407	0.73334	0.0025898	3.96439e-35
Cell_115	8.93688e-23	0.286083	0.711392	0.00252515	6.96911e-25
Cell_116	1.52024e-17	0.663747	0.323704	0.0125483	6.08899e-19
Cell_117	0.985541	0.00704433	0.000717267	3.50224e-06	0.00669357
Cell_118	5.1261e-15	0.206528	0.785452	0.00802044	2.84039e-16
Cell_119	4.20856e-13	0.708594	0.258122	0.0332841	6.84812e-15
Cell_120	8.63507e-18	0.227582	0.769411	0.00300709	1.18648e-19
Cell_121	7.30874e-15	0.195231	0.80185	0.00291894	5.91975e-17
Cell_122	5.64799e-40	0.780947	0.194033	0.02502	9.81073e-42
Cell_123	5.18992e-13	0.978024	0.021598	0.000377943	5.01674e-15
Cell_124	1.81543e-17	0.20524	0.788152	0.00660804	1.71151e-19
Cell_125	2.27909e-17	0.468392	0.529703	0.00190584	3.95848e-19
Cell_126	8.74467e-13	0.67496	0.32346	0.00157938	1.34109e-14
Cell_127	1.19317e-10	0.130429	0.866509	0.00306225	5.76708e-13
Cell_128	2.97646e-18	0.608178	0.390155	0.00166757	2.57725e-20
Cell_129	2.31044e-22	0.649273	0.349409	0.00131815	5.32229e-24
Cell_130	2.37614e-14	0.999638	0.000360816	1.46242e-06	5.25551e-16
Cell_131	2.97987e-27	0.689495	0.27504	0.0354656	6.93635e-29
Cell_132	0.973788	0.00742364	0.011689	5.17694e-05	0.00704722
Cell_133	1.58799e-16	0.680159	0.318713	0.00112838	2.4387e-18
Cell_134	2.50397e-13	0.688329	0.308521	0.00315038	3.20319e-15
Cell_135	0.981542	0.00553877	0.0076279	3.26026e-05	0.00525838
Cell_136	1.03814e-08	0.348988	0.647341	0.00367112	7.8708e-11
Cell_137	2.50959e-28	0.631283	0.366926	0.00179161	8.51677e-30
Cell_138	1.03479e-20	0.571301	0.427174	0.00152593	1.68717e-22
Cell_139	2.33453e-12	0.506911	0.490309	0.00278058	3.16048e-14
Cell_140	0.977168	0.012017	0.00250275	1.78917e-05	0.00829425
Cell_141	6.50223e-13	0.81227	0.166287	0.0214423	1.73742e-14
Cell_142	3.40554e-13	0.363362	0.634297	0.00234144	4.95503e-15
Cell_143	1.23127e-21	0.365382	0.632387	0.00223132	1.97617e-23
Cell_144	3.80907e-13	0.489457	0.498053	0.0124897	2.93082e-15
Cell_145	3.13368e-11	0.15009	0.841319	0.00859091	7.21293e-13
Cell_146	2.70798e-11	0.994632	0.00534235	2.60854e-05	2.92493e-13
Cell_147	8.9519e-18	0.35516	0.642481	0.00235906	2.17936e-19
Cell_148	0.988978	0.00477863	0.00170279	6.28565e-06	0.00453461
Cell_149	0.0432981	0.224186	0.686369	0.0451558	0.000991469
Cell_150	2.72858e-19	0.31578	0.681391	0.00282876	6.3828e-21
Cell_151	1.34951e-21	0.07343	0.903903	0.0226671	3.18476e-23
Cell_152	2.13006e-16	0.0603907	0.935816	0.00379296	3.17383e-18
Cell_153	2.47551e-19	0.854339	0.144839	0.000821396	2.68184e-21
Cell_154	6.53722e-14	0.432535	0.565119	0.00234606	1.43743e-15
Cell_155	4.99274e-06	0.651492	0.342509	0.00599357	1.84306e-07
Cell_156	0.000331771	0.338296	0.585829	0.075541	1.71046e-06
Cell_157	1.2426e-22	0.435609	0.561649	0.0027424	3.51209e-24
Cell_158	0.967521	0.00745923	0.0178769	6.36959e-05	0.00707879
Cell_159	1.00617e-16	0.413194	0.550584	0.0362226	6.80919e-19
Cell_160	4.13958e-10	0.641984	0.317124	0.0408922	1.27043e-11
Cell_161	2.32487e-11	0.492593	0.476086	0.0313214	5.16746e-13
Cell_162	1.09299e-17	0.270581	0.726314	0.00310436	2.36968e-19
Cell_163	2.8595e-10	0.954188	0.0405794	0.0052326	2.65423e-12
Cell_164	1.38116e-15	0.809056	0.190102	0.00084194	1.6129e-17
Cell_165	9.54816e-17	0.206185	0.791016	0.0027991	7.45782e-19
Cell_166	6.46582e-12	0.0345968	0.0119854	0.953418	2.60659e-14
Cell_167	1.29245e-10	0.505244	0.492187	0.00256911	3.11363e-12
Cell_168	1.33733e-06	0.931323	0.064436	0.00423921	3.48191e-08
Cell_169	3.32987e-12	0.401055	0.596694	0.00225104	2.81123e-14
Cell_170	1.27979e-26	0.423895	0.571315	0.00479003	8.91057e-29
Cell_171	1.46962e-35	0.028782	0.860286	0.110932	4.28866e-37
Cell_172	8.46632e-20	0.68857	0.309916	0.00151325	1.42915e-21
Cell_173	3.60313e-13	0.291967	0.705552	0.00248132	8.90941e-15
Cell_174	2.8722e-11	0.501185	0.441841	0.0569742	5.25213e-13
Cell_175	2.35943e-19	0.441146	0.556598	0.00225595	6.8323e-21
Cell_176	7.13114e-20	0.612641	0.385477	0.00188219	2.1568e-21
Cell_177	1.74992e-09	0.252951	0.71917	0.0278785	3.9313e-11
Cell_178	1.5395e-19	0.277513	0.7195	0.00298696	1.61508e-21
Cell_179	8.72197e-24	0.249414	0.746689	0.00389755	1.23938e-25
Cell_180	3.55627e-24	0.656735	0.341483	0.00178247	1.13563e-25
Cell_181	7.07119e-17	0.98875	0.0112078	4.27007e-05	8.12047e-19
Cell_182	1.40403e-20	0.478722	0.519431	0.00184691	1.86851e-22
Cell_183	7.10895e-11	0.0765285	0.920214	0.00325796	6.74204e-13
Cell_184	1.14007e-20	0.125593	0.871345	0.00306195	1.6378e-22
Cell_185	1.39757e-13	0.683445	0.304742	0.0118133	1.45304e-15
Cell_186	3.4587e-13	0.0844135	0.912378	0.00320839	5.47888e-15
Cell_187	2.42153e-23	0.175911	0.821199	0.00288949	4.1811e-25
Cell_188	1.9312e-17	0.975957	0.0239264	0.000116827	1.8992e-19
Cell_189	1.4271e-16	0.574643	0.423598	0.00175855	2.05492e-18
Cell_190	2.09572e-18	0.941534	0.058136	0.000329694	4.88889e-20
Cell_191	2.71231e-22	0.0892078	0.905101	0.00569083	5.90622e-24
Cell_192	1.71026e-06	0.837438	0.161989	0.000572064	1.72174e-08
Cell_193	7.61187e-17	0.528991	0.468721	0.00228865	1.94108e-18
Cell_194	3.10158e-20	0.629336	0.369221	0.00144303	6.54992e-22
Cell_195	0.971774	0.0192537	0.000189387	6.89415e-07	0.0087821
Cell_196	1.01855e-16	0.210816	0.769878	0.0193062	6.88453e-19
Cell_197	2.31576e-11	0.700469	0.29438	0.00515135	1.36535e-13
Cell_198	1.22493e-07	0.000716437	0.00171126	0.997572	4.26002e-10
Cell_199	2.0603e-15	3.50647e-05	2.50003e-06	0.999962	1.71167e-17
Cell_200	4.02856e-23	0.878763	0.120795	0.000441493	2.85522e-25
Cell_201	0.988829	0.00565196	0.000163467	7.56301e-07	0.0053549
Cell_202	2.78672e-15	0.684792	0.303445	0.011763	4.88888e-17
Cell_203	0.9876	0.00597324	0.000807532	4.57958e-06	0.00561505
Cell_204	1.7628e-13	0.348651	0.644766	0.00658385	2.93389e-15
Cell_205	1.1073e-06	0.437375	0.552948	0.00967605	1.39078e-08
Cell_206	2.33664e-21	0.0169535	0.922365	0.0606818	6.24948e-23
Cell_207	3.26619e-12	0.333397	0.661872	0.00473159	6.43853e-14
Cell_208	2.31265e-18	0.15147	0.845104	0.00342529	4.54036e-20
Cell_209	2.89083e-12	0.000603801	0.00070809	0.998688	3.99959e-14
Cell_210	2.25266e-35	0.416506	0.581414	0.00208003	7.33132e-37
Cell_211	3.05226e-26	0.46852	0.529585	0.00189461	2.90794e-28
Cell_212	1.98555e-11	0.115799	0.880129	0.00407202	1.28944e-13
Cell_213	1.90544e-16	0.981018	0.0185179	0.000464372	3.6738e-18
Cell_214	1.21994e-23	0.41319	0.584108	0.00270244	2.42906e-25
Cell_215	8.26301e-13	0.10671	0.890087	0.00320248	6.22109e-15
Cell_216	5.76708e-22	0.590587	0.406507	0.00290604	3.5662e-24
Cell_217	2.3428e-19	0.166072	0.738678	0.0952504	5.79613e-21
Cell_218	0.982436	0.0065702	0.00457281	0.000589651	0.00583122
Cell_219	9.72656e-24	0.502428	0.495826	0.0017467	1.37455e-25
Cell_220	1.27174e-11	0.0978189	0.89879	0.0033907	1.38915e-13
Cell_221	9.72165e-21	0.418259	0.579656	0.00208557	2.20836e-22
Cell_222	1.2368e-17	0.378221	0.613792	0.00798707	2.16103e-19
Cell_223	1.09988e-23	0.226323	0.768185	0.00549161	1.52707e-25
Cell_224	7.8527e-11	0.68232	0.309908	0.00777155	1.03802e-12
Cell_225	1.5443e-22	0.877892	0.121674	0.000434053	2.29177e-24
Cell_226	0.977673	0.0109724	0.00097531	8.17721e-06	0.0103709
Cell_227	8.59839e-16	0.505021	0.493177	0.00180251	1.44753e-17
Cell_228	6.36969e-14	0.570647	0.426306	0.00304758	6.15104e-16
Cell_229	2.94716e-28	0.485046	0.513061	0.00189391	7.73808e-30
Cell_230	3.49248e-16	0.525218	0.473094	0.00168769	3.97752e-18
Cell_231	2.44117e-13	0.402244	0.59512	0.00263572	7.74076e-15
Cell_232	1.23429e-21	0.622234	0.376409	0.00135754	1.81666e-23
Cell_233	0.870274	0.0456166	0.075355	0.00495756	0.00379671
Cell_234	9.50739e-11	0.669348	0.292885	0.0377667	3.92712e-12
Cell_235	7.70282e-15	0.316565	0.677753	0.00568243	1.04665e-16
Cell_236	2.93699e-15	0.407972	0.588689	0.0033385	4.22751e-17
Cell_237	6.77682e-13	0.92732	0.0723703	0.00030932	1.74403e-14
Cell_238	8.43644e-14	0.401024	0.592922	0.00605447	8.26777e-16
Cell_239	0.000326814	0.593474	0.359787	0.0463935	1.88957e-05
Cell_240	1.5173e-15	0.372004	0.589231	0.0387651	4.02284e-17
Cell_241	6.60981e-20	0.606187	0.369503	0.0243094	3.17075e-21
Cell_242	5.15911e-25	0.199339	0.797841	0.00281958	7.93658e-27
Cell_243	4.06531e-28	0.470017	0.527728	0.00225557	6.94448e-30
Cell_244	7.17585e-16	0.337118	0.660554	0.00232817	7.48518e-18
Cell_245	9.82511e-11	0.26411	0.732314	0.00357571	7.58119e-13
Cell_246	3.79955e-31	0.296941	0.695953	0.00710654	1.41681e-32
Cell_247	1.05335e-10	0.245129	0.751658	0.00321268	3.60917e-12
Cell_248	1.89277e-06	0.937487	0.0618792	0.000631863	2.88338e-08
Cell_249	1.44513e-23	0.524034	0.473282	0.00268402	1.91754e-25
Cell_250	0.986156	0.00613331	0.0019253	8.52696e-06	0.0057773
Cell_251	9.75099e-18	0.564184	0.430217	0.00559827	2.00897e-19
Cell_252	6.20036e-16	0.710466	0.286607	0.00292661	5.3329e-18
Cell_253	8.29647e-10	0.143785	0.849096	0.00711901	3.98608e-12
Cell_254	6.09862e-16	0.547828	0.450347	0.0018253	1.16234e-17
Cell_255	2.89877e-19	0.625568	0.371774	0.00265775	2.0566e-21
Cell_256	3.61189e-05	0.949556	0.0491747	0.00123315	3.02465e-07
Cell_257	6.77161e-16	0.683722	0.314495	0.00178353	1.06403e-17
Cell_258	2.38973e-21	0.344395	0.653282	0.00232283	3.41775e-23
Cell_259	2.73689e-22	0.808701	0.190508	0.000790883	3.66015e-24
Cell_260	1.78545e-11	0.020361	0.972685	0.00695354	1.47998e-13
Cell_261	0.00683791	0.959887	0.0293977	0.00379075	8.7052e-05
Cell_262	3.91882e-26	0.558236	0.440015	0.00174837	5.5567e-28
Cell_263	4.38559e-24	0.140802	0.856176	0.00302176	9.87271e-26
Cell_264	1.17813e-11	0.291388	0.70145	0.00716267	1.55592e-13
Cell_265	2.21647e-16	0.283621	0.71381	0.00256825	2.92174e-18
Cell_266	2.23717e-10	0.68456	0.303668	0.0117717	6.32098e-12
Cell_267	0.994881	0.00258631	0.000147144	6.1086e-07	0.0023848
Cell_268	4.30013e-15	0.802213	0.195787	0.00199923	4.95943e-17
Cell_269	5.40894e-35	0.0560966	0.920812	0.0230911	9.93294e-37
Cell_270	4.8827e-24	0.0217464	0.97409	0.00416338	1.65169e-25
Cell_271	4.01639e-09	0.401005	0.594743	0.0042517	7.33189e-11
Cell_272	6.49311e-06	0.445736	0.533574	0.0206839	7.71696e-08
Cell_273	1.17617e-23	0.347055	0.650655	0.00228998	2.97332e-25
Cell_274	4.74242e-21	1.31999e-12	1.32087e-13	1	4.69919e-23
Cell_275	3.00198e-07	0.0974401	0.887037	0.0155223	4.19605e-09
Cell_276	0.981564	0.00863029	0.00160703	2.09117e-05	0.00817756
Cell_277	3.26247e-16	0.360584	0.63542	0.00399521	4.17418e-18
Cell_278	0.000653007	0.183659	0.722513	0.093166	9.43484e-06
Cell_279	3.17298e-24	0.697909	0.300806	0.00128568	6.97959e-26
Cell_280	2.31979e-10	0.19091	0.0166868	0.792404	2.51774e-12
Cell_281	9.05075e-11	0.0945157	0.901741	0.00374353	7.61384e-13
Cell_282	5.11015e-19	0.444073	0.553893	0.00203378	4.43605e-21
Cell_283	5.78172e-19	0.577001	0.407213	0.0157856	6.63365e-21
Cell_284	8.03231e-18	0.189224	0.807729	0.00304717	9.51677e-20
Cell_285	1.30841e-23	0.51547	0.482691	0.00183901	1.09682e-25
Cell_286	1.27503e-17	0.321431	0.675764	0.0028054	1.41254e-19
Cell_287	1.90466e-24	0.452023	0.538553	0.00942414	3.78987e-26
Cell_288	0.980516	0.00978595	0.000404878	2.89439e-06	0.00928994
Cell_289	0.974666	0.0124057	0.0016138	5.76475e-06	0.0113082
Cell_290	1.41337e-23	0.528205	0.469134	0.0026605	2.32235e-25
Cell_291	4.47602e-19	0.572939	0.42403	0.00303131	9.94498e-21
Cell_292	3.42357e-15	0.593821	0.404205	0.00197364	3.73274e-17
Cell_293	2.76714e-23	0.962007	0.0378506	0.000142792	9.70245e-25
Cell_294	4.06103e-13	0.000134271	1.28945e-05	0.999853	3.97112e-15
Cell_295	4.45156e-22	0.159959	0.836337	0.00370405	2.05044e-23
Cell_296	0.00058874	0.976497	0.0226677	0.000231465	1.51748e-05
Cell_297	8.8405e-17	0.725784	0.242895	0.0313206	2.16487e-18
Cell_298	5.00211e-19	0.852716	0.146758	0.000525915	5.28555e-21
Cell_299	5.28411e-20	0.435219	0.562776	0.00200519	1.00265e-21
Cell_300	2.80279e-22	0.401796	0.57588	0.0223239	6.38644e-24
Cell_301	1.38572e-08	0.000958508	4.74863e-05	0.998994	1.6766e-10
Cell_302	2.62065e-15	0.21565	0.780277	0.00407288	1.62105e-17
Cell_303	3.34739e-23	0.425142	0.553405	0.0214527	7.27009e-25
Cell_304	1.98762e-19	0.866364	0.133164	0.000472011	2.80821e-21
Cell_305	3.62346e-21	0.308716	0.674373	0.0169112	1.328e-22
Cell_306	6.77314e-14	0.9215	0.0695341	0.00896623	2.69658e-16
Cell_307	3.53304e-12	0.970778	0.0281319	0.00109053	3.01958e-14
Cell_308	1.63842e-22	0.277131	0.720224	0.00264452	2.35749e-24
Cell_309	4.1413e-16	0.45506	0.542872	0.0020683	6.24057e-18
Cell_310	1.05513e-07	0.400897	0.562121	0.0369816	2.2519e-09
Cell_311	3.80145e-17	0.0168969	0.970475	0.0126285	4.6124e-19
Cell_312	2.24649e-15	0.226275	0.765904	0.00782083	4.90576e-17
Cell_313	3.23899e-18	0.729824	0.0578381	0.212338	3.63514e-20
Cell_314	2.60402e-10	0.514229	0.484046	0.00172467	2.59728e-12
Cell_315	1.40419e-21	0.137904	0.80888	0.0532157	2.17613e-23
Cell_316	7.70004e-22	0.000272649	0.000183201	0.999544	7.81605e-24
Cell_317	1.86473e-13	0.926091	0.0721009	0.00180807	2.36339e-14
Cell_318	2.14341e-11	0.459371	0.538446	0.00218238	1.62171e-13
Cell_319	4.5009e-16	0.756205	0.234697	0.009098	5.70149e-18
Cell_320	4.00394e-14	0.0568658	0.937241	0.00589291	5.66186e-16
Cell_321	3.59435e-11	0.18757	0.805675	0.00675495	4.47512e-13
Cell_322	1.92171e-51	0.437271	0.559807	0.00292207	3.3314e-53
Cell_323	9.57102e-16	0.321333	0.675369	0.00329766	9.83804e-18
Cell_324	7.2611e-13	0.979656	0.0202596	8.41068e-05	4.2612e-15
Cell_325	9.17844e-17	0.461114	0.536817	0.0020692	9.50772e-19
Cell_326	6.24331e-42	0.0583962	0.938296	0.00330771	2.31316e-43
Cell_327	1.00314e-12	0.000274035	5.05561e-06	0.999721	9.11959e-15
Cell_328	4.56328e-22	0.457648	0.540163	0.00218933	6.17529e-24
Cell_329	2.90161e-18	0.253654	0.743717	0.0026283	6.30428e-20
Cell_330	9.22371e-15	0.32387	0.65959	0.0165405	1.26891e-16
Cell_331	0.983469	0.0080582	0.000916487	1.60376e-05	0.00754054
Cell_332	1.65544e-18	0.0221259	0.974004	0.00387014	6.14167e-20
Cell_333	1.2627e-25	0.989262	0.0106976	4.07569e-05	1.92708e-27
Cell_334	6.85504e-13	0.943937	0.0558665	0.000196465	6.81871e-15
Cell_335	2.73107e-17	0.418647	0.579308	0.00204519	1.33292e-19
Cell_336	2.26734e-22	0.524308	0.45794	0.017752	5.5324e-24
Cell_337	1.9378e-08	0.729094	0.269933	0.000973531	3.4875e-10
Cell_338	6.76785e-17	0.932531	0.065818	0.00165051	8.38497e-19
Cell_339	2.03147e-21	0.476255	0.521874	0.00187017	4.46264e-23
Cell_340	4.21207e-17	0.695991	0.302295	0.00171434	7.86718e-19
Cell_341	0.988784	0.00485381	0.00179833	6.72752e-06	0.00455692
Cell_342	4.08659e-21	0.549921	0.448163	0.00191551	6.07782e-23
Cell_343	1.14254e-19	3.98471e-08	2.62632e-09	1	3.70959e-22
Cell_344	1.06826e-24	0.149129	0.847827	0.00304397	1.04434e-26
Cell_345	1.0667e-16	0.529677	0.468611	0.00171272	1.29946e-18
Cell_346	4.17565e-22	0.531954	0.465122	0.00292445	7.07282e-24
Cell_347	1.10504e-15	0.476374	0.51462	0.00900535	1.39747e-17
Cell_348	8.93286e-30	0.995117	0.00432527	0.000557731	1.31223e-31
Cell_349	6.85105e-21	0.530312	0.466354	0.00333388	1.64444e-22
Cell_350	7.65714e-23	0.909721	0.0898097	0.000468787	7.15007e-25
Cell_351	9.43666e-13	0.643757	0.353714	0.00252864	2.19951e-14
Cell_352	1.18147e-09	0.850197	0.147227	0.00257632	1.18768e-11
Cell_353	1.2827e-13	0.171842	0.823488	0.00467007	2.06919e-15
Cell_354	3.56318e-14	0.577165	0.415563	0.00727194	4.72294e-16
Cell_355	8.86769e-19	0.561792	0.43547	0.00273802	1.50785e-20
Cell_356	4.25567e-17	0.53117	0.465901	0.00292936	9.0528e-19
Cell_357	2.617e-17	0.785628	0.213385	0.000987249	5.68605e-19
Cell_358	3.07047e-23	0.59186	0.402898	0.00524277	3.73769e-25
Cell_359	9.46415e-22	0.332058	0.665592	0.00234981	1.53356e-23
Cell_360	7.87201e-24	0.0529555	0.942683	0.00436143	3.47456e-26
Cell_361	8.52449e-11	0.27228	0.00170624	0.726014	3.27695e-13
Cell_362	1.07472e-12	0.205566	0.784229	0.0102049	3.53159e-14
Cell_363	8.00147e-16	0.651743	0.346721	0.00153559	9.06105e-18
Cell_364	7.34068e-17	0.171336	0.808392	0.020272	2.12171e-18
Cell_365	2.98991e-13	0.131433	0.865389	0.00317754	2.84201e-15
Cell_366	5.35301e-20	0.378835	0.618707	0.00245839	9.23845e-22
Cell_367	4.17419e-18	0.477095	0.520743	0.00216184	1.06326e-19
Cell_368	1.52765e-15	0.576787	0.420826	0.00238654	2.4465e-17
Cell_369	2.70492e-09	0.0270016	0.861864	0.111135	2.66468e-11
Cell_370	2.23872e-23	0.425058	0.539451	0.0354902	5.84846e-25
Cell_371	0.991993	0.00402662	0.000162785	7.94838e-07	0.0038167
Cell_372	1.09959e-17	0.193184	0.776707	0.0301089	2.9501e-19
Cell_373	1.15786e-18	0.813706	0.185642	0.000652633	1.42271e-20
Cell_374	0.90532	0.0515743	0.0255685	9.22145e-05	0.0174451
Cell_375	4.96328e-20	0.069718	0.926966	0.00331625	1.06137e-21
Cell_376	1.82913e-13	0.570782	0.380193	0.0490248	5.95584e-15
Cell_377	3.86194e-12	0.507701	0.488206	0.00409323	7.52299e-14
Cell_378	3.67041e-10	0.962594	0.0331333	0.00427244	3.69643e-12
Cell_379	2.13017e-23	0.592009	0.406563	0.00142868	3.38666e-25
Cell_380	0.0010404	0.944768	0.0532437	0.000931712	1.61672e-05
Cell_381	9.94399e-21	0.0830852	0.913692	0.00322233	1.38861e-22
Cell_382	0.981357	0.00923377	0.000655032	3.41912e-06	0.00875116
Cell_383	1.30405e-27	0.570662	0.427108	0.00222941	2.69055e-29
Cell_384	1.69973e-22	0.650629	0.340824	0.00854683	4.20875e-24
Cell_385	8.75799e-41	0.63649	0.362131	0.00137969	2.90488e-42
Cell_386	4.84126e-25	0.480258	0.460378	0.0593644	7.42472e-27
Cell_387	4.51196e-13	0.542994	0.428796	0.0282102	1.18535e-14
Cell_388	4.46322e-26	0.361369	0.636336	0.00229499	9.75203e-28
Cell_389	4.28136e-09	0.879529	0.119972	0.000498059	6.59801e-11
Cell_390	6.84615e-13	0.256615	0.740754	0.0026315	2.00876e-14
Cell_391	0.974324	0.0123065	0.00166413	1.18966e-05	0.0116937
Cell_392	4.51847e-22	0.262863	0.734527	0.00260938	7.84171e-24
Cell_393	4.67537e-16	5.37503e-06	5.9826e-07	0.999994	2.61088e-18
Cell_394	5.37273e-16	0.833645	0.165759	0.000596392	6.12924e-18
Cell_395	6.79087e-13	0.404358	0.558874	0.036768	1.97867e-14
Cell_396	4.08562e-16	0.536195	0.461552	0.00225364	1.45625e-17
Cell_397	7.60685e-19	0.152029	0.827226	0.0207443	9.21913e-21
Cell_398	3.58502e-17	0.22498	0.770178	0.0048425	3.77568e-19
Cell_399	4.18538e-24	0.429881	0.560314	0.00980494	1.0429e-25
Cell_400	2.45239e-11	0.774162	0.222937	0.00290101	6.84575e-13
Cell_401	0.974694	0.00311253	0.0192344	0.000196407	0.00276246
Cell_402	5.0548e-10	0.527009	0.418967	0.0540246	1.31853e-11
Cell_403	1.84848e-11	0.655646	0.305023	0.0393318	1.6201e-12
Cell_404	5.68021e-22	0.438924	0.55911	0.00196546	1.38397e-23
Cell_405	1.97389e-12	0.622433	0.372717	0.00485004	4.84368e-14
Cell_406	7.57378e-18	0.417875	0.579859	0.00226626	9.57906e-20
Cell_407	1.26491e-18	0.789932	0.1971	0.0129671	2.17341e-20
Cell_408	1.44087e-23	0.887693	0.105374	0.00693251	6.7474e-25
Cell_409	5.83539e-14	0.620802	0.377838	0.00135944	8.87038e-16
Cell_410	3.01236e-15	0.0846965	0.810758	0.104545	3.2301e-17
Cell_411	1.56478e-15	0.283836	0.712684	0.00347986	2.51259e-17
Cell_412	5.80955e-22	0.128475	0.839001	0.0325237	5.08868e-23
Cell_413	0.972747	0.0138459	0.000291322	1.13857e-06	0.0131146
Cell_414	5.68399e-15	0.445198	0.54123	0.0135724	1.13867e-16
Cell_415	1.41278e-22	0.443222	0.554827	0.00195046	1.85044e-24
Cell_416	0.983469	0.00761543	0.00168888	5.95151e-06	0.00722098
Cell_417	3.89619e-18	0.332011	0.068856	0.599133	4.10473e-20
Cell_418	0.982874	0.00789454	0.00173125	6.13282e-06	0.00749416
Cell_419	3.6167e-38	0.286741	0.708802	0.0044566	3.61841e-40
Cell_420	1.26354e-11	0.233485	0.763421	0.00309422	7.39771e-13
Cell_421	7.27353e-38	9.22488e-08	1.7012e-07	1	1.53336e-39
Cell_422	4.51062e-20	0.209152	0.786388	0.00445967	2.44248e-21
Cell_423	1.47363e-14	0.100083	0.892435	0.00748237	2.05375e-16
Cell_424	6.99602e-16	0.394698	0.536165	0.069137	1.04082e-17
Cell_425	7.96975e-16	0.370496	0.627138	0.00236589	1.38556e-17
Cell_426	2.95051e-22	0.902345	0.0971807	0.00047451	6.07771e-24
Cell_427	8.84182e-21	0.303511	0.616936	0.0795522	1.10797e-22
Cell_428	6.6469e-14	0.636149	0.362175	0.00167565	3.32195e-16
Cell_429	3.34205e-13	0.440916	0.557091	0.00199301	5.26741e-15
Cell_430	8.43506e-12	0.982234	0.015737	0.00202925	2.89493e-14
Cell_431	7.59177e-21	0.335412	0.662193	0.00239472	1.20305e-21
Cell_432	1.61692e-14	1.14591e-05	4.15536e-07	0.999988	8.24264e-17
Cell_433	5.28819e-12	0.0256223	0.95762	0.0167574	4.96346e-13
Cell_434	0.234438	0.379624	0.353572	0.0232613	0.00910538
Cell_435	0.976211	0.0110365	0.00226594	8.41621e-06	0.0104785
Cell_436	5.709e-19	0.0639363	0.929419	0.00664424	1.09721e-20
Cell_437	3.03487e-14	0.302595	0.694875	0.00252952	4.92924e-16
Cell_438	1.4324e-27	0.568428	0.43	0.00157161	2.15278e-29
Cell_439	6.55228e-21	0.52414	0.474193	0.00166794	8.29649e-23
Cell_440	4.70586e-21	0.0205512	0.971305	0.00814364	1.03765e-22
Cell_441	1.36155e-17	0.95394	0.0456768	0.000382964	2.23995e-19
Cell_442	1.00909e-07	0.988133	0.0114237	0.000442837	1.05112e-09
Cell_443	0.982262	0.0085968	0.00128685	1.31403e-05	0.00784086
Cell_444	4.68425e-29	0.713087	0.2859	0.0010134	3.26448e-31
Cell_445	8.48041e-20	0.576239	0.421958	0.0018035	5.72002e-22
Cell_446	2.40362e-15	0.762747	0.210154	0.0270988	3.50164e-17
Cell_447	1.66369e-25	0.3996	0.598095	0.0023054	2.40083e-27
Cell_448	3.66545e-15	0.254299	0.743006	0.00269525	4.63612e-17
Cell_449	6.82194e-07	0.738627	0.254978	0.00639408	5.62692e-09
Cell_450	9.54721e-13	0.543997	0.454199	0.00180473	1.76713e-14
Cell_451	2.92026e-05	0.410365	0.522261	0.067344	7.28778e-07
Cell_452	8.80824e-15	0.973832	0.0260752	9.26312e-05	1.8583e-16
Cell_453	0.760732	0.0326325	0.177083	0.000625582	0.0289275
Cell_454	2.1427e-23	0.504133	0.493905	0.0019625	5.41709e-25
Cell_455	1.29531e-10	0.685375	0.312392	0.00223323	1.73389e-12
Cell_456	1.61113e-23	0.482677	0.508426	0.00889695	4.93418e-25
Cell_457	0.983986	0.00799403	0.000400285	2.63345e-05	0.00759382
Cell_458	7.7354e-21	0.331768	0.665388	0.00284395	9.22755e-23
Cell_459	9.68153e-35	0.979147	0.0204944	0.000358632	1.98987e-36
Cell_460	1.05598e-29	0.270466	0.726963	0.00257123	1.92248e-31
Cell_461	1.73342e-07	0.7962	0.0771349	0.126665	1.43136e-09
Cell_462	1.48989e-14	0.646712	0.344645	0.00864264	3.67163e-16
Cell_463	6.78908e-20	0.253596	0.66115	0.0852535	9.37036e-22
Cell_464	1.25822e-29	0.693068	0.305201	0.00173082	1.66056e-31
Cell_465	1.2935e-25	0.310872	0.686706	0.00242238	9.77898e-28
Cell_466	5.05408e-24	0.182061	0.815056	0.00288281	5.63821e-26
Cell_467	7.55194e-33	0.415597	0.581916	0.00248718	7.09586e-35
Cell_468	1.4198e-13	0.132793	0.863916	0.00329145	5.72983e-15
Cell_469	3.519e-17	0.719509	0.278909	0.00158171	7.32589e-19
Cell_470	7.19406e-13	0.143637	0.853268	0.00309523	4.12296e-15
Cell_471	1.30111e-24	0.607336	0.391281	0.00138334	1.20549e-26
Cell_472	5.125e-12	0.0982143	0.879725	0.0220608	3.6973e-14
Cell_473	0.991693	0.00417711	0.000237351	8.81574e-07	0.00389155
Cell_474	8.66928e-11	0.43763	0.558856	0.00351381	1.01386e-12
Cell_475	1.10665e-08	0.0920843	0.901471	0.00644445	1.14915e-10
Cell_476	5.27167e-10	0.225315	0.771851	0.00283408	8.79028e-12
Cell_477	1.54943e-18	0.408097	0.577423	0.01448	4.64206e-20
Cell_478	2.50672e-27	0.446882	0.549192	0.00392607	4.50384e-29
Cell_479	4.75121e-23	0.0191296	0.956875	0.0239955	1.40477e-24
Cell_480	1.3634e-19	3.8285e-08	1.15616e-09	1	1.10306e-21
Cell_481	1.88253e-20	0.963055	0.0367919	0.00015274	2.40961e-22
Cell_482	0.00227861	0.918547	0.0788333	0.000300348	4.07811e-05
Cell_483	5.19181e-14	0.0554361	0.000250176	0.944314	8.6913e-16
Cell_484	2.40936e-21	0.497348	0.498472	0.0041793	3.37764e-23
Cell_485	4.31322e-23	0.959174	0.0406142	0.000211997	8.92363e-25
Cell_486	0.985283	0.00744531	0.00021069	8.12122e-07	0.00706067
Cell_487	1.42157e-18	0.0691312	0.927515	0.00335422	4.08273e-20
Cell_488	7.35234e-21	0.0208783	0.974364	0.00475758	2.04525e-22
Cell_489	8.93495e-16	0.586164	0.412341	0.00149576	3.18613e-17
Cell_490	0.000289627	0.502275	0.478867	0.0185632	4.83923e-06
Cell_491	1.73809e-12	0.0949287	0.895923	0.00914848	5.76909e-15
Cell_492	3.52651e-16	0.287183	0.709783	0.0030337	5.17548e-18
Cell_493	1.98114e-18	0.668477	0.311059	0.0204644	6.62319e-20
Cell_494	4.29971e-22	0.586476	0.411701	0.00182338	6.64587e-24
Cell_495	2.75909e-17	0.160893	0.824676	0.014431	4.3862e-19
Cell_496	1.92446e-12	0.00237026	0.00424055	0.993389	2.13646e-14
Cell_497	5.14369e-10	0.509929	0.488333	0.00173805	3.82314e-12
Cell_498	3.46359e-09	0.138587	0.858225	0.00318764	6.33743e-11
Cell_499	1.57673e-17	0.831494	0.167631	0.000874999	3.49472e-19
Cell_500	4.68947e-29	0.0226811	0.960511	0.016808	1.90291e-30
Cell_501	2.15559e-18	0.960101	0.0397413	0.00015791	5.05597e-20
Cell_502	8.10066e-19	0.40778	0.590054	0.00216656	1.23399e-20
Cell_503	2.67909e-18	0.921197	0.0777906	0.00101226	3.22239e-20
Cell_504	1.21848e-14	0.634188	0.363912	0.00189954	1.90381e-16
Cell_505	1.92123e-15	0.531562	0.466705	0.00173345	3.77132e-17
Cell_506	3.69672e-37	0.015881	0.979587	0.00453217	8.32191e-39
Cell_507	8.19206e-25	0.0197441	0.976686	0.00356969	4.74337e-26
Cell_508	4.39238e-17	0.166884	0.830195	0.00292137	8.5651e-19
Cell_509	2.75816e-23	0.660887	0.337353	0.00176091	5.90937e-25
Cell_510	0.915123	0.0510865	0.0154635	0.00012965	0.0181973
Cell_511	1.8347e-05	0.399577	0.590078	0.0103258	4.55165e-07
Cell_512	7.64029e-22	0.906604	0.0929115	0.000484978	6.43811e-24
Cell_513	4.67441e-13	0.656667	0.339862	0.00347042	1.20438e-14
Cell_514	0.866864	0.00860118	0.116002	0.00041176	0.00812075
Cell_515	6.54714e-26	0.695014	0.303641	0.00134479	1.6476e-27
Cell_516	1.33504e-16	0.431238	0.561456	0.00730603	6.10986e-19
Cell_517	4.02416e-18	0.457823	0.540032	0.00214578	5.89392e-20
Cell_518	2.54604e-17	0.564773	0.433532	0.00169437	2.94079e-19
Cell_519	0.98871	0.00505258	0.0014342	5.06847e-06	0.00479804
Cell_520	5.00201e-19	0.416553	0.573413	0.0100342	9.91525e-21
Cell_521	2.76239e-10	0.237443	0.75985	0.00270737	2.12014e-12
Cell_522	6.62e-07	0.4155	0.582186	0.00231328	3.57792e-09
Cell_523	5.01289e-14	0.915664	0.0832524	0.00108334	2.9579e-16
Cell_524	0.968556	0.0172399	0.00801651	4.18444e-05	0.00614525
Cell_525	2.61512e-20	0.492949	0.505252	0.00179827	3.26077e-22
Cell_526	8.8542e-23	0.44731	0.550145	0.00254531	6.3797e-25
Cell_527	9.3921e-21	0.501466	0.486338	0.0121959	1.41213e-22
Cell_528	0.984482	0.00787016	0.000186973	6.58181e-07	0.00745972
Cell_529	5.04992e-13	0.996453	0.00351081	3.58497e-05	2.1854e-15
Cell_530	2.75145e-10	0.991929	0.00714903	0.000921848	1.6e-12
Cell_531	7.45308e-11	0.021	0.975571	0.00342883	1.32594e-12
Cell_532	1.36386e-24	0.102834	0.893761	0.00340515	1.2317e-26
Cell_533	4.58514e-09	0.827707	0.171677	0.000616375	6.66567e-11
Cell_534	9.09253e-20	0.512259	0.485988	0.00175275	4.57187e-22
Cell_535	5.14849e-25	0.255682	0.698372	0.0459455	9.09942e-27
Cell_536	2.58118e-25	0.0194894	0.94392	0.0365909	3.34001e-26
Cell_537	1.80114e-25	0.932015	0.0672981	0.000687197	7.45184e-28
Cell_538	1.2204e-14	0.851191	0.148274	0.00053476	2.16298e-16
Cell_539	7.04945e-14	0.902942	0.0965539	0.00050399	1.08128e-15
Cell_540	1.17692e-16	0.200256	0.796931	0.00281266	1.56407e-18
Cell_541	4.09108e-20	0.0879186	0.908472	0.00360975	1.8104e-22
Cell_542	1.23136e-18	0.0754692	0.920799	0.00373209	1.18198e-20
Cell_543	0.976656	0.011522	0.000884391	3.11428e-06	0.0109348
Cell_544	2.53752e-20	0.611113	0.344469	0.0444183	4.13614e-22
Cell_545	2.26925e-25	0.126993	0.851651	0.0213568	2.27477e-27
Cell_546	2.5525e-11	0.723629	0.27538	0.000990801	3.95568e-13
Cell_547	1.82351e-06	0.901389	0.0969136	0.00169589	1.28431e-08
Cell_548	1.18479e-05	0.754236	0.24489	0.000861609	2.03671e-07
Cell_549	3.15371e-28	0.0596206	0.933705	0.00667488	2.32349e-30
Cell_550	0.00281153	0.375334	0.618315	0.00350651	3.25745e-05
Cell_551	7.19865e-29	0.695787	0.285434	0.0187785	1.45004e-30
Cell_552	7.85722e-13	0.221147	0.772377	0.00647578	5.41358e-15
Cell_553	1.90808e-11	0.770401	0.227278	0.00232079	2.57312e-13
Cell_554	3.31691e-09	0.0233343	0.952773	0.0238926	2.1823e-11
Cell_555	5.44679e-11	0.958576	0.0411906	0.000233595	7.78614e-13
Cell_556	0.981757	0.00869462	0.0012828	5.68137e-06	0.00825998
Cell_557	6.97158e-22	0.159526	0.82602	0.0144545	9.7094e-24
Cell_558	2.69843e-18	0.913092	0.0865076	0.000400238	4.37139e-20
Cell_559	2.08827e-21	0.14009	0.856882	0.00302711	4.61156e-23
Cell_560	1.28842e-18	0.86186	0.136991	0.00114857	3.04182e-20
Cell_561	0.973397	0.0140554	0.00210677	3.68663e-05	0.0104037
Cell_562	2.00769e-12	0.147612	0.849115	0.00327298	1.56768e-14
Cell_563	7.79481e-15	0.42621	0.538371	0.0354191	1.8744e-16
Cell_564	1.42203e-15	0.0572564	0.934905	0.00783845	6.03799e-17
Cell_565	6.22093e-25	0.624557	0.352268	0.0231755	1.05668e-26
Cell_566	1.0898e-13	0.116384	0.880522	0.00309377	9.923e-16
Cell_567	9.87385e-22	0.468284	0.52983	0.00188574	2.01981e-23
Cell_568	3.43502e-17	0.651207	0.345893	0.00290004	1.07796e-18
Cell_569	9.22776e-21	0.880599	0.112031	0.00737043	1.7798e-22
Cell_570	2.86973e-16	0.314669	0.643026	0.0423043	3.44713e-18
Cell_571	2.64887e-13	0.0571249	0.930763	0.0121117	6.04108e-15
Cell_572	8.39769e-09	0.922807	0.0683757	0.00881686	1.32603e-10
Cell_573	6.58661e-18	0.0256442	0.863066	0.11129	1.58687e-19
Cell_574	2.1803e-20	0.0867419	0.906776	0.00648237	5.59535e-22
Cell_575	1.46649e-24	0.0255562	0.971033	0.00341108	2.94035e-26
Cell_576	2.31778e-22	0.40119	0.596629	0.00218062	5.7609e-24
Cell_577	2.16251e-14	0.283781	0.703901	0.0123176	6.34409e-16
Cell_578	0.984239	0.00700885	0.00208232	9.63409e-06	0.00666019
Cell_579	8.86085e-19	0.423394	0.570778	0.00582835	9.13654e-21
Cell_580	6.00948e-15	0.617548	0.338769	0.0436833	6.25793e-17
Cell_581	3.22384e-15	0.115094	0.880311	0.00459503	6.59415e-17
Cell_582	2.58636e-18	0.678807	0.284507	0.0366864	1.85773e-19
Cell_583	0.0024851	0.961861	0.0334088	0.00219795	4.72166e-05
Cell_584	5.00935e-10	0.707214	0.290352	0.00243437	9.74457e-12
Cell_585	2.86772e-18	0.792077	0.206751	0.0011725	5.23988e-20
Cell_586	1.27106e-16	0.59878	0.399725	0.00149536	3.92666e-18
Cell_587	4.4655e-22	0.0243512	0.967537	0.00811204	6.11586e-24
Cell_588	1.48724e-11	0.605085	0.388123	0.00679178	3.88645e-13
Cell_589	0.988771	0.00453258	0.00238068	8.39244e-06	0.00430695
Cell_590	2.88517e-19	0.38633	0.611058	0.00261174	4.04377e-21
Cell_591	0.98079	0.00968078	0.000333092	1.24609e-06	0.00919524
Cell_592	0.976252	0.0122313	0.000358899	1.3834e-06	0.0111562
Cell_593	1.02393e-13	0.435068	0.561402	0.00352982	5.96065e-16
Cell_594	4.70795e-16	9.04873e-05	0.00260733	0.997302	2.3418e-18
Cell_595	2.21336e-30	0.214676	0.781246	0.00407794	4.58882e-32
Cell_596	0.000198217	0.116016	0.829228	0.0545544	3.20435e-06
Cell_597	9.83574e-17	0.83857	0.16052	0.00091032	2.11929e-18
Cell_598	1.13592e-13	0.229687	0.767617	0.00269633	8.13519e-16
Cell_599	4.52907e-24	0.680593	0.311593	0.0078138	1.17661e-25
Cell_600	1.50084e-17	0.657183	0.341539	0.00127769	2.20185e-19
Cell_601	5.63843e-05	0.822352	0.170964	0.00662739	4.76645e-07
Cell_602	2.56587e-19	0.449966	0.536579	0.0134557	1.08582e-20
Cell_603	1.96241e-34	0.777504	0.208761	0.0137343	8.58959e-37
Cell_604	1.295e-26	0.402506	0.582878	0.0146168	2.99338e-28
Cell_605	2.34798e-17	0.559655	0.432772	0.00757308	2.77851e-19
Cell_606	9.42987e-05	0.991036	0.00882568	4.0833e-05	3.31989e-06
Cell_607	8.89574e-08	0.375229	0.616745	0.00802549	2.2527e-09
Cell_608	5.41497e-16	0.133836	0.863104	0.00305935	2.86419e-18
Cell_609	2.24198e-14	0.479838	0.51647	0.00369215	3.17807e-16
Cell_610	1.43544e-25	0.435886	0.561917	0.00219614	3.87294e-27
Cell_611	9.29596e-18	0.647122	0.348346	0.0045329	1.98931e-19
Cell_612	0.000301073	0.482436	0.515248	0.00201374	1.23542e-06
Cell_613	0.973019	0.0134584	0.000726799	1.27183e-05	0.0127832
Cell_614	2.60211e-20	0.480345	0.515335	0.00432068	1.23053e-21
Cell_615	1.31732e-29	0.0261882	0.957064	0.0167477	3.22059e-31
Cell_616	8.18692e-26	0.329664	0.667989	0.0023465	1.1116e-27
Cell_617	3.07999e-11	0.822691	0.176201	0.00110786	8.52508e-13
Cell_618	1.45819e-20	0.643617	0.354652	0.00173168	2.77033e-22
Cell_619	5.00993e-17	0.833447	0.165169	0.00138481	4.42742e-19
Cell_620	1.02846e-21	0.780776	0.211043	0.00818105	1.74312e-23
Cell_621	3.182e-21	0.428928	0.568554	0.00251807	2.71607e-23
Cell_622	1.50379e-22	0.780869	0.215363	0.00376863	3.02095e-24
Cell_623	1.92454e-20	0.98847	0.0110998	0.000430282	4.91564e-22
Cell_624	1.98317e-19	0.278787	0.638837	0.0823762	2.70066e-21
Cell_625	1.9846e-15	0.7325	0.260956	0.00654398	3.23316e-17
Cell_626	5.80974e-15	0.848704	0.134015	0.0172808	7.80628e-17
Cell_627	2.33579e-12	0.986252	0.0121779	0.0015703	3.20033e-14
Cell_628	5.50979e-15	0.551537	0.440751	0.0077127	1.0886e-16
Cell_629	1.21101e-24	0.648163	0.311651	0.0401865	3.33486e-26
Cell_630	1.84336e-34	0.607853	0.390111	0.00203629	3.97944e-36
Cell_631	2.27035e-14	0.114974	0.880726	0.00430037	9.06043e-16
Cell_632	1.13317e-16	0.977315	0.0226005	8.4548e-05	2.06292e-18
Cell_633	1.08511e-12	0.457124	0.539023	0.00385337	1.49904e-14
Cell_634	0.985568	0.00722971	0.000328023	4.22977e-05	0.00683167
Cell_635	3.34416e-15	0.368806	0.615753	0.0154412	4.43781e-17
Cell_636	5.03297e-38	0.70349	0.262643	0.0338671	4.30591e-40
Cell_637	4.68554e-18	0.958415	0.0412894	0.00029517	1.04131e-19
Cell_638	3.08847e-21	0.301745	0.672197	0.0260576	8.67786e-23
Cell_639	1.01109e-19	0.433931	0.56313	0.00293941	1.03876e-21
Cell_640	1.20491e-06	0.966162	0.0332551	0.000581932	3.18388e-08
Cell_641	1.11553e-33	0.938321	0.0606185	0.00106076	5.59398e-36
Cell_642	6.69657e-23	0.653269	0.34551	0.00122059	3.67373e-25
Cell_643	0.992664	0.00397526	3.16544e-05	1.14826e-07	0.00332896
Cell_644	4.63976e-10	0.625876	0.331392	0.0427321	6.283e-12
Cell_645	4.7946e-11	0.495831	0.485354	0.0188147	6.58923e-13
Cell_646	2.87986e-16	0.69669	0.301914	0.00139684	1.52092e-18
Cell_647	2.79062e-14	0.203119	0.794082	0.0027988	2.68791e-16
Cell_648	0.000194275	0.871771	0.120125	0.00790292	7.24374e-06
Cell_649	3.53558e-35	0.036053	0.927974	0.0359728	1.1747e-36
