cell	Node 0	Node 1	Node 2	Node 3	Node 4	Node 5	Node 6
Cell_0	6.84121e-12	0.0836298	0.0362799	0.00737407	0.861021	0.0116197	7.56583e-05
Cell_1	1.14774e-21	2.71363e-07	4.45891e-08	0.014685	0.727116	0.230349	0.0278492
Cell_2	1.81339e-36	3.03033e-13	9.99072e-13	0.00721362	0.0719207	0.13224	0.788625
Cell_3	0.999325	0.000229065	6.40492e-05	1.74276e-05	0.000120505	1.43499e-05	0.000229783
Cell_4	2.84693e-24	2.50065e-06	8.01615e-06	0.00014026	0.000477946	0.00702908	0.992342
Cell_5	0.994566	0.00014896	6.46211e-05	1.33946e-05	8.44265e-05	0.000163944	0.00495904
Cell_6	2.32077e-23	4.56143e-09	6.04345e-09	0.0264808	0.972693	0.000748617	7.72103e-05
Cell_7	0.996445	2.11605e-05	6.80309e-05	1.36505e-05	5.99753e-05	4.44286e-05	0.00334756
Cell_8	2.61686e-15	1.02546e-07	3.37738e-07	2.32467e-05	9.52388e-05	0.00948836	0.990393
Cell_9	7.05192e-25	1.32658e-07	4.37835e-07	0.12198	0.822078	0.00316957	0.0527714
Cell_10	0.990538	8.01356e-05	0.000264932	6.07467e-05	0.000216423	8.75496e-05	0.00875243
Cell_11	0.990928	0.00895645	5.49161e-05	1.10675e-05	4.17114e-05	1.19699e-07	7.55281e-06
Cell_12	0.999409	2.66557e-05	7.56161e-05	1.51682e-05	0.000473858	1.08101e-08	1.7032e-09
Cell_13	1.06045e-07	0.185405	0.0304649	0.0642554	0.684132	0.00750507	0.0282375
Cell_14	0.998987	0.000839209	7.03546e-05	1.57732e-05	6.0678e-05	5.27728e-07	2.679e-05
Cell_15	4.06533e-05	0.00150325	0.00126895	0.00449639	0.0342536	0.0426649	0.915772
Cell_16	1.61506e-37	0.429938	0.0360436	0.0272618	0.109366	0.00402318	0.393368
Cell_17	8.39801e-14	3.67737e-08	3.0829e-09	0.00645534	0.982955	0.0104848	0.000104902
Cell_18	1.39253e-11	1.65704e-06	1.38917e-07	7.63e-05	0.000313539	0.0088495	0.990759
Cell_19	1.97245e-15	1.83749e-13	5.56936e-13	0.0998852	0.820699	0.00949755	0.0699182
Cell_20	4.42392e-38	7.8084e-11	1.81773e-10	0.00158775	0.00587058	0.0113181	0.981224
Cell_21	5.62421e-10	0.0327068	0.105152	0.0211277	0.835832	0.00462789	0.00055317
Cell_22	0.99944	3.52046e-05	0.000112056	2.38071e-05	8.5149e-05	3.53087e-06	0.000300706
Cell_23	4.40834e-15	3.66304e-09	3.0921e-09	4.87039e-05	0.000263905	0.0167845	0.982903
Cell_24	1.99266e-25	1.36344e-06	3.95068e-06	6.80374e-05	0.000250534	0.00939041	0.990286
Cell_25	1.20763e-20	1.32896e-05	5.76524e-06	0.0355325	0.806265	0.0964678	0.0617154
Cell_26	4.98168e-15	0.0485572	0.00407077	0.0144244	0.238868	0.190832	0.503248
Cell_27	2.07634e-30	1.66523e-12	5.46992e-12	0.0298786	0.967447	0.00236209	0.000312825
Cell_28	4.12688e-17	0.999936	1.84688e-05	3.72664e-06	4.12171e-05	1.24088e-07	3.38966e-07
Cell_29	1.91638e-32	1.48847e-13	3.84203e-13	0.000719562	0.99928	1.08498e-07	3.05297e-13
Cell_30	4.49638e-34	4.3325e-16	1.43284e-15	0.0311712	0.161818	0.0312154	0.775796
Cell_31	1.51974e-25	1.72174e-05	5.21851e-05	0.00799941	0.0518262	0.0300958	0.910009
Cell_32	3.64779e-23	2.1073e-13	4.90561e-13	0.00626781	0.989538	0.00418419	1.03746e-05
Cell_33	1.29004e-36	7.0967e-10	1.41148e-09	0.00339266	0.019875	0.0343331	0.942399
Cell_34	5.62855e-41	1.75828e-12	7.62769e-13	0.0580255	0.78351	0.0510386	0.107426
Cell_35	6.81895e-49	2.34679e-10	6.56191e-11	0.00296677	0.294546	0.694846	0.00764172
Cell_36	2.25005e-26	3.91052e-06	1.09343e-06	0.00835794	0.955477	0.0357344	0.000425537
Cell_37	2.34482e-16	5.72551e-07	1.02234e-06	0.0102112	0.098425	0.160567	0.730796
Cell_38	2.28857e-32	0.0435581	0.0121794	0.0431564	0.869594	0.0147387	0.0167734
Cell_39	1.11007e-31	6.53691e-11	2.15053e-10	0.0685837	0.853578	0.0272908	0.0505476
Cell_40	3.64357e-24	4.0999e-07	4.43492e-07	0.00437199	0.0594965	0.198985	0.737145
Cell_41	1.57504e-33	2.40138e-14	6.19844e-14	0.004373	0.0182622	0.0189787	0.958386
Cell_42	8.9471e-45	5.95094e-31	1.6455e-30	0.104344	0.394402	0.00559091	0.495663
Cell_43	8.7808e-27	1.82102e-13	2.99221e-14	0.0020482	0.00935109	0.0251813	0.963419
Cell_44	2.05332e-25	2.32002e-08	6.48705e-09	0.0101312	0.0536666	0.0353494	0.900853
Cell_45	7.66924e-09	5.68526e-05	0.000146748	0.000265299	0.000975868	0.00643395	0.992121
Cell_46	9.03481e-20	0.999239	1.82595e-05	3.82344e-06	0.000738016	7.38683e-07	2.51924e-09
Cell_47	5.38047e-21	6.36115e-08	5.36967e-08	0.000249032	0.000924866	0.00753185	0.991294
Cell_48	5.69666e-25	6.64217e-17	2.88148e-17	0.00305531	0.992991	0.003951	2.39994e-06
Cell_49	5.41864e-41	7.74871e-17	2.49764e-16	0.00596035	0.024299	0.0122001	0.957541
Cell_50	8.71074e-24	0.000597362	0.000646175	0.00228966	0.0158239	0.0540581	0.926585
Cell_51	2.21605e-36	3.51179e-21	1.08547e-20	0.0209947	0.978493	0.000491368	2.07939e-05
Cell_52	1.06093e-30	2.589e-11	8.55362e-11	0.00888731	0.032899	0.0107824	0.947431
Cell_53	4.65153e-38	1.20219e-08	3.17835e-10	0.0175634	0.981427	0.000976507	3.33645e-05
Cell_54	5.1874e-25	0.806327	0.0675979	0.0136542	0.111743	8.391e-05	0.000593865
Cell_55	4.7149e-17	1.96006e-08	1.65456e-08	0.0479572	0.687353	0.0690113	0.195679
Cell_56	7.6861e-17	5.31994e-05	1.22875e-07	0.00269728	0.0154249	0.0217047	0.96012
Cell_57	1.85446e-34	1.31131e-09	4.2364e-09	0.0436645	0.917415	0.0210982	0.0178227
Cell_58	1.14228e-18	1.21965e-10	1.90561e-10	0.00745014	0.991531	0.00101334	5.81089e-06
Cell_59	6.4661e-13	5.52466e-09	1.36149e-08	0.000420992	0.00136524	0.00846537	0.989748
Cell_60	2.79247e-20	1.23448e-07	1.33535e-07	0.000274034	0.000849075	0.00537409	0.993503
Cell_61	6.28408e-19	1.32981e-06	2.18509e-07	0.0555928	0.342352	0.0147752	0.587278
Cell_62	8.71817e-37	4.08229e-18	1.14146e-18	0.0641336	0.318108	0.0248581	0.5929
Cell_63	2.21013e-13	1.12365e-06	3.01214e-06	0.0458193	0.234035	0.0216896	0.698452
Cell_64	2.23316e-27	3.86432e-16	8.3848e-16	0.0741629	0.87874	0.00946929	0.0376275
Cell_65	9.74959e-14	5.09861e-05	8.37781e-06	0.0168232	0.8383	0.135239	0.00957812
Cell_66	1.84763e-24	2.12665e-14	2.30042e-14	0.0346347	0.592152	0.117062	0.256151
Cell_67	1.00744e-18	1.1125e-06	4.8262e-07	0.000492289	0.00554914	0.189165	0.804792
Cell_68	6.16523e-14	1.16304e-08	3.37002e-08	0.00146338	0.00523002	0.0111564	0.98215
Cell_69	5.76005e-39	4.01563e-07	1.283e-06	0.0802424	0.907728	0.0037214	0.00830696
Cell_70	8.52837e-32	2.50473e-12	5.83079e-12	0.0283452	0.971569	7.56257e-05	9.96843e-06
Cell_71	1.71348e-15	0.000384842	0.000601285	0.0021306	0.0123231	0.0245533	0.960007
Cell_72	5.56783e-15	1.06811e-05	2.12438e-05	7.52754e-05	0.000295967	0.00666801	0.992929
Cell_73	1.75826e-15	0.00379669	0.000259713	0.000469526	0.00251468	0.0132662	0.979693
Cell_74	2.45401e-21	3.06015e-06	5.02829e-07	0.055442	0.700216	0.039019	0.205319
Cell_75	0.984049	8.305e-05	0.00026041	6.67197e-05	0.000221471	0.00010139	0.0152182
Cell_76	5.77919e-43	5.75722e-07	1.54332e-06	0.000737123	0.00263706	0.00919368	0.98743
Cell_77	4.68381e-27	2.0021e-11	6.18836e-11	0.0535768	0.94458	0.00119668	0.000646074
Cell_78	2.5423e-23	5.16992e-06	6.84964e-06	0.00698686	0.022689	0.0126831	0.957629
Cell_79	1.45192e-08	0.023748	0.00664021	0.00133534	0.00476968	0.0109345	0.952572
Cell_80	3.1524e-10	0.000236139	0.000421648	0.0564976	0.685004	0.0503837	0.207457
Cell_81	1.98358e-15	2.58951e-08	8.55988e-08	0.0643671	0.935632	4.8696e-07	2.97527e-07
Cell_82	1.86177e-26	7.96504e-08	2.13516e-07	0.000357039	0.000980722	0.00807471	0.990587
Cell_83	4.78e-29	2.49738e-15	4.96708e-15	0.0283078	0.884784	0.0713109	0.0155968
Cell_84	2.9165e-29	2.62449e-18	8.66664e-18	0.132475	0.819916	0.00530478	0.0423036
Cell_85	6.6738e-16	0.986933	0.000133591	2.68651e-05	0.0128353	7.12994e-05	1.22053e-08
Cell_86	4.55627e-32	2.92208e-06	1.8248e-06	0.000347557	0.0013017	0.0111803	0.987166
Cell_87	5.66487e-10	0.00256658	0.0027763	0.00983756	0.0380715	0.0116279	0.93512
Cell_88	4.48781e-05	0.562022	0.0923489	0.0188621	0.155963	0.0156897	0.15507
Cell_89	2.59793e-27	1.10105e-10	3.63861e-10	0.116787	0.53172	0.0129879	0.338505
Cell_90	2.67698e-20	7.62174e-09	1.00981e-08	6.09679e-05	0.000274104	0.0107029	0.988962
Cell_91	3.78404e-20	0.00118758	0.000332061	0.104639	0.877634	0.0017428	0.0144649
Cell_92	8.91488e-08	8.69457e-07	2.4311e-07	0.00369809	0.0515127	0.189085	0.755703
Cell_93	1.06686e-22	1.56856e-11	2.57739e-12	0.000757203	0.778617	0.220614	1.18155e-05
Cell_94	2.01716e-25	2.60472e-10	2.18365e-11	0.0740148	0.777819	0.0206056	0.127561
Cell_95	2.11262e-45	4.03111e-16	1.31462e-15	0.0834218	0.896128	0.00404042	0.0164103
Cell_96	0.999808	2.17534e-05	7.14218e-05	1.43405e-05	6.55962e-05	5.97291e-07	1.85345e-05
Cell_97	0.881888	1.07107e-05	3.45237e-05	8.14392e-06	3.29627e-05	0.00104781	0.116978
Cell_98	1.24028e-31	2.23154e-07	7.22402e-07	0.0566347	0.396483	0.0379405	0.508941
Cell_99	5.30499e-32	1.38778e-11	3.23064e-11	0.0641576	0.835101	0.0324758	0.0682654
Cell_100	4.01215e-07	3.45131e-10	1.49723e-10	0.00746391	0.821458	0.169039	0.0020388
Cell_101	1.29914e-24	2.6323e-14	2.84739e-14	0.00803476	0.0477038	0.0584205	0.885841
Cell_102	2.0533e-19	0.000137073	0.000397179	0.000176912	0.00158189	0.106334	0.891373
Cell_103	1.03598e-29	2.95371e-08	7.91791e-08	0.0208616	0.978247	0.000854638	3.70527e-05
Cell_104	4.108e-20	0.00100475	0.000435876	0.00475642	0.0166517	0.00683166	0.97032
Cell_105	1.59698e-14	1.58035e-13	5.20933e-13	0.00742829	0.0536081	0.0590954	0.879868
Cell_106	1.08823e-26	2.872e-06	8.32186e-06	0.0960644	0.763447	0.0181271	0.12235
Cell_107	3.44089e-19	2.97609e-13	2.51222e-13	0.00198374	0.987681	0.0103317	3.3799e-06
Cell_108	0.998521	1.86061e-05	5.56942e-05	1.11744e-05	7.17847e-05	5.77656e-05	0.00126376
Cell_109	6.39741e-20	3.12565e-08	4.88358e-08	0.00538464	0.0767485	0.136741	0.781125
Cell_110	3.13835e-27	8.826e-11	3.82886e-11	0.0160064	0.759876	0.20509	0.0190275
Cell_111	1.24754e-31	3.03478e-13	2.56176e-13	0.0013579	0.99623	0.00241189	1.33128e-07
Cell_112	6.59676e-46	4.9176e-09	4.15112e-09	0.0400137	0.422707	0.0873451	0.449934
Cell_113	2.9368e-54	3.25191e-12	5.34338e-13	0.0100483	0.812331	0.174655	0.00296609
Cell_114	2.60381e-41	1.63088e-07	5.36349e-07	0.00595015	0.024726	0.0127989	0.956524
Cell_115	1.57132e-31	1.23901e-08	4.05238e-08	0.0011334	0.00955834	0.101541	0.887768
Cell_116	6.13301e-30	8.67883e-07	2.4267e-07	0.00173272	0.00648917	0.0094927	0.982284
Cell_117	0.999789	3.18492e-05	7.4142e-05	1.48758e-05	6.62783e-05	7.34007e-07	2.2672e-05
Cell_118	6.0168e-20	9.34827e-06	1.01122e-05	3.58315e-05	0.000109514	0.00452844	0.995307
Cell_119	1.57693e-20	9.04215e-14	7.58043e-15	0.0014128	0.00651606	0.0169185	0.975153
Cell_120	4.5342e-29	4.9825e-10	1.46948e-09	0.000233936	0.00126941	0.0245254	0.973971
Cell_121	1.96989e-17	1.65488e-10	5.26746e-10	5.80791e-05	0.000219203	0.00639275	0.99333
Cell_122	2.91585e-43	2.26292e-07	1.8971e-08	0.021243	0.75097	0.188835	0.0389521
Cell_123	1.45764e-12	0.000103963	6.49231e-05	0.035659	0.941952	0.0100443	0.0121756
Cell_124	1.31872e-24	1.7888e-10	2.36999e-10	0.000256104	0.00120166	0.0122637	0.986278
Cell_125	1.08921e-27	5.38225e-09	1.73486e-08	0.0502848	0.656136	0.0961982	0.197381
Cell_126	2.99656e-19	0.00526137	0.012248	0.0415734	0.595694	0.0996354	0.245588
Cell_127	2.05861e-17	7.5899e-06	2.49419e-05	8.83793e-05	0.000526541	0.0185647	0.980788
Cell_128	1.1814e-23	3.73942e-11	1.00241e-10	0.00309733	0.996873	2.95577e-05	9.03944e-09
Cell_129	2.30415e-27	2.91843e-16	8.93978e-16	0.00292278	0.996968	0.000109352	2.86751e-08
Cell_130	1.0298e-17	2.44155e-06	6.92611e-06	0.105525	0.349745	0.00315725	0.541564
Cell_131	3.71587e-49	2.98542e-10	2.50281e-11	0.0686111	0.84564	0.0236114	0.0621377
Cell_132	0.993238	2.59483e-05	6.69777e-05	1.34602e-05	7.73384e-05	0.000210641	0.00636771
Cell_133	2.89669e-23	0.000820389	0.00269068	0.0712521	0.279525	0.0128232	0.632888
Cell_134	6.90655e-21	1.47247e-06	1.5928e-06	0.0331371	0.89811	0.0511573	0.0175931
Cell_135	0.998523	2.18382e-05	5.85409e-05	1.17623e-05	4.42036e-05	1.67454e-05	0.00132343
Cell_136	2.9665e-15	1.39491e-05	2.77437e-05	5.01567e-05	0.000177868	0.00615918	0.993571
Cell_137	1.52862e-36	2.88702e-09	6.72072e-09	0.00364395	0.011301	0.0135085	0.971547
Cell_138	2.9447e-31	1.12007e-13	3.6384e-13	0.00620634	0.993002	0.00079005	2.02256e-06
Cell_139	8.26381e-15	1.02481e-09	2.03826e-09	0.00011306	0.000278913	0.00363624	0.995972
Cell_140	0.999019	6.60835e-05	0.00010325	3.36735e-05	0.000184047	1.37481e-05	0.000579774
Cell_141	1.35684e-17	0.157981	0.0132442	0.0469297	0.663932	0.044009	0.0739042
Cell_142	2.54535e-21	8.74706e-10	2.74271e-09	0.0346139	0.707557	0.127425	0.130404
Cell_143	8.25428e-33	2.22485e-10	7.3238e-10	0.0265867	0.641352	0.219799	0.112262
Cell_144	2.43028e-24	2.37032e-06	1.02828e-06	9.10906e-05	0.000260481	0.00421161	0.995433
Cell_145	6.75651e-18	0.00828088	0.00895755	0.00180036	0.980302	0.000658919	4.21071e-08
Cell_146	1.43094e-21	0.143159	0.333261	0.0747159	0.368732	0.00187426	0.0782581
Cell_147	5.52558e-25	1.30327e-11	4.10996e-11	0.063545	0.919182	0.0075593	0.00971374
Cell_148	0.999671	1.56394e-05	4.90385e-05	9.86009e-06	4.7715e-05	5.35259e-06	0.000201036
Cell_149	5.45313e-05	0.00979744	0.00160987	0.00178569	0.028351	0.294498	0.663904
Cell_150	1.00814e-23	8.88877e-12	2.45785e-11	0.00262963	0.0198577	0.0530519	0.924461
Cell_151	2.84614e-30	1.93721e-13	8.40394e-14	3.39612e-05	0.000186774	0.0190443	0.980735
Cell_152	1.74685e-17	2.6403e-10	7.4899e-10	1.13933e-05	4.79442e-05	0.00940189	0.990539
Cell_153	7.7234e-27	2.7199e-11	5.40966e-11	0.0293407	0.966692	0.00333284	0.000634947
Cell_154	4.39963e-25	0.000343932	0.000951012	0.0209704	0.510121	0.312652	0.154962
Cell_155	6.01986e-06	5.74118e-08	3.58528e-08	0.0401466	0.536395	0.138288	0.285164
Cell_156	9.78333e-09	0.0175743	0.00147333	0.000303178	0.00121709	0.00843445	0.970998
Cell_157	3.05111e-22	3.54629e-14	8.25544e-14	0.0531198	0.865321	0.0415892	0.0399699
Cell_158	0.999659	2.27708e-05	7.41724e-05	1.49045e-05	0.000200705	9.27255e-06	1.89515e-05
Cell_159	1.02531e-20	2.87202e-05	4.71917e-06	0.0456017	0.374572	0.0478752	0.531917
Cell_160	4.8959e-17	0.694906	0.0582571	0.0120755	0.227711	0.00371874	0.00333073
Cell_161	3.45004e-20	0.0652435	0.0107205	0.00232684	0.752699	0.168907	0.000103247
Cell_162	5.39617e-25	9.58195e-07	2.5686e-06	0.000310067	0.00166901	0.0215606	0.976457
Cell_163	1.15862e-21	0.16541	0.0138671	0.00279017	0.817851	8.16578e-05	4.02383e-08
Cell_164	1.37153e-35	1.26153e-07	3.25625e-07	0.00321005	0.0278273	0.0529839	0.915978
Cell_165	5.94129e-20	1.50922e-09	4.95263e-09	0.0113044	0.0410444	0.0124571	0.935194
Cell_166	2.03488e-24	0.996561	0.000134894	2.70623e-05	0.00327725	6.30535e-08	2.18188e-10
Cell_167	6.51327e-20	2.73746e-08	5.93974e-08	0.0390663	0.959013	0.00145501	0.00046544
Cell_168	5.23566e-08	0.00140734	0.000231248	0.0159169	0.0714201	0.0110382	0.899986
Cell_169	2.22268e-16	6.80498e-05	0.000208451	0.188093	0.803789	0.000288265	0.0075528
Cell_170	3.37316e-50	9.96853e-17	1.32073e-16	0.00599844	0.956298	0.0375192	0.000184371
Cell_171	5.57802e-43	0.00997037	0.00083586	0.00296179	0.924414	0.0617626	5.58342e-05
Cell_172	3.73685e-28	1.03989e-10	2.42078e-10	0.0150141	0.969852	0.014687	0.000446721
Cell_173	7.83881e-21	9.0568e-05	0.000299191	0.00106015	0.00598272	0.023377	0.96919
Cell_174	1.61648e-15	0.000766595	6.4267e-05	0.000227724	0.000901657	0.0103035	0.987736
Cell_175	3.17139e-19	1.52552e-08	4.32754e-08	0.031468	0.964895	0.00322769	0.000409467
Cell_176	4.34733e-28	2.04532e-14	4.76132e-14	0.0362821	0.7001	0.142693	0.120924
Cell_177	9.19298e-14	0.000122474	3.42451e-05	6.19104e-05	0.000204764	0.00534533	0.994231
Cell_178	6.63789e-22	1.1128e-11	3.07702e-11	0.00972204	0.0692905	0.0435963	0.877391
Cell_179	2.40527e-25	9.76237e-12	2.11824e-11	0.000347545	0.00172584	0.0175923	0.980334
Cell_180	1.82874e-35	3.49461e-16	7.58261e-16	0.012254	0.98732	0.000415547	1.00473e-05
Cell_181	1.47005e-20	2.11211e-06	6.40172e-06	0.0921492	0.641436	0.0152159	0.251191
Cell_182	4.42591e-29	9.39248e-10	3.06631e-09	0.0330619	0.852378	0.0907971	0.023763
Cell_183	2.4395e-17	3.1969e-05	0.000104851	0.000189556	0.00204843	0.110349	0.887276
Cell_184	3.12074e-32	1.16698e-07	3.85844e-07	0.103838	0.596122	0.029911	0.270128
Cell_185	7.92731e-24	0.0001719	4.80653e-05	0.0120083	0.96095	0.0262199	0.000601589
Cell_186	1.74046e-23	2.87768e-05	9.50738e-05	9.46096e-05	0.000518978	0.0263214	0.972941
Cell_187	5.81606e-26	3.56141e-11	1.17587e-10	0.00322862	0.0128497	0.0179616	0.96596
Cell_188	1.94686e-20	2.55415e-08	5.94583e-08	0.0151269	0.0561825	0.00690982	0.921781
Cell_189	1.58775e-16	1.09634e-09	3.0315e-09	0.0292327	0.922732	0.037709	0.0103266
Cell_190	1.64965e-18	9.2296e-10	1.83569e-09	0.0338656	0.90679	0.0397919	0.0195527
Cell_191	1.22465e-30	4.98353e-12	8.89856e-12	0.00216378	0.183532	0.800466	0.0138379
Cell_192	8.6597e-17	0.006684	0.0219817	0.00441	0.966888	3.63926e-05	1.87139e-08
Cell_193	3.26291e-17	1.92445e-08	4.47996e-08	0.00933103	0.972769	0.0177386	0.00016174
Cell_194	5.23183e-28	3.96416e-08	1.16914e-07	0.00994548	0.989976	7.76354e-05	4.42499e-07
Cell_195	0.9995	5.32668e-05	0.000169547	3.42472e-05	0.000211852	1.9016e-06	2.88951e-05
Cell_196	2.12397e-28	9.12705e-05	3.95946e-05	0.00272532	0.0304178	0.115843	0.850883
Cell_197	2.73556e-16	1.88496e-05	1.17713e-05	0.0293777	0.166344	0.0263516	0.777897
Cell_198	2.11195e-11	0.976251	1.80313e-05	2.00006e-05	8.58344e-05	0.000186053	0.0234393
Cell_199	4.79197e-26	0.999999	2.69189e-08	5.40213e-09	1.21566e-06	3.44713e-11	2.62229e-14
Cell_200	7.90112e-23	8.00555e-13	2.53717e-12	0.0870934	0.895797	0.00328186	0.0138276
Cell_201	0.999804	2.11148e-05	5.20351e-05	1.04907e-05	0.000109809	4.07746e-07	2.36005e-06
Cell_202	5.16791e-25	5.93513e-08	1.65953e-08	0.00475917	0.9909	0.00432953	1.12295e-05
Cell_203	0.999804	2.92395e-05	5.81549e-05	1.1878e-05	7.76416e-05	9.78834e-07	1.836e-05
Cell_204	4.61885e-13	0.111756	0.120888	0.0248761	0.730056	0.010482	0.00194205
Cell_205	2.1724e-14	8.3063e-08	5.18716e-08	0.0131971	0.145859	0.175818	0.665125
Cell_206	5.38105e-26	2.52265e-11	4.14511e-12	0.00224821	0.0141397	0.0675235	0.916089
Cell_207	9.60266e-14	0.00190508	0.00297654	0.00111091	0.00895341	0.085459	0.899595
Cell_208	3.72042e-26	6.16866e-09	1.7499e-08	0.00577714	0.45937	0.522366	0.012487
Cell_209	1.16666e-24	0.997651	7.6238e-06	1.53702e-06	0.00233289	7.02428e-06	5.18144e-11
Cell_210	1.10986e-36	2.38787e-29	7.74412e-29	0.0338359	0.912599	0.0412403	0.0123247
Cell_211	5.16558e-30	2.90572e-12	9.42358e-12	0.051576	0.842708	0.0393572	0.0663588
Cell_212	6.13623e-14	2.57186e-06	6.33807e-06	2.24583e-05	8.57255e-05	0.00561134	0.994272
Cell_213	9.10206e-31	3.05273e-08	1.32432e-08	0.0299133	0.969941	0.000124023	2.18073e-05
Cell_214	9.04714e-30	1.97484e-14	4.86677e-14	0.000446425	0.999536	1.74114e-05	4.43614e-11
Cell_215	2.39418e-21	3.93864e-05	0.000126954	2.55392e-05	8.37202e-05	0.00542965	0.994295
Cell_216	1.00114e-27	7.77584e-09	1.21491e-08	0.00309098	0.0285455	0.0626357	0.905728
Cell_217	1.13368e-17	2.63614e-06	2.20999e-07	0.0186115	0.972048	0.00897863	0.000359004
Cell_218	0.997933	0.000717968	6.01905e-05	1.34945e-05	6.72828e-05	2.89236e-05	0.00117873
Cell_219	2.5203e-31	3.71345e-15	1.2245e-14	0.115226	0.787553	0.00839556	0.0888254
Cell_220	1.57289e-21	1.02888e-05	3.15168e-05	0.000111677	0.000399356	0.00805162	0.991396
Cell_221	6.55767e-40	3.47809e-11	1.12109e-10	0.0348511	0.953329	0.00983255	0.00198728
Cell_222	1.96417e-24	3.41516e-06	2.88285e-06	0.0254655	0.968321	0.00559344	0.000614132
Cell_223	7.05071e-37	5.13079e-15	8.01646e-15	0.0120694	0.448029	0.449818	0.0900837
Cell_224	9.5739e-11	0.000221099	9.59163e-05	0.0201295	0.642236	0.262511	0.0748059
Cell_225	1.6033e-25	1.00748e-12	3.27742e-12	0.0111088	0.0304531	0.00452653	0.953912
Cell_226	0.999147	6.59509e-05	8.73785e-05	1.76727e-05	0.000679367	2.15765e-06	4.87062e-07
Cell_227	4.3591e-21	9.88809e-09	3.13379e-08	0.0275891	0.936087	0.029576	0.00674784
Cell_228	1.8512e-14	2.14111e-07	3.34532e-07	0.00763961	0.989044	0.00330055	1.52693e-05
Cell_229	2.09959e-32	3.69191e-23	1.15763e-22	0.0729099	0.433006	0.0316296	0.462455
Cell_230	5.00869e-19	9.18946e-11	2.98941e-10	0.0026112	0.0101153	0.00994717	0.977326
Cell_231	1.12047e-23	5.43722e-05	0.000140345	0.000497301	0.00221685	0.0158562	0.981235
Cell_232	5.32263e-32	5.69553e-16	1.83111e-15	0.0268093	0.972281	0.000836226	7.31054e-05
Cell_233	0.961427	0.000460024	7.55891e-05	0.000267843	0.000656563	0.000203199	0.0369097
Cell_234	2.3968e-11	7.48472e-14	6.27477e-15	0.000319193	0.998201	0.00147934	3.46631e-09
Cell_235	1.39902e-22	1.3434e-07	1.77987e-07	0.000355614	0.00192686	0.0250925	0.972625
Cell_236	1.18431e-27	6.56178e-09	1.30508e-08	0.0033203	0.0149834	0.0202967	0.9614
Cell_237	4.54079e-22	0.000505593	0.00135532	0.00102511	0.00280267	0.00427132	0.99004
Cell_238	1.86908e-22	5.52581e-06	5.97735e-06	0.00812193	0.13332	0.315924	0.542623
Cell_239	6.07103e-05	0.12861	0.0107819	0.0048025	0.0273809	0.0188515	0.809513
Cell_240	2.63713e-15	6.176e-06	1.01481e-06	0.0348676	0.271914	0.0563306	0.636881
Cell_241	3.37808e-31	9.45414e-09	1.55346e-09	0.00551894	0.610743	0.3798	0.0039376
Cell_242	2.54758e-26	5.57225e-15	1.83115e-14	0.000544714	0.00245149	0.0232563	0.973747
Cell_243	1.96985e-38	9.1153e-11	2.4435e-10	0.011412	0.988352	0.000233558	2.39664e-06
Cell_244	3.81797e-19	1.89012e-09	6.22925e-09	0.000574128	0.00178164	0.00557366	0.992071
Cell_245	3.70578e-18	0.000263585	0.000613603	0.000200117	0.00133636	0.0277368	0.969849
Cell_246	4.06133e-40	2.80868e-12	3.03819e-12	0.00172169	0.0225393	0.258341	0.717398
Cell_247	9.24913e-13	9.1247e-06	2.44602e-05	8.66725e-05	0.00041231	0.0124553	0.987012
Cell_248	2.55829e-21	4.68499e-09	5.06782e-09	0.0522416	0.947025	0.000362855	0.000370503
Cell_249	4.12336e-34	1.96614e-12	3.91049e-12	0.0488976	0.697186	0.101857	0.152059
Cell_250	0.999691	2.43835e-05	6.29386e-05	1.28107e-05	4.47134e-05	2.56078e-06	0.000161172
Cell_251	1.53626e-21	1.98027e-10	1.67161e-10	0.000351556	0.00168077	0.013238	0.98473
Cell_252	1.55698e-16	1.3762e-07	1.48866e-07	0.00825745	0.0863515	0.0935816	0.811809
Cell_253	7.2848e-11	0.000145025	0.000192144	0.000680844	0.00257157	0.00790317	0.988507
Cell_254	3.31932e-26	1.16877e-10	3.31552e-10	0.00317802	0.0165068	0.0367041	0.943611
Cell_255	3.25304e-20	1.22669e-10	1.91661e-10	0.00441587	0.0189429	0.0202521	0.956389
Cell_256	2.43121e-10	0.252251	0.10943	0.0222147	0.59984	0.0116546	0.00460947
Cell_257	3.45233e-24	8.80735e-07	1.75171e-06	0.116839	0.844239	0.0033979	0.0355215
Cell_258	8.26593e-22	8.24503e-11	2.69171e-10	0.000397984	0.00219417	0.0188397	0.978568
Cell_259	5.47611e-23	2.32215e-11	6.42102e-11	0.0320119	0.967329	0.000548615	0.000110121
Cell_260	2.23282e-11	3.99403e-08	6.24035e-08	0.00104394	0.930961	0.0679901	4.75953e-06
Cell_261	0.0346655	0.462038	0.0387347	0.00888156	0.0329215	0.00346612	0.419292
Cell_262	7.64173e-36	1.07488e-08	3.11456e-08	0.0246509	0.135961	0.0418963	0.797492
Cell_263	2.90933e-23	1.2929e-14	4.25473e-14	0.0525138	0.906568	0.0225934	0.0183252
Cell_264	8.36089e-23	0.00540897	0.00585095	0.0019082	0.0132352	0.0474876	0.926109
Cell_265	1.02425e-24	9.17788e-12	2.9583e-11	0.00102012	0.00542268	0.0234511	0.970106
Cell_266	3.87825e-11	5.71388e-13	1.59767e-13	0.00548432	0.99295	0.0015619	3.4315e-06
Cell_267	0.999911	9.08642e-06	2.5125e-05	5.29583e-06	3.25871e-05	9.00395e-07	1.56685e-05
Cell_268	1.71526e-37	7.50315e-07	8.11626e-07	0.017189	0.93861	0.0406241	0.00357513
Cell_269	5.78705e-51	2.64917e-14	1.14925e-14	0.000839684	0.975947	0.0232129	4.69222e-07
Cell_270	2.55427e-25	6.14288e-13	1.6467e-12	0.00213709	0.277528	0.715059	0.00527651
Cell_271	4.25265e-13	4.60746e-10	7.19879e-10	0.047152	0.886743	0.0406685	0.0254367
Cell_272	7.04577e-15	0.0390547	0.0109201	0.00221439	0.905462	0.0423382	1.03452e-05
Cell_273	7.30929e-34	1.10251e-14	3.63916e-14	0.00654907	0.992214	0.00123446	2.10941e-06
Cell_274	2.24555e-30	1	1.51869e-15	3.05205e-16	2.38876e-14	8.62276e-17	1.56855e-18
Cell_275	3.09847e-12	0.00116562	0.000727909	0.00257928	0.00839209	0.00762684	0.979508
Cell_276	0.998823	8.04579e-05	6.79174e-05	1.36877e-05	0.00101059	3.91378e-06	1.42709e-07
Cell_277	1.56429e-21	5.2614e-08	9.39472e-08	0.000192793	0.000919769	0.00942914	0.989458
Cell_278	0.00738067	8.99964e-06	7.5448e-07	0.00465003	0.967483	0.0204369	4.00995e-05
Cell_279	1.15946e-52	2.29595e-15	6.15467e-15	0.0401226	0.957998	0.00137544	0.000504356
Cell_280	6.98406e-25	0.992099	0.000226451	4.61667e-05	0.00761402	1.45566e-05	3.08216e-08
Cell_281	1.07916e-21	7.18321e-06	1.98624e-05	7.03806e-05	0.000313525	0.0150668	0.984522
Cell_282	6.25744e-28	1.85016e-10	5.83461e-10	0.00225403	0.00838309	0.0103284	0.979035
Cell_283	1.64625e-29	2.28255e-07	6.38229e-08	0.0148634	0.62691	0.313851	0.0443751
Cell_284	6.38578e-28	4.53274e-09	1.38847e-08	9.91404e-05	0.000496915	0.0140214	0.985383
Cell_285	2.35933e-44	2.86405e-15	8.68083e-15	0.0232665	0.891757	0.0723048	0.0126715
Cell_286	2.02575e-21	1.79459e-07	4.96224e-07	0.00101832	0.0048799	0.0125248	0.981576
Cell_287	1.50239e-33	2.28657e-12	1.42793e-12	0.0122962	0.97913	0.00845484	0.000119392
Cell_288	0.997479	5.27547e-05	8.2425e-05	1.65612e-05	0.00236964	9.58344e-08	3.00885e-10
Cell_289	0.99932	3.64923e-05	0.00011854	2.54282e-05	0.000499508	1.27977e-07	6.26175e-08
Cell_290	4.2465e-23	3.40095e-16	6.76421e-16	0.0899302	0.537268	0.0187532	0.354049
Cell_291	1.96876e-23	2.78539e-07	4.35196e-07	0.0401105	0.800274	0.0911959	0.0684188
Cell_292	1.05646e-23	6.95062e-07	1.61804e-06	0.0961315	0.897679	0.00135294	0.00483464
Cell_293	5.45905e-34	4.40648e-12	1.3498e-11	0.0322357	0.967704	5.1837e-05	8.35637e-06
Cell_294	1.09573e-23	0.999999	1.38855e-07	2.78743e-08	1.22358e-06	1.60298e-10	1.06555e-11
Cell_295	2.98218e-27	1.70391e-11	4.39814e-11	0.000274689	0.00107443	0.00925748	0.989393
Cell_296	7.27945e-14	1.52727e-08	1.65207e-08	0.000335644	0.999522	0.000141872	5.58601e-10
Cell_297	1.21175e-41	6.76941e-09	5.67509e-10	0.00119352	0.997637	0.0011693	8.56945e-08
Cell_298	3.00326e-29	6.36367e-11	2.06007e-10	0.0900578	0.791858	0.0150541	0.10303
Cell_299	2.81328e-31	5.94264e-14	1.93572e-13	0.077945	0.910117	0.00461381	0.00732404
Cell_300	1.21035e-33	6.86825e-10	1.92044e-10	0.015161	0.876348	0.103554	0.00493659
Cell_301	7.83222e-25	0.999973	5.11788e-07	1.02727e-07	2.66182e-05	6.30933e-12	1.51665e-15
Cell_302	7.0216e-16	3.55037e-05	7.7036e-05	0.00027297	0.00137735	0.0143032	0.983934
Cell_303	3.87989e-36	5.30665e-15	1.4838e-15	0.00208221	0.994126	0.00379145	3.50211e-07
Cell_304	2.07226e-31	2.90177e-08	9.5051e-08	0.0512235	0.924849	0.0123605	0.0115665
Cell_305	9.63117e-46	1.41474e-12	6.13738e-13	0.00845571	0.782129	0.205325	0.00409076
Cell_306	8.24429e-14	1.10958e-05	9.30213e-07	0.0581344	0.896576	0.0166554	0.0286224
Cell_307	1.94253e-20	0.0380526	0.01064	0.00215363	0.94915	3.41764e-06	6.24798e-10
Cell_308	1.8059e-30	7.96588e-12	2.5121e-11	0.0599935	0.693964	0.0550634	0.190979
Cell_309	2.70418e-26	1.52335e-10	4.6172e-10	0.0134585	0.0892775	0.0541592	0.843105
Cell_310	1.55431e-14	2.51424e-10	4.13129e-11	0.00232835	0.995507	0.00216407	4.64311e-07
Cell_311	2.29112e-24	2.26875e-08	1.91513e-08	0.00251726	0.0218609	0.135192	0.84043
Cell_312	6.03745e-21	2.67908e-08	2.89799e-08	0.000134402	0.000638116	0.0104833	0.988744
Cell_313	7.36104e-20	0.992925	0.00291226	0.000585331	0.00349729	6.65356e-06	7.3096e-05
Cell_314	5.08077e-17	9.88178e-14	3.21883e-13	0.0198876	0.977151	0.00279899	0.000161958
Cell_315	5.78247e-33	1.60661e-10	2.6399e-11	0.00119355	0.00909691	0.103811	0.885899
Cell_316	3.58459e-20	0.98623	1.94626e-06	0.000596543	0.00850035	0.00204127	0.00263015
Cell_317	3.89193e-45	0.0989327	0.0429186	0.00962218	0.785474	0.0612466	0.00180607
Cell_318	2.05402e-20	4.6276e-09	1.31274e-08	0.0004914	0.00178615	0.00812066	0.989602
Cell_319	3.17389e-18	1.31395e-08	3.67397e-09	0.0159381	0.0978055	0.0310183	0.855238
Cell_320	2.97677e-28	0.000444416	0.000793547	0.00281186	0.0735116	0.508534	0.413904
Cell_321	1.88141e-21	0.0064869	0.00859451	0.00210204	0.00753604	0.0119666	0.963314
Cell_322	1.5347e-61	4.44499e-17	9.64475e-17	0.0434302	0.954529	0.00153472	0.000506358
Cell_323	3.02072e-21	3.80368e-07	8.85462e-07	0.065524	0.575199	0.053452	0.305823
Cell_324	2.12914e-13	0.0138423	0.0382756	0.00768601	0.939765	0.000428922	2.03923e-06
Cell_325	1.47092e-16	6.55524e-11	1.9622e-10	0.0368106	0.264706	0.0723073	0.626177
Cell_326	7.78455e-41	1.68212e-34	5.54262e-34	0.020075	0.971927	0.0077228	0.000275197
Cell_327	6.22016e-22	0.999999	5.4449e-08	1.09224e-08	7.47617e-07	9.45474e-12	1.42074e-13
Cell_328	4.86206e-28	1.64421e-11	4.66422e-11	0.017729	0.0868396	0.0274302	0.868001
Cell_329	3.29271e-19	5.73058e-15	1.88318e-14	0.00149593	0.00677448	0.0199623	0.971767
Cell_330	4.08185e-15	1.52999e-06	6.63736e-07	0.000464975	0.00222289	0.0142284	0.983082
Cell_331	0.99943	0.000111837	6.98408e-05	1.43717e-05	0.000310715	3.42975e-05	2.89636e-05
Cell_332	2.08784e-17	9.15499e-07	2.65273e-06	0.0122884	0.949214	0.0380056	0.000488658
Cell_333	2.65284e-25	9.82524e-14	2.97799e-13	0.119457	0.820726	0.00384016	0.0559775
Cell_334	3.81015e-13	1.82718e-06	6.03641e-06	0.0372038	0.158971	0.0116683	0.792149
Cell_335	5.81029e-20	3.11012e-06	1.02317e-05	0.000906379	0.00401527	0.0112017	0.983863
Cell_336	3.57649e-30	6.39767e-13	1.78886e-13	0.00146797	0.976494	0.0220368	1.57553e-06
Cell_337	2.67156e-22	2.36159e-05	7.59252e-05	0.000269034	0.000895957	0.00563206	0.993103
Cell_338	3.96466e-20	1.12165e-06	4.8659e-07	0.0191122	0.980663	0.000211497	1.12336e-05
Cell_339	1.27407e-36	2.27137e-15	7.35297e-15	0.0148885	0.984159	0.000939655	1.32816e-05
Cell_340	1.3559e-32	5.61859e-09	1.11749e-08	0.0104615	0.985005	0.00445841	7.53219e-05
Cell_341	0.99021	1.7642e-05	5.45303e-05	1.11615e-05	6.00276e-05	0.000197628	0.009449
Cell_342	2.71754e-31	2.77181e-11	7.43027e-11	0.0159362	0.969426	0.0142413	0.000396847
Cell_343	2.07698e-26	1	2.82776e-11	5.67305e-12	3.23561e-11	2.27699e-14	3.18206e-13
Cell_344	1.18499e-31	2.26433e-13	7.31529e-13	0.00250248	0.00712335	0.0075507	0.982823
Cell_345	4.4043e-29	1.09775e-09	3.47905e-09	0.0820059	0.77676	0.0188721	0.122362
Cell_346	8.75271e-51	6.73456e-13	1.20252e-12	0.00451528	0.995273	0.000211755	2.33063e-07
Cell_347	5.36344e-27	6.50665e-06	4.06331e-06	0.0170156	0.196781	0.253261	0.532932
Cell_348	1.06942e-56	3.89771e-05	3.26763e-06	1.15785e-05	0.999946	3.76582e-07	3.40777e-16
Cell_349	3.92838e-32	3.42351e-13	5.34897e-13	0.0498972	0.871401	0.035044	0.0436576
Cell_350	3.88093e-23	1.6369e-14	3.55174e-14	0.0220736	0.977773	0.000144584	8.72441e-06
Cell_351	9.11512e-24	6.36288e-05	9.9415e-05	0.000352268	0.00100483	0.00501802	0.993462
Cell_352	1.52311e-09	0.231663	0.14467	0.0331718	0.462879	0.0345694	0.0930463
Cell_353	7.48459e-20	6.17004e-06	1.22717e-05	0.000654486	0.00380271	0.0317148	0.96381
Cell_354	1.85486e-19	7.51772e-10	4.6947e-10	0.000954755	0.00242359	0.0051808	0.991441
Cell_355	1.58365e-18	2.19471e-06	3.91887e-06	0.0566438	0.781213	0.0617104	0.100427
Cell_356	3.91394e-29	1.34097e-09	2.39444e-09	0.000565596	0.00225835	0.0187156	0.97846
Cell_357	9.57939e-22	2.02563e-10	4.99193e-10	0.0438607	0.953371	0.00164701	0.00112123
Cell_358	6.07612e-34	1.8191e-12	1.53557e-12	0.0809887	0.910077	0.00215393	0.00678028
Cell_359	5.5331e-29	6.91938e-09	2.27635e-08	0.00166563	0.0250352	0.284726	0.688573
Cell_360	4.83456e-28	4.22181e-06	1.04042e-05	1.88093e-05	9.12163e-05	0.0129949	0.98688
Cell_361	5.87044e-22	0.999941	2.53026e-05	5.15015e-06	2.429e-05	1.27335e-07	4.57001e-06
Cell_362	4.29674e-20	1.62466e-08	1.37144e-08	0.0274073	0.95429	0.0164648	0.00183784
Cell_363	2.13264e-24	2.04001e-11	5.26567e-11	0.0476613	0.893664	0.0301951	0.02848
Cell_364	1.0915e-18	0.000123165	5.34308e-05	0.000189327	0.000712422	0.00943687	0.989485
Cell_365	5.07961e-23	5.0079e-09	1.57928e-08	0.000583664	0.00259824	0.0153217	0.981496
Cell_366	3.50704e-31	1.47229e-09	4.26608e-09	0.00477699	0.978974	0.0162311	1.81909e-05
Cell_367	6.12675e-18	4.75612e-11	1.31512e-10	0.00135549	0.998589	5.5849e-05	2.49951e-09
Cell_368	1.81599e-25	2.86802e-09	5.70426e-09	0.0130201	0.890833	0.0929157	0.00323146
Cell_369	4.39511e-20	0.201289	0.016875	0.00349784	0.332579	0.438479	0.00727996
Cell_370	3.11015e-23	3.91647e-13	6.43536e-14	0.0299858	0.969703	0.000283444	2.77842e-05
Cell_371	0.999537	1.45084e-05	3.37742e-05	6.80439e-06	0.00040772	2.02539e-07	4.67595e-09
Cell_372	9.33695e-26	1.68349e-07	4.70723e-08	0.00396421	0.977158	0.0188572	2.02234e-05
Cell_373	5.59369e-29	6.21004e-06	2.0523e-05	0.0121294	0.0316928	0.00453954	0.951611
Cell_374	3.16607e-12	0.00389288	0.0125156	0.0100654	0.957992	0.0152529	0.00028074
Cell_375	6.54106e-27	8.25063e-12	2.67577e-11	0.0337871	0.53319	0.167822	0.2652
Cell_376	1.93125e-21	2.46074e-10	2.06294e-11	0.00540858	0.983802	0.0107534	3.64174e-05
Cell_377	8.53103e-21	1.29029e-07	1.70951e-07	0.00355653	0.0205451	0.0262674	0.949631
Cell_378	3.13203e-19	0.359067	0.0301022	0.00736238	0.601422	0.0019726	7.31644e-05
Cell_379	4.70438e-24	1.48309e-11	4.90361e-11	0.00543272	0.993669	0.000896985	1.23568e-06
Cell_380	6.05022e-13	6.65014e-06	4.15291e-06	0.0654129	0.34993	0.0185193	0.566127
Cell_381	8.83377e-27	7.47758e-10	2.46277e-09	8.5664e-05	0.000250518	0.00593942	0.993724
Cell_382	0.999723	4.44122e-05	9.63656e-05	1.93532e-05	0.000116672	2.28543e-08	2.23701e-07
Cell_383	1.18635e-28	2.15082e-14	4.66686e-14	0.00200465	0.997976	1.96508e-05	1.16139e-09
Cell_384	5.16049e-33	3.81351e-12	1.65436e-12	0.0368914	0.891794	0.0518733	0.0194409
Cell_385	2.83745e-51	3.79879e-09	1.1514e-08	0.0124127	0.472746	0.442586	0.0722551
Cell_386	1.36248e-34	1.33432e-10	1.11862e-11	0.000383633	0.965587	0.0340287	1.47978e-07
Cell_387	1.63339e-18	0.00137488	0.000225914	0.136717	0.704317	0.00941659	0.147949
Cell_388	1.84129e-28	8.65774e-11	2.78346e-10	0.0799002	0.53526	0.0225846	0.362255
Cell_389	5.67729e-12	5.39469e-08	1.49169e-07	0.062086	0.933098	0.00190699	0.00290875
Cell_390	8.87872e-30	0.0414387	0.135413	0.0362197	0.487486	0.11518	0.184263
Cell_391	0.992847	5.72381e-05	8.94301e-05	1.79412e-05	0.00698528	3.32634e-06	7.75989e-10
Cell_392	2.37999e-23	7.96489e-13	2.60276e-12	0.000930719	0.00373328	0.0192877	0.976048
Cell_393	1.44206e-27	1	6.44153e-09	1.29202e-09	1.36216e-08	3.45852e-12	9.36495e-12
Cell_394	4.12492e-25	7.79475e-07	2.51248e-06	0.00721234	0.0349601	0.0162412	0.941583
Cell_395	8.44538e-13	0.00652539	0.00107222	0.0268194	0.964591	0.000930231	6.20574e-05
Cell_396	5.1125e-24	7.73019e-11	1.79952e-10	0.0142526	0.896308	0.0844799	0.00495979
Cell_397	1.89193e-33	7.6867e-11	3.33461e-11	5.20784e-05	0.000213302	0.010372	0.989363
Cell_398	1.23555e-27	5.76719e-05	0.000102979	0.000364895	0.00148442	0.0130054	0.984985
Cell_399	3.05282e-33	7.58876e-14	4.73907e-14	0.00500476	0.97852	0.0164517	2.36694e-05
Cell_400	5.4517e-15	8.41751e-11	7.10552e-11	0.00234452	0.99675	0.000905141	5.78688e-07
Cell_401	0.883102	2.63882e-05	2.85444e-05	6.39956e-06	3.06172e-05	0.00177732	0.115029
Cell_402	3.94404e-32	0.522393	0.0437945	0.0107112	0.419631	0.00303059	0.000440328
Cell_403	2.24719e-19	0.00223086	0.000187022	0.00033811	0.00113479	0.00596736	0.990142
Cell_404	1.05791e-32	5.9666e-13	1.97198e-12	0.0146404	0.984322	0.00102217	1.57123e-05
Cell_405	1.01854e-20	0.00016656	0.000140599	0.0004982	0.00200327	0.009614	0.987577
Cell_406	8.31388e-32	3.55813e-09	1.04939e-08	0.0016706	0.00633495	0.0124294	0.979565
Cell_407	7.33336e-25	4.24385e-09	6.97331e-10	0.0177522	0.492212	0.302141	0.187894
Cell_408	6.03584e-24	2.78537e-15	4.57679e-16	0.0227239	0.235373	0.0547895	0.687114
Cell_409	1.10544e-14	1.26835e-10	4.08827e-10	0.00507299	0.99487	5.73988e-05	9.28915e-08
Cell_410	1.38998e-28	0.000261996	2.19643e-05	0.000914529	0.0205015	0.529635	0.448665
Cell_411	7.82185e-27	3.5699e-08	8.31041e-08	0.0109233	0.0937783	0.0842046	0.811094
Cell_412	1.38442e-23	0.00673136	0.00188217	0.000838359	0.00504943	0.023792	0.961707
Cell_413	0.993642	3.82489e-05	0.000112807	2.26616e-05	0.00618456	1.64742e-08	2.07654e-11
Cell_414	1.49264e-23	0.0850886	0.0369128	0.0147555	0.863075	0.000165048	3.37236e-06
Cell_415	4.50188e-35	4.31637e-13	1.42653e-12	0.081915	0.90749	0.00343084	0.00716368
Cell_416	0.988354	2.38615e-05	7.86552e-05	1.58372e-05	5.40056e-05	8.95545e-05	0.0113843
Cell_417	2.26673e-36	0.0108115	1.33787e-05	0.00440827	0.0236217	0.0203487	0.940796
Cell_418	0.999541	2.38983e-05	7.83333e-05	1.57406e-05	0.000337119	2.49435e-06	1.33975e-06
Cell_419	2.57819e-48	3.24915e-14	5.80167e-14	0.0185526	0.908162	0.0668775	0.00640777
Cell_420	2.17411e-16	3.38756e-06	9.6097e-06	3.40511e-05	0.000122988	0.00643488	0.993395
Cell_421	7.90185e-39	1	1.83169e-09	3.67587e-10	3.7629e-09	1.24044e-11	3.20951e-11
Cell_422	8.92871e-19	1.25835e-07	2.50274e-07	0.00924957	0.441188	0.479427	0.0701343
Cell_423	2.90297e-16	0.000162411	0.000215178	6.3326e-05	0.00026126	0.0100106	0.989287
Cell_424	3.70982e-16	6.19182e-09	5.19088e-10	0.00957635	0.966209	0.0240146	0.000200171
Cell_425	2.78056e-25	1.3636e-08	4.17699e-08	0.061759	0.895098	0.0187453	0.0243982
Cell_426	1.63602e-23	3.83355e-10	8.92417e-10	0.00178344	0.99779	0.000426415	3.79971e-08
Cell_427	1.42018e-33	3.82354e-06	3.20544e-07	0.0334831	0.469031	0.196635	0.300846
Cell_428	2.0185e-13	1.76101e-06	4.3398e-06	0.00600527	0.0178939	0.00585306	0.970242
Cell_429	1.6174e-19	3.23085e-08	1.0478e-07	0.000106879	0.000306771	0.00496557	0.994621
Cell_430	2.14986e-10	0.243507	0.0204143	0.0723361	0.616702	0.00315575	0.0438845
Cell_431	2.48198e-22	1.98422e-11	6.36067e-11	0.000555594	0.00237216	0.014511	0.982561
Cell_432	2.03484e-26	1	4.47414e-09	8.97467e-10	6.40841e-09	5.01466e-12	4.47736e-11
Cell_433	7.4336e-10	4.11817e-12	2.57173e-12	0.00845318	0.196909	0.530772	0.263865
Cell_434	1.33689e-14	0.315613	0.0518601	0.0111246	0.543325	0.0708524	0.00722553
Cell_435	0.997737	3.74529e-05	0.000116661	2.34379e-05	8.38307e-05	2.2782e-05	0.00197931
Cell_436	1.67564e-29	6.32604e-09	9.88393e-09	0.00576946	0.74909	0.243806	0.00133453
Cell_437	1.0236e-22	1.42009e-13	4.52013e-13	4.85148e-05	0.00017474	0.00591967	0.993857
Cell_438	2.53029e-27	3.5672e-15	1.13054e-14	0.0561342	0.775771	0.0585604	0.109535
Cell_439	2.877e-31	2.22242e-11	7.34044e-11	0.064289	0.464641	0.058035	0.413035
Cell_440	2.2622e-28	2.63835e-11	3.49555e-11	0.00879586	0.985052	0.00611827	3.38547e-05
Cell_441	7.27522e-26	1.03775e-09	1.37492e-09	0.0195539	0.978301	0.00197359	0.000172006
Cell_442	5.0405e-08	0.247245	0.0691327	0.0163079	0.665181	0.00181904	0.000313763
Cell_443	0.999589	7.58731e-05	8.2073e-05	1.76056e-05	0.000136584	8.09588e-06	9.08501e-05
Cell_444	1.01246e-28	7.6705e-14	2.51256e-13	0.0874507	0.904683	0.00211005	0.00575642
Cell_445	1.15696e-21	3.32749e-13	8.91987e-13	0.000436751	0.00198467	0.020468	0.977111
Cell_446	4.25087e-16	5.45966e-06	4.57707e-07	0.00696244	0.0495351	0.0620192	0.881477
Cell_447	9.79027e-35	2.6457e-14	7.91945e-14	0.000343256	0.00104687	0.00779291	0.990817
Cell_448	1.79023e-14	1.28991e-11	4.12129e-11	0.00366479	0.0207095	0.0267112	0.948915
Cell_449	2.54551e-14	0.000805474	0.000349427	0.00123816	0.00677035	0.0133966	0.97744
Cell_450	3.21581e-12	1.20011e-09	3.47741e-09	0.101361	0.472682	0.0157194	0.410237
Cell_451	7.0332e-06	0.126874	0.0106364	0.00250906	0.857393	0.00257245	7.4934e-06
Cell_452	2.69459e-24	1.27273e-11	4.15903e-11	0.0132605	0.986505	0.000231037	3.5754e-06
Cell_453	0.29847	6.32455e-05	0.00020792	4.66148e-05	0.000170135	0.00573755	0.695304
Cell_454	7.12831e-39	9.11187e-12	2.64024e-11	0.0150416	0.875602	0.103112	0.00624452
Cell_455	5.4304e-16	0.0216024	0.0337521	0.0856409	0.831721	0.00585164	0.0214321
Cell_456	8.49194e-38	8.92657e-10	5.57451e-10	0.00487395	0.981832	0.013273	2.13359e-05
Cell_457	0.999296	0.000461491	7.583e-05	1.52213e-05	0.000151626	3.39234e-08	1.09503e-07
Cell_458	1.7577e-29	1.82103e-10	4.88158e-10	0.030461	0.608915	0.22327	0.137355
Cell_459	1.38639e-37	2.95706e-16	1.84664e-16	0.000270927	0.999725	4.18005e-06	2.18972e-12
Cell_460	9.96302e-35	4.77611e-13	1.56812e-12	0.11929	0.839547	0.00456675	0.0365961
Cell_461	2.03031e-15	0.976702	0.006405	0.00128617	0.0150574	0.000133165	0.000416539
Cell_462	4.10958e-15	7.34482e-06	3.1863e-06	0.00759501	0.9834	0.00893966	5.46166e-05
Cell_463	2.99807e-30	1.31462e-07	1.1021e-08	0.00517541	0.94884	0.0458896	9.52667e-05
Cell_464	8.50164e-31	5.34972e-22	1.06402e-21	0.00174071	0.0109959	0.0543588	0.932905
Cell_465	4.36458e-31	1.39e-17	4.57687e-17	0.00125562	0.00414255	0.00837997	0.986222
Cell_466	2.11043e-31	4.57068e-10	1.50067e-09	0.00872921	0.0336612	0.0167304	0.940879
Cell_467	9.91143e-45	8.69853e-25	2.33178e-24	0.0373956	0.907799	0.0402291	0.0145759
Cell_468	3.4193e-26	1.7098e-06	5.18232e-06	1.83631e-05	6.23279e-05	0.0097933	0.990119
Cell_469	3.09416e-17	5.07205e-08	1.00879e-07	0.0289298	0.397276	0.177269	0.396525
Cell_470	5.53364e-23	3.58014e-10	1.14387e-09	0.000160845	0.000479144	0.0106784	0.988682
