cell	Node 0	Node 1	Node 2	Node 3	Node 4
Cell_0	0.565657	1.74376e-27	0.0571604	0.376817	0.000365837
Cell_1	1.93608e-12	1.79466e-44	1.95644e-13	3.06053e-14	1
Cell_2	1.06105e-14	1.23289e-14	1.0722e-15	1.71418e-16	1
Cell_3	3.93322e-11	2.53524e-37	3.97457e-12	6.22999e-13	1
Cell_4	0.00245802	8.3049e-25	0.000248386	0.997292	1.90644e-06
Cell_5	0.565571	8.26603e-20	0.0571517	0.37676	0.000517898
Cell_6	0.892999	1.26362e-17	0.0902387	0.0157846	0.000977854
Cell_7	3.70718e-20	1	2.0197e-22	6.36287e-22	3.51333e-23
Cell_8	2.84336e-10	3.30387e-10	3.58336e-07	4.82484e-12	1
Cell_9	0.265071	0.308002	0.00128394	0.00421474	0.421428
Cell_10	0.00225345	3.64837e-27	0.000227714	0.997517	1.63354e-06
Cell_11	1.04805e-17	1	1.05907e-18	1.65533e-19	1.03676e-20
Cell_12	0.258395	0.300245	0.0261112	0.00443499	0.410814
Cell_13	0.000143992	0.000167313	1.45506e-05	0.999674	1.34369e-07
Cell_14	3.57055e-13	1.0205e-44	1.82173e-15	5.72002e-15	1
Cell_15	0.4325	0.502548	0.0437047	0.0070124	0.0142346
Cell_16	2.95957e-14	1	2.99069e-15	4.65899e-16	9.09206e-16
Cell_17	3.24749e-19	1	3.28164e-20	5.32491e-21	3.66257e-22
Cell_18	2.58607e-05	3.50027e-23	1.04879e-07	0.999974	2.58518e-08
Cell_19	2.12497e-05	2.46913e-05	2.14731e-06	0.999951	6.99377e-07
Cell_20	0.43239	0.50242	0.0436935	0.00726614	0.014231
Cell_21	2.16873e-05	2.51998e-05	1.18154e-07	3.42535e-07	0.999953
Cell_22	0.226117	0.26274	0.00101658	0.15063	0.359496
Cell_23	2.95957e-14	1	1.43354e-16	4.6829e-16	9.6235e-16
Cell_24	0.565656	5.21723e-06	0.0571603	0.376817	0.000361347
Cell_25	1.30252e-20	1	5.85591e-23	2.07107e-22	1.69992e-23
Cell_26	0.337483	0.392142	0.0341031	0.224817	0.011455
Cell_27	0.432669	0.502744	0.0437217	0.00752678	0.0133388
Cell_28	1.27926e-08	1.81019e-25	1.29271e-09	2.02415e-10	1
Cell_29	6.13237e-19	2.12384e-48	6.19684e-20	9.68562e-21	1
Cell_30	0.458043	0.532228	0.00221865	0.00719757	0.00031207
Cell_31	0.978971	1.3354e-26	0.00499482	0.0153894	0.000644748
Cell_32	6.15006e-13	1	6.21472e-14	9.81147e-15	9.77777e-13
Cell_33	3.6236e-16	4.94291e-42	3.6617e-17	5.7043e-18	1
Cell_34	6.34187e-21	4.62926e-48	6.40855e-22	9.96179e-23	1
Cell_35	0.00137147	0.0015936	6.64307e-06	0.996984	4.45955e-05
Cell_36	4.66289e-08	1.37923e-38	4.71191e-09	7.32444e-10	1
Cell_37	3.70718e-20	1	3.74616e-21	5.85523e-22	3.16592e-23
Cell_38	3.44613e-11	4.06475e-14	1.37592e-13	5.41318e-13	1
Cell_39	0.598471	5.36144e-24	0.00230279	0.398677	0.000549611
Cell_40	2.95957e-14	1	2.99069e-15	5.79515e-16	1.57172e-15
Cell_41	1.92467e-21	1	1.04858e-23	3.26595e-23	1.34566e-24
Cell_42	1.00249e-18	1	4.00257e-21	1.57591e-20	9.96086e-22
Cell_43	0.432163	0.502157	0.0436707	0.00778549	0.0142235
Cell_44	1.75297e-14	2.03688e-14	1.7714e-15	2.79168e-16	1
Cell_45	0.25818	0.299995	0.0260894	0.00526353	0.410472
Cell_46	2.36167e-08	4.15325e-28	1.09756e-10	1	2.00842e-11
Cell_47	0.894905	8.16281e-29	0.0904313	0.0140679	0.000595759
Cell_48	0.433154	0.503307	0.0437707	0.00680917	0.0129592
Cell_49	0.893839	1.61398e-28	0.0903236	0.015237	0.000600143
Cell_50	4.68909e-21	1	4.73839e-22	8.64199e-23	4.63162e-24
Cell_51	2.3164e-07	1.46979e-32	1.04141e-09	1	1.54886e-10
Cell_52	6.15006e-13	1	2.76496e-15	9.66405e-15	1.85201e-14
Cell_53	1.81652e-18	1	1.25288e-20	2.86681e-20	1.55485e-21
Cell_54	0.42969	0.499283	0.0434208	0.00747497	0.020131
Cell_55	1.74511e-11	2.43605e-36	7.47452e-14	2.84408e-13	1
Cell_56	2.95957e-14	1	2.99069e-15	5.04511e-16	9.36646e-16
Cell_57	0.221286	0.257126	0.0223613	0.147412	0.351815
Cell_58	0.598209	1.05202e-20	0.00278011	0.398502	0.000508104
Cell_59	1.0825e-19	1	1.09388e-20	1.71461e-21	1.04176e-22
Cell_60	5.16294e-11	5.99913e-11	5.21722e-12	8.40528e-13	1
Cell_61	0.451863	0.525047	0.00236134	0.00712146	0.0136073
Cell_62	1.33738e-28	1	8.58313e-31	2.10913e-30	8.65726e-32
Cell_63	0.894888	1.22071e-26	0.0904297	0.0140952	0.000586896
Cell_64	2.95957e-14	1	1.26762e-16	4.84078e-16	9.43926e-16
Cell_65	1.12179e-07	3.79021e-29	1.13359e-08	1	9.02959e-11
Cell_66	0.000329111	1.02485e-28	1.40963e-06	0.00021924	0.99945
Cell_67	0.337716	0.392413	0.0341267	0.224973	0.0107711
Cell_68	0.000123923	4.18699e-26	0.406015	1.95306e-06	0.593859
Cell_69	0.976439	1.4271e-19	0.00626665	0.0164087	0.000885914
Cell_70	1.64933e-11	1	8.41508e-14	3.3625e-13	5.21981e-13
Cell_71	9.44986e-09	3.19283e-30	5.14835e-11	1.49524e-10	1
Cell_72	8.8979e-12	4.45364e-31	8.99145e-13	1.50682e-13	1
Cell_73	3.7852e-09	4.39825e-09	1.53511e-11	6.2245e-11	1
Cell_74	0.258459	0.300319	0.0261176	0.00419055	0.410914
Cell_75	0.891724	1.26182e-17	0.0901099	0.0171884	0.000977569
Cell_76	0.451061	0.524115	0.00218482	0.00797292	0.0146669
Cell_77	8.94816e-15	1.57363e-34	9.04223e-16	1.43035e-16	1
Cell_78	0.565566	7.655e-19	0.0571512	0.376757	0.000525229
Cell_79	0.432595	0.502658	0.0437143	0.00679518	0.0142377
Cell_80	7.99064e-11	1.91568e-39	8.07465e-12	1.29557e-12	1
Cell_81	1.31067e-13	1	6.34855e-16	2.08107e-15	4.02648e-15
Cell_82	0.000340594	1.06061e-28	3.44175e-05	6.13586e-06	0.999619
Cell_83	0.000143992	0.000167313	1.45505e-05	0.99967	4.36044e-06
Cell_84	0.432736	0.502822	0.0437286	0.00764902	0.0130642
Cell_85	5.87619e-05	3.72853e-30	5.93797e-06	0.999935	3.96927e-08
Cell_86	0.976446	1.71719e-20	0.00472966	0.0179959	0.000828112
Cell_87	3.66419e-05	4.25765e-05	3.70272e-06	5.78278e-07	0.999917
Cell_88	0.565546	3.75082e-17	0.0571492	0.376744	0.000560959
Cell_89	1.98617e-05	2.8105e-22	1.08208e-07	3.1236e-07	0.99998
Cell_90	0.97961	7.15068e-28	0.00397286	0.0156934	0.000724224
Cell_91	0.894623	1.21088e-18	0.0904029	0.014091	0.000882905
Cell_92	0.451611	0.524754	0.00230417	0.00735225	0.0139782
Cell_93	4.55863e-06	5.29695e-06	2.20809e-08	3.03677e-06	0.999987
Cell_94	4.83868e-09	2.25182e-37	2.34374e-11	7.60641e-11	1
Cell_95	4.22484e-18	2.67474e-38	2.30172e-20	2.81441e-18	1
Cell_96	0.432754	0.502843	0.0437303	0.00687122	0.0138022
Cell_97	0.000276717	1.75189e-24	0.999539	0.000184337	2.39923e-07
Cell_98	8.40394e-11	4.45684e-33	3.67855e-13	1.35771e-12	1
Cell_99	1.31067e-13	1	1.32445e-14	2.12507e-15	2.08379e-13
Cell_100	3.20081e-06	3.71921e-06	1.43902e-08	5.09744e-08	0.999993
Cell_101	4.3958e-08	5.94976e-26	4.44201e-09	7.9191e-10	1
Cell_102	0.597995	1.84345e-27	0.00325792	0.39836	0.000387295
Cell_103	9.80455e-07	1.13925e-06	4.55656e-09	1.70562e-08	0.999998
Cell_104	0.894823	3.02334e-22	0.0904231	0.0140666	0.000687002
Cell_105	5.04925e-07	5.86703e-07	5.10233e-08	8.41472e-09	0.999999
Cell_106	0.43	0.499643	0.0434521	0.00920918	0.0176955
Cell_107	7.04661e-15	1	7.12069e-16	1.60314e-16	2.2022e-16
Cell_108	0.000499486	1.68761e-25	0.929488	8.32113e-06	0.0700039
Cell_109	0.00693282	1.01326e-21	0.000700571	0.000108941	0.992258
Cell_110	5.82993e-26	1.07816e-55	2.69071e-22	9.16464e-28	1
Cell_111	4.68909e-21	1	2.05249e-23	7.41948e-23	3.86519e-24
Cell_112	0.000122689	0.00014256	1.23979e-05	1.9304e-06	0.99972
Cell_113	0.598317	8.74463e-20	0.00256267	0.398574	0.000545795
Cell_114	2.80876e-05	4.10511e-24	1.80262e-07	4.42958e-07	0.999971
Cell_115	3.70093e-05	4.30034e-05	3.73984e-06	6.35213e-07	0.999916
Cell_116	1.52309e-08	1.76977e-08	1.5391e-09	2.43999e-10	1
Cell_117	1.19914e-24	1	4.86316e-27	1.93727e-26	8.37315e-28
Cell_118	3.92791e-23	1	3.9692e-24	6.19047e-25	2.77585e-26
Cell_119	0.337545	0.392214	0.0341093	0.224858	0.0112742
Cell_120	2.95957e-14	1	2.99069e-15	4.79855e-16	1.00455e-15
Cell_121	0.565514	9.59423e-17	0.0571459	0.376722	0.000618383
Cell_122	6.16298e-11	4.49868e-38	2.49943e-13	9.69237e-13	1
Cell_123	0.000473619	0.000550327	2.12931e-06	0.998957	1.67825e-05
Cell_124	1.36973e-30	1	6.98852e-33	2.28189e-32	8.46263e-34
Cell_125	0.336383	0.390863	0.0339919	0.224084	0.0146779
Cell_126	4.6074e-16	1	4.65584e-17	7.35039e-18	1.40363e-17
Cell_127	0.258492	0.300358	0.026121	0.00406039	0.410968
Cell_128	1.11278e-11	3.75974e-33	1.12448e-12	1.76461e-13	1
Cell_129	0.894843	4.7456e-23	0.090425	0.014073	0.00065945
Cell_130	1.64933e-11	1	1.66667e-12	4.04181e-13	5.06689e-13
Cell_131	8.36076e-11	9.71487e-11	8.44866e-12	1	2.75172e-12
Cell_132	3.87311e-10	4.50041e-10	1.87604e-12	6.1497e-12	1
Cell_133	4.72144e-22	4.37656e-54	4.77107e-23	7.42209e-24	1
Cell_134	8.92208e-13	5.66119e-38	9.01588e-14	1.40381e-14	1
Cell_135	0.258419	0.300273	0.0261136	0.00434264	0.410852
Cell_136	1.25656e-16	1	1.26977e-17	3.0793e-18	6.41863e-18
Cell_137	1.75395e-06	3.08451e-26	9.55563e-09	2.77262e-08	0.999998
Cell_138	0.951237	4.34752e-06	0.00394446	0.0152388	0.0295757
Cell_139	0.97704	3.30112e-22	0.00418479	0.0180069	0.000768761
Cell_140	1.08758e-06	1.26373e-06	1.09902e-07	0.999998	6.77345e-10
Cell_141	0.550003	0.0276833	0.0555786	0.366389	0.000345591
Cell_142	1.31067e-13	1	7.14061e-16	3.21189e-15	4.31372e-15
Cell_143	3.18973e-18	1	3.22327e-19	5.0798e-20	3.18399e-21
Cell_144	8.64587e-11	2.92118e-32	8.73676e-12	1.35913e-12	1
Cell_145	6.15006e-13	1	6.21472e-14	1.20425e-14	2.24076e-14
Cell_146	0.337927	0.392658	0.0341479	0.225113	0.0101551
Cell_147	0.000144018	2.33168e-28	5.97196e-07	0.999855	1.03412e-07
Cell_148	4.77405e-27	1	4.82424e-28	8.73651e-29	3.12021e-30
Cell_149	4.82087e-12	8.47801e-32	2.45966e-14	7.64477e-14	1
Cell_150	8.28726e-13	3.85672e-41	1.71968e-08	1.30276e-14	1
Cell_151	0.951736	1.391e-19	0.00442309	0.0150202	0.028821
Cell_152	1.26017e-13	2.9393e-34	1.27342e-14	2.03588e-15	1
Cell_153	8.06442e-08	9.37054e-08	3.74785e-10	1.36844e-09	1
Cell_154	0.45161	0.524753	0.00218748	0.00725273	0.0141967
Cell_155	0.432223	0.502226	0.0436767	0.00720312	0.0146707
Cell_156	0.565544	7.6547e-19	0.057149	0.376742	0.000564526
Cell_157	0.000101586	0.000118038	1.02654e-05	1.60585e-06	0.999769
Cell_158	0.894576	1.21082e-18	0.0903981	0.0140825	0.000943374
Cell_159	9.53997e-06	1.10851e-05	9.64027e-07	0.999978	7.73907e-09
Cell_160	0.427951	0.497262	0.043245	0.011493	0.0200495
Cell_161	1.36845e-10	1.85222e-28	6.35973e-13	2.16323e-12	1
Cell_162	1.39303e-06	1.24795e-29	1.40767e-07	0.999998	5.07545e-08
Cell_163	0.258279	0.30011	0.0260994	0.00488359	0.410628
Cell_164	2.95957e-14	1	1.22724e-16	5.60608e-16	9.43926e-16
Cell_165	0.584947	5.24028e-24	0.00318683	0.389667	0.0221992
Cell_166	4.19985e-12	2.10214e-31	2.0343e-14	6.60216e-14	1
Cell_167	0.979086	2.86191e-26	0.00474244	0.0154306	0.000741288
Cell_168	5.40644e-06	9.24511e-28	5.46328e-07	3.60155e-06	0.99999
Cell_169	4.75892e-07	5.52967e-07	0.00100539	7.60703e-09	0.998994
Cell_170	2.28856e-07	1.21369e-29	2.31262e-08	1.52454e-07	1
Cell_171	7.04661e-15	1	7.12069e-16	1.11296e-16	2.26764e-16
Cell_172	0.000168879	0.000196231	1.70655e-05	2.65478e-06	0.999615
Cell_173	1.65669e-09	5.59746e-31	7.25162e-12	2.60232e-11	1
Cell_174	7.24272e-15	3.37061e-43	7.31887e-16	1.22901e-16	1
Cell_175	1.00249e-18	1	1.01303e-19	1.65875e-20	1.0033e-21
Cell_176	1.30252e-20	1	5.57888e-23	2.05724e-22	1.14973e-23
Cell_177	6.31174e-05	7.334e-05	6.3781e-06	0.999855	1.88638e-06
Cell_178	1.00249e-18	1	4.06564e-21	1.59174e-20	9.30988e-22
Cell_179	0.979747	3.7012e-24	0.00412252	0.0154318	0.000698636
Cell_180	7.62635e-11	1.07915e-27	3.69401e-13	1.28158e-12	1
Cell_181	0.337645	0.392331	0.0341195	0.224925	0.010979
Cell_182	0.43291	0.503024	0.0437461	0.00691998	0.0133994
Cell_183	3.89655e-06	4.52764e-06	3.93752e-07	0.999991	1.17807e-07
Cell_184	0.258319	0.300157	0.0261035	0.00472834	0.410692
Cell_185	5.46758e-10	6.35312e-10	3.12142e-12	8.91078e-12	1
Cell_186	0.554274	8.97379e-25	0.0560101	0.369234	0.0204819
Cell_187	0.00207159	1.09862e-25	0.000209337	0.997718	1.51913e-06
Cell_188	4.98585e-19	6.80115e-45	2.04257e-21	7.83176e-21	1
Cell_189	8.23817e-11	1	8.32478e-12	1.29504e-12	3.51432e-12
Cell_190	1.79925e-08	2.09065e-08	1.81816e-09	3.13e-10	1
Cell_191	2.73546e-05	3.1785e-05	2.76422e-06	0.999937	8.43317e-07
Cell_192	7.51607e-05	0.00181481	3.49301e-07	1.18203e-06	0.998108
Cell_193	2.24852e-05	5.34811e-20	2.27216e-06	0.999975	2.53853e-08
Cell_194	3.18973e-18	1	3.22327e-19	5.01642e-20	3.19378e-21
Cell_195	2.74722e-13	8.46892e-40	1.13918e-15	4.31863e-15	1
Cell_196	0.565513	1.09181e-06	0.0571458	0.376721	0.000618649
Cell_197	0.337942	0.392675	0.0341495	0.225123	0.0101106
Cell_198	5.76964e-11	6.70409e-11	5.8303e-12	9.12058e-13	1
Cell_199	1.87304e-05	5.83266e-30	7.59622e-08	0.999981	1.27237e-08
Cell_200	7.50661e-12	1.09712e-30	3.07526e-14	1.2278e-13	1
Cell_201	8.36983e-20	1.24848e-46	4.55994e-22	1.32092e-21	1
Cell_202	2.59134e-09	7.66489e-40	1.41178e-11	4.07534e-11	1
Cell_203	0.432371	0.502399	0.0436917	0.00846628	0.0130722
Cell_204	0.000143718	2.03366e-21	1.45229e-05	2.33973e-06	0.999839
Cell_205	2.95957e-14	1	2.99069e-15	5.60608e-16	1.02451e-15
Cell_206	1.85527e-12	9.83902e-35	1.87478e-13	2.91425e-14	1
Cell_207	3.73975e-10	1.15445e-42	3.77907e-11	5.87889e-12	1
Cell_208	1.64933e-11	1	1.66667e-12	2.91535e-13	5.59826e-13
Cell_209	0.431665	0.501578	0.0436204	0.00924485	0.0138913
Cell_210	2.67394e-12	3.10701e-12	2.70205e-13	4.20524e-14	1
Cell_211	0.598047	8.46257e-18	0.00289679	0.398394	0.000662143
Cell_212	1.61607e-06	2.4106e-33	0.999998	2.72041e-08	1.07111e-09
Cell_213	0.565642	9.15783e-25	0.0571588	0.376807	0.000392412
Cell_214	0.565658	2.63245e-29	0.0571605	0.376818	0.000363129
Cell_215	8.94082e-16	1.57234e-35	9.03482e-17	1.58037e-17	1
Cell_216	0.000571053	0.000663542	5.77057e-05	9.06714e-06	0.998699
Cell_217	6.15006e-13	1	6.21472e-14	1.20425e-14	1.92201e-14
Cell_218	6.75585e-29	1	3.44691e-31	1.07421e-30	5.35817e-32
Cell_219	0.430328	0.500024	0.0434852	0.0115568	0.0146064
Cell_220	1.00249e-18	1	1.01303e-19	1.57591e-20	9.99361e-22
Cell_221	6.57522e-06	3.29107e-25	0.126159	0.873835	5.58178e-09
Cell_222	0.452015	0.525224	0.00197855	0.00719855	0.0135835
Cell_223	0.894884	8.01687e-24	0.0904292	0.0140476	0.00063909
Cell_224	5.88757e-12	8.21866e-37	5.94947e-13	9.36148e-14	1
Cell_225	5.06498e-06	5.88531e-06	5.11823e-07	0.999988	1.71918e-07
Cell_226	0.888136	3.00074e-22	0.0897473	0.0214018	0.000715073
Cell_227	0.336852	0.391409	0.0340394	0.224397	0.0133016
Cell_228	0.451874	0.52506	0.00210004	0.00725698	0.0137084
Cell_229	1.5441e-15	7.42883e-32	1.56033e-16	2.4225e-17	1
Cell_230	7.4386e-15	1.20432e-38	7.5168e-16	1.24538e-16	1
Cell_231	1.25656e-16	1	1.26977e-17	2.11161e-18	1.73339e-19
Cell_232	6.26885e-08	7.28416e-08	6.33476e-09	1	1.96177e-09
Cell_233	3.78646e-06	4.39972e-06	2.06289e-08	6.03011e-08	0.999992
Cell_234	2.34465e-07	2.72439e-07	9.14994e-10	3.68737e-09	0.999999
Cell_235	0.59825	3.17268e-23	0.0027803	0.398529	0.000440655
Cell_236	3.70093e-05	4.30033e-05	3.73984e-06	8.41983e-07	0.999915
Cell_237	0.00024353	2.87246e-07	2.4609e-05	0.999731	2.8035e-07
Cell_238	0.978181	1.42965e-19	0.00405619	0.0167891	0.000973962
Cell_239	3.19513e-08	9.94966e-33	3.22872e-09	5.04648e-10	1
Cell_240	1.0825e-19	1	5.24335e-22	1.75512e-21	1.13948e-22
Cell_241	8.95131e-08	2.08786e-28	4.16002e-10	1.75276e-09	1
Cell_242	3.90863e-18	4.54167e-18	3.94972e-19	6.27714e-20	1
Cell_243	0.977877	1.5832e-24	0.00532754	0.0160805	0.000714488
Cell_244	0.258311	0.300147	0.0261026	0.00476067	0.410679
Cell_245	0.450673	0.523665	0.00218295	0.00882465	0.0146543
Cell_246	2.17312e-05	7.52623e-35	2.19597e-06	3.41922e-07	0.999976
Cell_247	1.28357e-07	1.75091e-33	6.21729e-10	1	8.42199e-11
Cell_248	0.349126	0.405671	0.00149535	0.232573	0.011135
Cell_249	0.892891	0.00225743	0.0902279	0.0140488	0.000574503
Cell_250	8.13066e-17	1.10049e-34	3.16384e-19	1.2865e-18	1
Cell_251	1.32644e-15	2.33268e-35	1.34038e-16	2.25081e-17	1
Cell_252	7.59165e-08	8.8212e-08	7.67146e-09	1.31414e-09	1
Cell_253	0.3376	0.392278	0.034115	0.224895	0.0111112
Cell_254	0.977899	4.89465e-20	0.00428043	0.0169278	0.000892796
Cell_255	8.18246e-08	9.50769e-08	3.44296e-10	1.29135e-09	1
Cell_256	0.597971	5.35696e-24	0.00325779	0.398344	0.000427574
Cell_257	2.30275e-07	1.15259e-26	2.32696e-08	3.61371e-09	1
Cell_258	0.00143031	0.00166197	0.000144535	2.28184e-05	0.99674
Cell_259	2.89179e-06	1.34578e-34	2.9222e-07	4.96561e-08	0.999997
Cell_260	3.3751e-12	1.05101e-36	3.41058e-13	5.45267e-14	1
Cell_261	1.43475e-08	2.52316e-28	1.44983e-09	1	1.23815e-11
Cell_262	9.49375e-08	1.10314e-07	9.59356e-09	1.65155e-09	1
Cell_263	2.95957e-14	1	2.99069e-15	5.4545e-16	9.74066e-16
Cell_264	0.894184	4.74211e-23	0.0903585	0.0147955	0.000661651
Cell_265	2.95957e-14	1	2.99069e-15	5.02205e-16	1.07831e-15
Cell_266	0.337824	0.392538	0.0341375	0.225044	0.0104563
Cell_267	3.56229e-16	1.23373e-45	1.4447e-18	5.60494e-18	1
Cell_268	8.39503e-07	9.75469e-07	8.48329e-08	1.42454e-08	0.999998
Cell_269	7.64098e-16	1.13976e-42	3.43524e-18	1.20168e-17	1
Cell_270	1.02021e-07	7.2053e-15	1.03094e-08	1.60788e-09	1
Cell_271	0.34929	0.405861	0.00157034	0.232682	0.0105963
Cell_272	3.38073e-08	5.94538e-28	3.41628e-09	1	3.40097e-11
Cell_273	0.598224	4.64988e-23	0.00278018	0.398512	0.000483475
Cell_274	0.000792161	0.00092046	8.00489e-05	0.998181	2.60719e-05
Cell_275	0.450404	0.523351	0.00202493	0.00725358	0.0169664
Cell_276	4.6074e-16	1	2.51014e-18	3.06926e-16	1.56387e-17
Cell_277	0.337927	0.392658	0.0341479	0.225113	0.0101551
Cell_278	0.432831	0.502933	0.0437382	0.00697058	0.0135268
Cell_279	1.25656e-16	1	5.21055e-19	1.99032e-18	1.4453e-19
Cell_280	6.64987e-15	1.94379e-40	6.71978e-16	1.0442e-16	1
Cell_281	1.10479e-27	1	6.01899e-30	2.70738e-29	1.26338e-30
Cell_282	0.348653	0.405121	0.00189948	0.232258	0.0120693
Cell_283	1.28492e-06	1.49303e-06	8.86232e-09	2.12608e-08	0.999997
Cell_284	0.893935	4.47438e-20	0.0903333	0.0147002	0.00103181
Cell_285	3.61818e-14	5.2881e-33	1.58374e-16	1	3.28989e-17
Cell_286	0.978167	3.38771e-30	0.00473799	0.0164377	0.000656811
Cell_287	1.11029e-16	1.29011e-16	1.12196e-17	1.83712e-18	1
Cell_288	0.433161	0.503316	0.0437715	0.00681222	0.0129398
Cell_289	0.979132	1.22064e-29	0.00474267	0.0155089	0.00061597
Cell_290	0.894937	3.09946e-30	0.0904346	0.0140745	0.000553809
Cell_291	0.977109	1.58196e-24	0.00418508	0.0180081	0.000697689
Cell_292	1.06336e-05	1.23558e-05	1.07454e-06	1.75948e-07	0.999976
Cell_293	8.48292e-07	2.86612e-28	8.5721e-08	0.999999	6.51773e-10
Cell_294	1.31067e-13	1	1.32445e-14	2.98185e-15	4.26184e-15
Cell_295	1.50417e-11	4.44916e-42	1.51998e-12	2.36455e-13	1
Cell_296	0.978557	6.20909e-26	0.00533124	0.0154435	0.000668476
Cell_297	7.82642e-12	3.91733e-31	7.9087e-13	1.27551e-13	1
Cell_298	2.57325e-09	4.16613e-33	1.40192e-11	4.07587e-11	1
Cell_299	0.43209	0.502072	0.0436633	0.00925395	0.0129203
Cell_300	0.430985	0.500788	0.0435516	0.0115745	0.0131007
Cell_301	7.99319e-21	2.56221e-48	8.07722e-22	1.27295e-22	1
Cell_302	0.349224	0.405784	0.00149577	0.232638	0.010858
Cell_303	4.68909e-21	1	4.73839e-22	8.44747e-23	2.00031e-22
Cell_304	0.89263	5.65123e-21	0.0902015	0.0164512	0.000716991
Cell_305	0.977611	3.38578e-30	0.00532609	0.0164566	0.000606061
Cell_306	1.7464e-05	2.47121e-22	1.76476e-06	2.75615e-07	0.99998
Cell_307	3.18973e-18	1	1.25929e-20	5.01042e-20	9.64376e-20
Cell_308	7.31072e-07	8.49477e-07	3.28677e-09	0.999998	3.31984e-08
Cell_309	0.430985	0.500788	0.0435516	0.0115745	0.0131007
Cell_310	0.258276	0.300107	0.0260992	0.00489232	0.410625
Cell_311	1.06187e-16	3.83476e-44	1.07303e-17	1.66741e-18	1
Cell_312	0.450762	0.523768	0.00193067	0.00964328	0.0138966
Cell_313	4.98196e-16	1.68325e-37	1.65633e-11	7.85168e-18	1
Cell_314	3.24749e-19	1	3.28164e-20	5.24651e-21	3.9122e-22
Cell_315	0.598305	2.99468e-20	0.00238882	0.398566	0.000740208
Cell_316	0.893367	8.14878e-29	0.0902759	0.0157911	0.000566038
Cell_317	0.893383	4.47162e-20	0.0902776	0.0154648	0.000874229
Cell_318	0.894975	5.50917e-08	0.0904385	0.0140535	0.000532554
Cell_319	7.04661e-15	1	3.83904e-17	1.10989e-16	2.14197e-16
Cell_320	2.32639e-07	1.00189e-24	1.26743e-09	4.19103e-09	1
Cell_321	0.598412	1.84474e-27	0.00256308	0.398637	0.00038737
Cell_322	9.29607e-08	1.08017e-07	9.3938e-09	1	2.85583e-09
Cell_323	5.6483e-23	3.58393e-48	5.70768e-24	9.96333e-25	1
Cell_324	3.85546e-22	5.21841e-40	3.896e-23	6.09467e-24	1
Cell_325	6.55485e-06	1.15274e-25	6.62376e-07	0.999993	5.30271e-09
Cell_326	0.438186	0.509155	0.0442793	0.00807577	0.000304539
Cell_327	2.56282e-09	2.9779e-09	2.58977e-10	1	7.73708e-11
Cell_328	1.51001e-07	1.75458e-07	6.78875e-10	2.37476e-09	1
Cell_329	5.71422e-18	2.15866e-41	5.77429e-19	9.17687e-20	1
Cell_330	8.06972e-06	9.3767e-06	8.15456e-07	1.33525e-07	0.999982
Cell_331	1.10564e-11	1.94439e-31	1.11727e-12	1.74628e-13	1
Cell_332	4.81826e-10	7.04207e-29	1.97391e-12	7.56593e-12	1
Cell_333	0.565601	1.31925e-21	0.0571547	0.37678	0.000464769
Cell_334	0.432743	0.502831	0.0437293	0.00764915	0.0130472
Cell_335	4.25576e-11	2.46284e-18	1.86282e-13	6.69293e-13	1
Cell_336	7.04661e-15	1	3.4132e-17	1.3798e-16	2.26764e-16
Cell_337	3.04967e-16	1.61733e-38	3.08174e-17	4.80347e-18	1
Cell_338	0.979601	5.1951e-23	0.00406208	0.0155342	0.000802504
Cell_339	2.51043e-10	7.81749e-35	2.53682e-11	4.15385e-12	1
Cell_340	1.14185e-09	3.55572e-34	1.15385e-10	1	7.87346e-13
Cell_341	1.57871e-05	2.30735e-24	1.59531e-06	0.999983	1.50781e-08
Cell_342	5.31603e-06	2.83453e-38	2.7123e-08	0.999995	3.20626e-09
Cell_343	1.32959e-09	1.54493e-09	5.97758e-12	2.09011e-11	1
Cell_344	3.70834e-05	4.30895e-05	3.74733e-06	5.84443e-07	0.999915
Cell_345	2.50246e-22	1	1.09537e-24	3.9323e-24	2.02475e-25
Cell_346	0.598087	8.09517e-19	0.00289698	0.398421	0.000595507
Cell_347	6.65949e-06	1.55331e-26	3.09493e-08	0.999993	8.11423e-09
Cell_348	0.565565	9.94606e-21	0.0571511	0.376756	0.000528451
Cell_349	0.429867	0.499488	0.0434386	0.0115445	0.0156621
Cell_350	0.337935	0.392667	0.0341488	0.225119	0.01013
Cell_351	0.565654	8.54441e-26	0.0571601	0.376816	0.000369699
Cell_352	0.348542	0.404992	0.00168825	0.232184	0.0125934
Cell_353	0.33793	0.392661	0.0341483	0.225115	0.0101459
Cell_354	0.000746336	5.44789e-31	3.26684e-06	0.99925	6.67e-07
Cell_355	0.336884	0.391446	0.0340426	0.224418	0.013209
Cell_356	0.892563	1.56967e-20	0.0901947	0.01645	0.000791917
Cell_357	6.63522e-24	1	3.61491e-26	1.11694e-25	4.46234e-27
Cell_358	0.349224	0.405784	0.00149577	0.232638	0.010858
Cell_359	0.565626	1.91108e-22	0.0571573	0.376797	0.000419331
Cell_360	1.92367e-13	1.31581e-36	9.81479e-16	3.02401e-15	1
Cell_361	0.428116	0.497453	0.0432616	0.00687542	0.024294
Cell_362	0.978828	1.43059e-19	0.00474119	0.0155417	0.000889567
Cell_363	0.432939	0.503058	0.0437491	0.00699438	0.0132588
Cell_364	0.565634	5.06727e-24	0.0571581	0.376802	0.000405379
Cell_365	6.3014e-13	4.59972e-40	2.75823e-15	1.01803e-14	1
Cell_366	0.550796	2.75688e-20	0.0556586	0.366917	0.0266283
Cell_367	2.75753e-11	1.7497e-36	2.78652e-12	4.33873e-13	1
Cell_368	1.00249e-18	1	1.01303e-19	1.87705e-20	9.11528e-22
Cell_369	2.60079e-10	1.30176e-29	1.16927e-12	4.09644e-12	1
Cell_370	0.45205	0.525264	0.00203233	0.00710339	0.0135507
Cell_371	0.000517688	2.26986e-22	5.23131e-05	0.999429	5.277e-07
Cell_372	1.25656e-16	1	1.26977e-17	2.018e-18	4.19464e-18
Cell_373	9.80455e-07	1.13925e-06	4.55656e-09	1.56142e-08	0.999998
Cell_374	4.6074e-16	1	2.0714e-18	7.27705e-18	1.76829e-17
Cell_375	0.433004	0.503133	0.0437556	0.00708235	0.0130252
Cell_376	1.00249e-18	1	4.29378e-21	2.147e-20	1.03589e-21
Cell_377	6.15006e-13	1	6.21472e-14	9.77885e-15	2.12896e-14
Cell_378	0.451637	0.524785	0.00218762	0.00719254	0.0141976
Cell_379	1.7375e-11	7.48275e-29	1.75576e-12	2.79817e-13	1
Cell_380	0.000249542	2.23554e-27	2.52165e-05	3.92124e-06	0.999721
Cell_381	1.64933e-11	1	1.66667e-12	2.60296e-13	5.70949e-13
Cell_382	0.431957	0.501917	0.0436498	0.00880631	0.0136706
Cell_383	0.429937	0.49957	0.0434457	0.00690467	0.0201425
Cell_384	1.59343e-09	1.8515e-09	8.68109e-12	2.60626e-11	1
Cell_385	7.04661e-15	1	7.12069e-16	1.12887e-16	2.21516e-16
Cell_386	1.76165e-15	1	1.78017e-16	2.96039e-17	5.4773e-17
Cell_387	0.264589	0.307442	0.0012816	0.00602766	0.42066
Cell_388	3.83626e-05	1.92015e-24	3.87659e-06	0.999958	3.57256e-08
Cell_389	4.50344e-10	5.23282e-10	1.77006e-12	7.33947e-12	1
Cell_390	1.21718e-06	1.97063e-30	1.22998e-07	0.999999	1.18843e-09
Cell_391	1.10183e-09	2.56999e-30	1.11342e-10	1	9.08235e-13
Cell_392	2.94385e-19	1.26717e-38	2.9748e-20	4.62773e-21	1
Cell_393	2.13746e-10	9.20523e-28	1.09055e-12	3.40998e-12	1
Cell_394	2.0613e-15	2.8118e-41	2.08297e-16	3.24327e-17	1
Cell_395	3.18973e-18	1	1.73779e-20	5.17172e-20	1.54208e-19
Cell_396	9.49375e-08	1.10314e-07	9.59356e-09	1.5209e-09	1
Cell_397	7.63347e-06	3.82076e-25	7.71373e-07	1.19865e-07	0.999991
Cell_398	0.000517689	6.45377e-33	5.23131e-05	0.99943	3.24315e-07
Cell_399	4.22159e-11	5.75863e-37	4.26598e-12	6.62691e-13	1
Cell_400	4.4423e-10	2.22349e-29	4.489e-11	6.98329e-12	1
Cell_401	0.000442768	0.000514479	2.05772e-06	1.02037e-05	0.99903
Cell_402	8.35654e-13	9.70998e-13	8.4444e-14	1.32515e-14	1
Cell_403	8.7328e-09	2.0369e-29	5.08631e-05	0.999949	7.01448e-12
Cell_404	0.431719	0.50164	0.0436258	0.00924599	0.0137692
Cell_405	3.07503e-12	1	3.10736e-13	5.34938e-14	9.66661e-14
Cell_406	3.56339e-17	1	3.60085e-18	5.62369e-19	4.19935e-20
Cell_407	0.979353	6.20027e-21	0.0042868	0.0155721	0.000788304
Cell_408	0.598206	3.23377e-31	0.00289756	0.3985	0.000396716
Cell_409	1.21873e-06	1.61582e-28	1.23154e-07	1.93509e-08	0.999999
Cell_410	4.6074e-16	1	4.65584e-17	7.74255e-18	2.61452e-17
Cell_411	2.675e-07	3.10825e-07	1.14574e-09	0.999999	8.00787e-09
Cell_412	6.63522e-24	1	6.70498e-25	1.09789e-25	7.72592e-27
Cell_413	1.48965e-12	1.33452e-35	1.50532e-13	2.34081e-14	1
Cell_414	2.95957e-14	1	2.99069e-15	4.89702e-16	4.70532e-14
Cell_415	1.85579e-12	3.2636e-32	1.8753e-13	2.99813e-14	1
Cell_416	3.3755e-05	3.9222e-05	3.41099e-06	0.999922	1.12681e-06
Cell_417	0.565607	1.75462e-19	0.0571553	0.376784	0.000454046
Cell_418	1.76165e-15	1	1.78017e-16	2.76931e-17	2.80079e-15
Cell_419	0.000144006	2.60027e-32	1.4552e-05	2.35378e-06	0.999839
Cell_420	5.85653e-05	7.92688e-23	5.9181e-06	9.19941e-07	0.999935
Cell_421	0.428626	0.498047	0.0433133	0.00811911	0.0218946
Cell_422	0.598417	2.7849e-29	0.0025631	0.398641	0.000379749
Cell_423	0.347128	0.403349	0.00177108	0.231242	0.0165096
Cell_424	7.3523e-11	3.16477e-30	3.56127e-13	1.17784e-12	1
Cell_425	0.297878	4.3536e-20	0.030101	0.198434	0.473586
Cell_426	2.43747e-06	5.26638e-29	2.4631e-07	3.83709e-08	0.999997
Cell_427	0.889114	1.29947e-19	0.0898461	0.0202279	0.000812475
Cell_428	1.04805e-17	1	5.07651e-20	6.98171e-18	1.35999e-20
Cell_429	1.55802e-07	1.81035e-07	1.5744e-08	2.54834e-09	1
Cell_430	2.63259e-15	4.26221e-39	2.66027e-16	4.13843e-17	1
Cell_431	9.81977e-23	1	5.34988e-25	1.58144e-24	1.29516e-25
Cell_432	0.297878	1.89008e-26	0.030101	0.198434	0.473586
Cell_433	1.69433e-10	3.13341e-40	6.87146e-13	2.66349e-12	1
Cell_434	0.451549	0.524682	0.00181582	0.00766226	0.0142906
Cell_435	0.432691	0.50277	0.043724	0.00701549	0.0138002
Cell_436	0.890318	1.44144e-24	0.0899678	0.0190677	0.000646708
Cell_437	0.450217	0.523134	0.00245281	0.00727351	0.0169225
Cell_438	4.31717e-06	5.01639e-06	4.36256e-07	6.7814e-08	0.99999
Cell_439	1.51503e-16	3.63214e-45	1.53096e-17	2.38162e-18	1
Cell_440	5.77873e-07	6.71465e-07	5.83948e-08	9.63041e-09	0.999999
Cell_441	0.348982	0.405503	0.00169038	0.232477	0.0113477
Cell_442	3.44485e-07	5.03477e-26	1.6686e-09	5.58535e-09	1
Cell_443	1.00249e-18	1	1.01303e-19	1.6254e-20	1.00756e-21
Cell_444	6.31225e-05	8.93206e-22	3.22058e-07	0.999936	6.96939e-08
Cell_445	0.979482	1.29862e-22	0.00440357	0.0153913	0.000722646
Cell_446	0.369459	1.1505e-25	0.0373343	0.00581606	0.58739
Cell_447	3.07503e-12	1	3.10736e-13	4.85297e-14	9.66661e-14
Cell_448	1.37074e-05	2.41059e-25	1.38515e-06	0.999985	1.22227e-08
Cell_449	4.68909e-21	1	1.90168e-23	7.3816e-23	3.84247e-24
Cell_450	3.10399e-17	5.60479e-45	1.44255e-19	4.9726e-19	1
Cell_451	0.429275	0.4988	0.0433788	0.0108803	0.0176656
Cell_452	0.598262	1.05211e-20	0.00268968	0.398537	0.00051147
Cell_453	1.0825e-19	1	1.09388e-20	1.95014e-21	9.07724e-23
Cell_454	4.79256e-19	6.48678e-37	4.84295e-20	7.53091e-21	1
Cell_455	1.76364e-20	2.19864e-49	1.20856e-15	2.78554e-22	1
Cell_456	3.22315e-05	5.25689e-36	3.25703e-06	0.999964	1.98541e-08
Cell_457	0.59815	1.39517e-21	0.00289729	0.398463	0.000490153
Cell_458	0.000215255	1.36583e-29	2.17518e-05	3.52954e-06	0.999759
Cell_459	8.6233e-15	2.55067e-45	8.71396e-16	1.35558e-16	1
Cell_460	0.337879	0.392603	0.0341432	0.225081	0.0102934
Cell_461	0.000111428	3.76481e-26	4.39913e-07	0.999888	8.53372e-08
Cell_462	0.565633	2.99971e-23	0.0571579	0.376801	0.000408213
Cell_463	1.7031e-13	7.92589e-42	1.72101e-14	2.67843e-15	1
Cell_464	5.24323e-16	8.48889e-40	5.29836e-17	1.01066e-17	1
Cell_465	2.77613e-11	4.4946e-35	1.15117e-13	4.36799e-13	1
Cell_466	5.87623e-05	5.85156e-35	2.40733e-07	0.999941	3.6208e-08
Cell_467	0.221286	0.257126	0.0223613	0.147412	0.351815
Cell_468	6.15006e-13	1	2.63415e-15	1.01192e-14	2.24076e-14
Cell_469	0.448471	0.521106	0.00201624	0.00707771	0.0213295
Cell_470	0.451569	0.524706	0.00193413	0.00775056	0.0140401
Cell_471	0.369333	6.49512e-21	0.0373216	0.00615505	0.58719
Cell_472	1.04805e-17	1	1.05907e-18	1.71423e-19	1.19946e-20
Cell_473	0.000257485	3.8894e-29	0.999571	0.000171526	1.73845e-07
Cell_474	7.14068e-11	1.66554e-31	7.21575e-12	1.12207e-12	1
Cell_475	3.18814e-12	2.32719e-39	1.73692e-14	5.16914e-14	1
Cell_476	0.893841	2.61274e-26	0.0903239	0.0151368	0.000697838
Cell_477	0.429732	0.499331	0.043425	0.00876095	0.0187511
Cell_478	1.58262e-16	3.79417e-45	1.59925e-17	2.4836e-18	1
Cell_479	6.63613e-19	8.79831e-41	2.52696e-21	1.0432e-20	1
Cell_480	3.81013e-10	4.42722e-10	3.85019e-11	6.3497e-12	1
Cell_481	0.894249	5.66148e-21	0.0903651	0.0146266	0.000759138
Cell_482	0.598009	5.54327e-33	0.00325799	0.398369	0.000364514
Cell_483	0.893182	1.20893e-18	0.0902573	0.015538	0.00102232
Cell_484	0.000646998	8.82563e-30	6.538e-05	0.999287	4.30141e-07
Cell_485	5.4639e-13	8.15017e-40	2.45647e-15	8.62305e-15	1
Cell_486	5.55103e-07	3.52221e-32	5.60939e-08	0.999999	3.77086e-10
Cell_487	1.43239e-12	2.09349e-31	7.80376e-15	2.24852e-14	1
Cell_488	4.4803e-12	3.15748e-36	2.17074e-08	7.07075e-14	1
Cell_489	1.35745e-07	1.5773e-07	1.37172e-08	2.26223e-09	1
Cell_490	0.565531	7.65453e-19	0.0571477	0.376734	0.000587306
Cell_491	0.432959	0.503081	0.0437511	0.00704859	0.0131607
Cell_492	0.451573	0.52471	0.00187252	0.00716089	0.0146836
Cell_493	7.56016e-05	8.78461e-05	7.63964e-06	1.18897e-06	0.999828
Cell_494	0.598471	5.95959e-31	0.00248166	0.398677	0.000370148
Cell_495	2.95957e-14	1	1.20027e-16	4.76628e-16	8.91239e-16
Cell_496	1.49691e-16	2.18779e-35	1.51265e-17	4.02009e-18	1
Cell_497	0.43292	0.503036	0.0437471	0.00727505	0.0130226
Cell_498	0.337744	0.392446	0.0341295	0.224991	0.0106889
Cell_499	0.433118	0.503266	0.0437672	0.00689761	0.012951
Cell_500	0.978642	4.29097e-19	0.0047403	0.015519	0.00109831
Cell_501	1.76165e-15	1	1.78017e-16	4.73107e-17	5.4773e-17
Cell_502	5.13026e-16	8.30598e-40	5.1842e-17	8.06477e-18	1
Cell_503	0.432901	0.503014	0.0437452	0.00711877	0.0132209
Cell_504	1.25265e-08	1.32617e-29	1.26582e-09	1	3.80771e-10
Cell_505	5.13547e-16	1	5.18946e-17	9.25163e-18	4.7026e-19
Cell_506	0.00421464	0.00489725	2.04146e-05	0.984167	0.00670071
Cell_507	4.68909e-21	1	4.73839e-22	7.51193e-23	3.98184e-24
Cell_508	3.91184e-07	9.59409e-25	3.95296e-08	1	4.37893e-10
Cell_509	0.382979	3.43094e-24	0.0020865	0.00604888	0.608885
Cell_510	0.894648	1.30756e-19	0.0904054	0.0141303	0.000816113
Cell_511	1.24779e-08	1.44988e-08	6.36635e-11	2.04092e-10	1
Cell_512	1.32959e-09	1.88141e-26	1.34357e-10	2.16109e-11	1
Cell_513	0.894933	8.29562e-33	0.0904342	0.0140627	0.000570147
Cell_514	9.81977e-23	1	9.92301e-24	1.6148e-24	7.62987e-26
Cell_515	0.976247	1.38142e-17	0.00418139	0.0184922	0.0010793
Cell_516	0.00052253	0.00060716	5.28024e-05	0.998801	1.60526e-05
Cell_517	0.893754	2.192e-18	0.090315	0.015166	0.00076501
Cell_518	0.258276	0.300107	0.0260992	0.00489232	0.410625
Cell_519	3.53925e-17	4.11247e-17	3.57646e-18	5.5637e-19	1
Cell_520	0.894206	1.21978e-26	0.0903607	0.0140569	0.00137614
Cell_521	3.37565e-05	1.7902e-27	1.72229e-07	0.999966	2.57502e-08
Cell_522	1.34352e-15	2.00405e-42	6.04022e-18	2.11039e-17	1
Cell_523	0.451833	0.525012	0.00209984	0.00725631	0.0137991
Cell_524	3.21099e-15	4.38008e-41	3.24475e-16	5.20619e-17	1
Cell_525	9.21832e-16	3.94857e-51	9.31523e-17	1.44854e-17	1
Cell_526	4.3682e-15	2.1864e-34	1.87096e-17	6.92694e-17	1
Cell_527	2.50246e-22	1	2.52877e-23	3.98528e-24	1.86464e-25
Cell_528	1.66491e-13	2.3241e-38	1.68241e-14	2.62754e-15	1
Cell_529	0.59844	2.02195e-22	0.00237489	0.398656	0.00052924
Cell_530	1.27433e-13	2.06315e-37	1.32087e-09	2.00716e-15	1
Cell_531	0.431305	0.501159	0.0435839	0.0103933	0.0135584
Cell_532	7.63537e-15	3.55334e-43	4.1598e-17	1.20699e-16	1
Cell_533	1.51001e-07	2.13672e-24	1.52589e-08	2.44828e-09	1
Cell_534	0.894273	1.26543e-17	0.0903675	0.0144475	0.000911568
Cell_535	3.18973e-18	1	3.22327e-19	5.2453e-20	4.94107e-21
Cell_536	2.16498e-26	1	2.18774e-27	3.67371e-28	1.67026e-29
Cell_537	3.07503e-12	1	3.10736e-13	5.43541e-14	4.88888e-12
Cell_538	0.893006	1.30516e-19	0.0902395	0.0159268	0.000827263
Cell_539	0.438683	0.509732	0.0443295	0.00695648	0.000299638
Cell_540	0.451803	0.524978	0.00203122	0.00738984	0.0137982
Cell_541	0.00132655	1.87711e-20	0.000134049	2.0845e-05	0.998519
Cell_542	0.598297	3.79628e-26	0.00268983	0.398561	0.000452984
Cell_543	3.07582e-11	1.9473e-31	1.38283e-13	4.89839e-13	1
Cell_544	1.64933e-11	1	9.94264e-14	2.67417e-13	5.30766e-13
Cell_545	2.46556e-06	6.60061e-42	2.49149e-07	3.87432e-08	0.999997
Cell_546	0.979878	1.29914e-22	0.00397395	0.0154253	0.00072251
Cell_547	0.264815	0.307705	0.00144273	0.00501618	0.421021
Cell_548	0.565532	8.26546e-20	0.0571477	0.376734	0.000586583
Cell_549	0.893272	1.26401e-17	0.0902664	0.0153318	0.00112952
Cell_550	1.67914e-08	3.62794e-31	1.69679e-09	2.63961e-10	1
Cell_551	0.43311	0.503257	0.0437663	0.00690959	0.0129579
Cell_552	2.95957e-14	1	2.99069e-15	1.97155e-14	1.13863e-15
Cell_553	1.76165e-15	1	1.78017e-16	4.31705e-17	6.63602e-17
Cell_554	7.04321e-08	8.18394e-08	7.11726e-09	1.89152e-09	1
Cell_555	6.08017e-10	4.43823e-37	6.14409e-11	9.68295e-12	1
Cell_556	1.10479e-27	1	1.11641e-28	7.35968e-28	1.02199e-30
Cell_557	2.49132e-11	3.39838e-37	1.02063e-13	3.9148e-13	1
Cell_558	0.565591	3.58075e-21	0.0571538	0.376774	0.000481328
Cell_559	5.27901e-05	6.13401e-05	0.999883	1.03369e-06	1.59162e-06
Cell_560	0.431961	0.501921	0.0436502	0.00751447	0.0149532
Cell_561	8.43881e-05	3.18794e-28	3.45716e-07	1.64841e-06	0.999914
Cell_562	0.451108	0.52417	0.00182949	0.0075807	0.0153117
Cell_563	0.00176479	0.00205061	0.000178334	0.99595	5.62861e-05
Cell_564	1.72756e-21	1	9.41186e-24	2.76755e-23	1.39971e-24
Cell_565	0.565576	2.13658e-24	0.0571522	0.376763	0.000508556
Cell_566	8.37771e-07	9.73457e-07	0.999997	1.32216e-08	1.33194e-06
Cell_567	0.000495229	3.1423e-29	5.00435e-05	0.999454	3.33493e-07
Cell_568	0.451844	0.525025	0.00187365	0.00720847	0.0140487
Cell_569	1.74606e-15	1	1.76442e-16	2.87128e-17	2.00004e-18
Cell_570	1.38851e-06	1.6134e-06	6.7256e-09	2.18274e-08	0.999997
Cell_571	0.000746336	2.32409e-28	3.14039e-06	0.99925	5.11434e-07
Cell_572	0.431305	0.501159	0.0435839	0.00955489	0.0143978
Cell_573	2.24847e-05	2.61263e-05	9.32364e-08	0.999951	7.12107e-07
Cell_574	4.81403e-09	1.12286e-29	1.89213e-11	7.63393e-11	1
Cell_575	3.35238e-11	1.44375e-28	3.38763e-12	5.45769e-13	1
Cell_576	0.893521	4.73859e-23	0.0902915	0.0155438	0.000643908
Cell_577	0.893259	3.01806e-22	0.0902651	0.0157892	0.000686324
Cell_578	9.33658e-10	1.08487e-09	4.5224e-12	1	2.85934e-11
Cell_579	5.96076e-10	6.92616e-10	6.02342e-11	1.02308e-11	1
Cell_580	5.63692e-07	7.97644e-24	5.69619e-08	9.32707e-09	0.999999
Cell_581	2.04804e-16	2.89805e-33	2.06957e-17	3.21824e-18	1
Cell_582	0.0150115	0.959353	0.00151693	0.000252263	0.0238663
Cell_583	0.868969	1.17616e-18	0.0878104	0.0142131	0.0290078
Cell_584	0.894625	2.08668e-21	0.0904031	0.0140696	0.000902263
Cell_585	0.369462	1.59114e-18	0.0373347	0.00580794	0.587395
Cell_586	0.975223	1.31998e-18	0.00531308	0.0184729	0.000990593
Cell_587	1.64933e-11	1	1.66667e-12	1.09872e-11	6.46694e-13
Cell_588	0.3376	0.392278	0.034115	0.224895	0.0111112
Cell_589	0.258472	0.300334	0.0261189	0.00414072	0.410935
Cell_590	3.07503e-12	1	1.56891e-14	4.83603e-14	9.89564e-14
Cell_591	8.47826e-06	1.1997e-22	4.61902e-08	0.999991	1.05384e-08
Cell_592	0.431528	0.501419	0.0436065	0.00719154	0.0162554
Cell_593	0.258493	0.300358	0.026121	0.00405901	0.410969
Cell_594	3.70718e-20	1	1.79567e-22	5.8302e-22	3.28916e-23
Cell_595	3.85819e-14	2.04611e-36	3.89875e-15	6.06507e-16	1
Cell_596	0.258419	0.300273	0.0261136	0.00434264	0.410852
Cell_597	0.337716	0.392413	0.0341267	0.224973	0.0107711
Cell_598	2.95957e-14	1	2.99069e-15	1.97155e-14	1.21793e-15
Cell_599	0.565597	3.58078e-21	0.0571543	0.376777	0.000471849
Cell_600	4.36366e-12	5.0704e-12	1.74225e-14	6.85694e-14	1
Cell_601	3.24749e-19	1	1.39094e-21	5.31171e-21	1.04506e-20
Cell_602	0.432033	0.502005	0.0436575	0.0092426	0.013062
Cell_603	0.42891	0.498377	0.043342	0.0074614	0.0219091
Cell_604	1.7031e-13	1.97894e-13	6.97717e-16	2.77266e-15	1
Cell_605	0.349255	0.40582	0.00157019	0.232659	0.010696
Cell_606	1.31902e-14	4.45659e-36	1.33289e-15	2.1628e-16	1
Cell_607	0.258361	0.300205	0.0261077	0.00456677	0.410759
Cell_608	7.65918e-07	1.11942e-25	3.70991e-09	1.2031e-08	0.999999
Cell_609	0.890858	1.20579e-18	0.0900224	0.0181619	0.00095779
Cell_610	0.00197915	1.77303e-26	8.32774e-06	0.998011	1.46227e-06
Cell_611	0.449292	0.52206	0.00244777	0.00771147	0.0184894
Cell_612	3.45538e-05	4.88948e-22	3.49171e-06	5.43185e-07	0.999961
Cell_613	7.04661e-15	1	7.12069e-16	4.69416e-15	1.12032e-14
Cell_614	6.15006e-13	1	6.21472e-14	1.25381e-14	2.68354e-14
Cell_615	1.78127e-08	2.06977e-08	1.8e-09	2.86067e-10	1
Cell_616	0.000935138	0.00108659	9.4497e-05	1.60503e-05	0.997868
Cell_617	1.79686e-09	6.78802e-33	8.70355e-12	2.8319e-11	1
Cell_618	0.429957	0.499593	0.0434477	0.00685929	0.0201434
Cell_619	0.430985	0.500788	0.0435516	0.0115745	0.0131007
Cell_620	6.15006e-13	1	3.3506e-15	9.97149e-15	1.97913e-14
Cell_621	0.432716	0.502799	0.0437265	0.00683443	0.0139251
Cell_622	3.78648e-06	8.83184e-27	2.0629e-08	6.97848e-08	0.999996
Cell_623	1.1971e-14	4.52227e-38	1.20968e-15	1.94888e-16	1
Cell_624	3.69657e-17	1.87447e-48	3.73544e-18	5.80656e-19	1
Cell_625	0.265092	0.308026	0.00123198	0.00419054	0.42146
Cell_626	0.000105574	1.54301e-23	4.74643e-07	0.999894	1.00329e-07
Cell_627	0.000368675	2.41181e-33	3.72551e-05	0.999594	2.29909e-07
Cell_628	0.258279	0.30011	0.0260994	0.00488359	0.410628
Cell_629	0.978983	1.22045e-29	0.00499488	0.0154034	0.000618587
Cell_630	0.432664	0.502739	0.0437213	0.00779451	0.0130811
Cell_631	1.41367e-09	1.40774e-39	1.42854e-10	2.22944e-11	1
Cell_632	0.432882	0.502992	0.0437433	0.00716263	0.0132203
Cell_633	0.258454	0.300314	0.0261171	0.00420765	0.410907
Cell_634	0.432511	0.502561	0.0437058	0.00698747	0.014235
Cell_635	1.16143e-14	2.04249e-34	5.62566e-17	1.84963e-16	1
Cell_636	4.91219e-17	1	2.67619e-19	7.88884e-19	1.01995e-19
Cell_637	1.64933e-11	1	1.66667e-12	3.22957e-13	9.35935e-13
Cell_638	8.38884e-17	2.48132e-47	3.89862e-19	1.31872e-18	1
Cell_639	0.000125958	1.78235e-21	5.51341e-07	0.999673	0.000200257
Cell_640	1.57871e-05	5.96392e-29	1.59531e-06	0.999983	1.09614e-08
Cell_641	0.450401	0.523349	0.00245382	0.00721544	0.0165804
Cell_642	5.30424e-18	1	5.36001e-19	8.4016e-20	4.61174e-21
Cell_643	1.47049e-10	4.96835e-32	9.6951e-07	2.40518e-12	0.999999
Cell_644	4.06065e-07	1.37197e-28	4.10334e-08	6.38334e-09	1
Cell_645	0.978276	1.58385e-24	0.00473852	0.0163033	0.000682107
Cell_646	0.430487	0.500209	0.0435012	0.0105494	0.0152541
Cell_647	4.6074e-16	1	4.65584e-17	1.0207e-17	2.422e-17
Cell_648	0.221286	0.257126	0.0223613	0.147412	0.351815
Cell_649	1.00249e-18	1	4.38806e-21	1.72063e-20	1.14831e-21
Cell_650	0.451694	0.524851	0.00203074	0.00759055	0.0138332
Cell_651	5.28878e-19	1.63842e-56	2.12678e-21	8.31396e-21	1
Cell_652	6.50639e-22	1	2.75492e-18	1.04003e-23	2.02296e-23
Cell_653	1.72756e-21	1	1.74572e-22	2.90808e-23	1.4617e-24
Cell_654	1.24825e-07	1.45042e-07	1.26137e-08	2.17148e-09	1
Cell_655	3.51938e-05	3.50461e-35	3.55638e-06	0.999961	2.57607e-08
Cell_656	3.24749e-19	1	3.28164e-20	5.21538e-21	3.14956e-22
Cell_657	0.258472	0.300334	0.0261189	0.00414072	0.410935
Cell_658	2.228e-05	3.25631e-24	2.25143e-06	3.62136e-07	0.999975
Cell_659	1.30252e-20	1	5.40114e-23	2.18884e-22	1.14456e-23
Cell_660	1.10935e-17	3.42453e-50	1.12101e-18	1.74197e-19	1
Cell_661	1.40711e-15	4.75421e-37	6.02685e-18	2.27327e-17	1
Cell_662	0.894808	8.0162e-24	0.0904216	0.0141328	0.0006373
Cell_663	3.08779e-16	4.21201e-42	1.38821e-18	5.26366e-18	1
Cell_664	2.40275e-18	7.10706e-49	2.42801e-19	3.78452e-20	1
Cell_665	0.337838	0.392554	0.034139	0.225054	0.0104152
Cell_666	1.85343e-08	1.00192e-38	1.87291e-09	2.91484e-10	1
Cell_667	1.56297e-16	1	1.5794e-17	2.45699e-18	1.60678e-19
