cell	Node 0	Node 1	Node 2	Node 3	Node 4	Node 5
AACAACCTAATGGATATC	0.0103643	0.478274	0.000606215	0.000632373	0.000111517	0.510012
AACAACCTATGGAGAGTG	4.84059e-10	3.69407e-10	4.68225e-13	0.00123836	1.01655e-10	0.998762
AACACACTCGAGTTATAG	0.00987653	0.455767	0.000577699	0.000603876	0.0471633	0.486012
AACACACTCTAACCGTGA	2.35612e-06	0.998605	0.00126575	1.43758e-07	1.12512e-05	0.000115942
AACAGCAGTCTCGTTCAC	0.00987654	0.455767	0.000577699	0.000602903	0.0471634	0.486012
AACAGCAGTTCCACCGGT	0.00987654	0.455768	0.000577693	0.000602605	0.0471634	0.486012
AACAGCAGTTCGTACCTT	0.0103642	0.478273	0.000606244	0.000632647	0.000112012	0.510012
AACCGCTGACCGAATATG	0.0101926	0.470353	0.0171565	0.000621896	0.000109705	0.501566
AACCGTGAGAATCGTGTT	5.66044e-05	0.00261209	3.31099e-06	0.00123507	6.09635e-07	0.996092
AACCGTGAGATAATCGAG	3.43599e-08	0.997859	0.00126479	1.08523e-06	1.64079e-07	0.000874853
AACGAGGTGATAGTCAGT	1.71693e-08	0.961892	0.0350858	3.74206e-06	8.19886e-08	0.00301806
AACGAGGTGGACATATGT	0.0103643	0.478274	0.000606402	0.000632473	0.000111521	0.510012
AACGAGGTGGCCAATGAA	0.00972044	0.448564	0.0163618	0.000605369	0.0464179	0.478331
AACGAGGTGTGTATCGTG	9.46167e-07	0.00946325	0.00034518	1.58376e-09	0.990189	1.27693e-06
AACGATGACACAAGTACA	0.00972056	0.448569	0.016362	0.000593084	0.0464185	0.478336
AACGCATTGGCCTGCATC	0.00972055	0.448569	0.0163619	0.000593646	0.0464185	0.478336
AACGCATTGGTCAGTTGT	0.0103642	0.478273	0.000606474	0.000634487	0.000111525	0.510011
AACGCCTACCCAACGGAA	1.70714e-06	0.99873	0.00126596	2.07138e-09	3.58518e-07	1.67034e-06
AACGCTCAAAATGAGTCG	4.78393e-11	3.25103e-11	1.18584e-12	0.00123835	2.28447e-10	0.998762
AACGGTAGCAGAAGCTGC	0.0103429	0.477288	0.000604964	0.000631054	0.00217205	0.508961
AACGTCGAGACAGCATCA	2.74913e-07	0.998732	0.00126593	4.14935e-10	1.31279e-06	3.34654e-07
AACGTCGAGATCGTAGTG	0.0103429	0.477288	0.000604964	0.000631058	0.00217206	0.508961
AACGTCGAGGGTACGAGC	0.0103429	0.477288	0.000604965	0.00063107	0.00217208	0.508961
AACGTCGAGTCAAGGTCG	0.00987654	0.455768	0.000577696	0.000602603	0.0471634	0.486012
AACGTCGAGTCGACGTTG	0.0103642	0.478272	0.000606747	0.000633177	0.00011312	0.51001
AACGTTCTTGTACGTCTA	0.0103642	0.478273	0.000606335	0.000632594	0.000111664	0.510012
AACTAACTGTACCTCACT	0.0103641	0.478268	0.000606827	0.0006432	0.000112943	0.510005
AACTGCGACTACAGTTAG	8.39922e-07	0.171309	0.000217136	0.0285424	1.764e-07	0.799931
AACTTAGCTCCACGTTCT	0.0101611	0.4689	0.000594421	0.0178412	0.00248636	0.500017
AACTTCTGCACAGCGGTC	0.00987654	0.455768	0.000577688	0.000602603	0.0471634	0.486012
AACTTCTGCCGGTGTTAC	0.0103642	0.478273	0.000606453	0.000632525	0.000113228	0.510011
AAGACTACCCACGGAAGT	0.0103429	0.477288	0.000604965	0.000631055	0.00217206	0.508961
AAGACTACCGGTACGAGC	0.00971394	0.448264	0.000568185	0.017056	0.0463869	0.478011
AAGAGAGAGGGTGAGCGT	0.0103642	0.478273	0.000606237	0.000632564	0.000112573	0.510011
AAGAGAGAGTCACTCGCT	0.0103643	0.478274	0.000606219	0.000632405	0.000111517	0.510012
AAGCAATCGCTTCGTGCA	0.0103429	0.477288	0.000604965	0.000631054	0.00217205	0.508961
AAGCAGCATAGTGGAATG	0.00971394	0.448264	0.000568181	0.017056	0.0463869	0.478011
AAGCATTGCCAAGCTGCA	4.98984e-07	2.30264e-05	2.91862e-08	0.00123832	2.3828e-06	0.998736
AAGCCAAGTGCTCCTAGC	0.0103425	0.47727	0.00060532	0.000662739	0.00217763	0.508942
AAGCCACACGACTCAGTG	2.41561e-06	0.964793	0.0351916	2.14587e-09	1.15353e-05	1.73067e-06
AAGCCACACGCGAACTCG	0.0103424	0.477266	0.000608225	0.000655861	0.00219073	0.508937
AAGCCACACTGATGGACA	3.13389e-11	2.05535e-11	2.60516e-14	0.00123842	1.49652e-10	0.998762
AAGCTGAGGGGTGAGTTC	0.0103429	0.477288	0.000604965	0.000631381	0.00217207	0.508961
AAGGAACAGAACCGCTGA	0.00987654	0.455768	0.000577687	0.000602601	0.0471634	0.486012
AAGGAAGTCACATTCCAC	0.0103429	0.477288	0.000604967	0.000631064	0.00217211	0.508961
AAGGAAGTCAGGATCTCA	0.0103643	0.478274	0.000606454	0.000632408	0.000111573	0.510012
AAGGAAGTCCGCTTGTAG	2.53104e-12	1.16798e-10	0.999998	1.70001e-06	1.20864e-11	1.24549e-10
AAGGTCTGAAGTTAGGTC	0.0101608	0.468886	0.000620686	0.0178406	0.00249081	0.500001
AAGGTGCTGCCTAGAGTA	9.63204e-09	0.00135594	1.71878e-06	1.7928e-06	0.997195	0.00144592
AAGGTGCTGTACCGCGTT	0.0103626	0.478199	0.000606269	0.00078701	0.00011248	0.509932
AAGTCATGACTGGACTAA	0.0103429	0.477288	0.000604965	0.000631064	0.00217216	0.508961
AAGTCATGAGAGTCAAGG	6.47078e-08	0.998734	0.0012659	5.65673e-11	3.08999e-07	4.56229e-08
AAGTTCTCTTGCTCAGCG	0.00972056	0.448569	0.016362	0.000593095	0.0464185	0.478336
AAGTTGCCATGTATGTAG	2.92955e-05	0.997124	0.00126389	1.78744e-06	0.000139894	0.00144159
AATAACTCCCTGCAGAGC	2.57813e-07	2.94307e-07	3.73151e-10	0.00123854	6.37219e-08	0.998761
AATACCTTGGTTGATGCA	0.0188822	0.871347	0.00110444	2.29633e-05	0.0901681	0.0184752
AATACCTTGTATGCCTTC	0.0103392	0.477117	0.000604761	0.000630837	0.00252967	0.508779
AATACGTCTTAGACCTAC	0.00987654	0.455768	0.000577697	0.000602603	0.0471634	0.486012
AATACTCCGAGTCCGTGT	0.0103392	0.477116	0.00060485	0.000632375	0.0025296	0.508778
AATACTCCGCCTCCAATC	0.00956301	0.441299	0.0160968	0.016791	0.0456662	0.470584
AATACTCCGGATTGGAAG	4.77047e-07	0.998708	0.00126587	2.91063e-08	2.27804e-06	2.34749e-05
AATACTCCGTCGATTCAG	0.0103642	0.478272	0.000606242	0.000636025	0.000111638	0.51001
AATAGACGCTTACCTCTC	2.55709e-07	0.964806	0.0351921	2.26079e-10	1.22109e-06	1.82338e-07
AATATCAGCGCTGAGCAG	4.58926e-06	0.998482	0.00126558	2.80047e-07	2.19151e-05	0.000225832
AATATCGCTCGGTAGCTT	2.20981e-06	2.52262e-06	3.19751e-09	0.00123845	1.05525e-05	0.998746
AATCCTCGTCCTATTGGT	0.0103413	0.477213	0.000604932	0.000785387	0.0021748	0.508881
AATCGCCATCGGAATGCA	1.30358e-08	0.998734	0.00126591	6.27732e-10	6.22497e-08	1.75928e-08
AATCGTGTTCAATCAAGT	0.0103392	0.477117	0.000604761	0.000630833	0.00252968	0.508778
AATCGTGTTCCGCAGAAT	2.4697e-08	1.13968e-06	4.15708e-08	1.50692e-09	0.999998	1.21531e-06
AATCGTGTTTATGATGTG	0.00972056	0.448569	0.0163619	0.000593431	0.0464185	0.478336
AATCGTGTTTCAGTGTTC	0.00987654	0.455767	0.000577772	0.000602638	0.0471634	0.486012
AATCTGACCCAGCTAGTT	0.0103643	0.478274	0.000606214	0.000632361	0.000111514	0.510012
AATCTGACCCTCATGCCA	0.00987654	0.455768	0.000577689	0.000602605	0.0471634	0.486012
AATGAGTCGAGAAGTCCT	6.30225e-06	0.998388	0.00126546	3.84529e-07	3.00951e-05	0.000310126
AATGAGTCGATCGATCCT	0.0098765	0.455766	0.000578176	0.000606096	0.0471632	0.48601
AATGAGTCGCATCAATAG	0.00956301	0.441299	0.0160968	0.016791	0.0456662	0.470584
AATGAGTCGCCTGTCATT	4.02916e-07	0.0220041	2.78903e-05	0.00121107	8.4614e-08	0.976756
AATGAGTCGCGGTTGCGA	2.03904e-09	0.998734	0.0012659	1.7952e-12	2.19385e-11	1.44787e-09
AATGCACTTTACTCGCTG	0.0194821	0.0204033	2.58617e-05	0.00119021	0.000209871	0.958689
AATGCAGCGGAGATTCCT	0.00987654	0.455768	0.000577712	0.000602603	0.0471634	0.486012
AATGCCTCAGGACGAGCA	0.0103642	0.478273	0.000606286	0.000633004	0.000112805	0.510011
AATGCGTGCTAGAGACTA	0.0101844	0.469973	0.000640487	0.017882	0.000160029	0.50116
AATGCTGATGCACCATCG	0.0103642	0.47827	0.000606935	0.000637946	0.000111991	0.510008
AATTAGAGGAGACGGAGG	0.00987651	0.455766	0.000577698	0.000605875	0.0471632	0.486011
AATTCGGAAGCCGTGAAC	0.0098765	0.455766	0.000577719	0.000606886	0.0471632	0.48601
AATTCGGAAGCTGTTCGG	0.00971391	0.448263	0.000571699	0.0170559	0.0463867	0.478009
AATTCGGAATCTCGTATC	1.99147e-07	9.18992e-06	1.16484e-08	0.00123839	9.50984e-07	0.998751
AATTGGATCCCGCATCCT	5.76273e-09	4.30308e-09	5.4542e-12	0.00123835	2.75187e-08	0.998762
AATTGGTGAACAATAGGT	1.84307e-08	0.998733	0.0012659	1.12452e-09	1.98763e-10	9.06951e-07
ACAACCGGAGTATTACTG	4.25755e-12	0.998734	0.00126591	5.62996e-15	4.58207e-14	4.53828e-12
ACAAGAATGGCTTGGTTC	5.94926e-07	8.51748e-07	1.07959e-09	0.00123835	1.24937e-07	0.99876
ACAAGGTACAACCGCTGA	2.51033e-07	0.99872	0.00126588	4.4077e-07	1.19876e-06	1.2353e-05
ACAAGGTACGCGCTTCTC	3.11872e-08	2.86159e-08	3.62709e-11	0.00123835	1.48928e-07	0.998761
ACAAGGTACTCAGAGCGT	0.00987649	0.455765	0.000577696	0.000608347	0.0471631	0.486009
ACAAGTACACACTAGACT	2.39577e-07	1.10556e-05	4.03263e-07	0.999937	3.92911e-05	1.17893e-05
ACAAGTACAGCGCTTCTC	9.63984e-05	0.964145	0.035168	1.61491e-07	0.000460331	0.000130097
ACAATAGGTCGCTTCACG	2.03931e-09	0.998734	0.00126594	5.68717e-11	9.73829e-09	1.59389e-09
ACAATAGGTTAGTTGACG	3.95618e-08	7.50597e-08	9.51391e-11	9.92438e-11	1	8.00407e-08
ACAATTCGGTCGGACAGT	7.23492e-06	0.998336	0.0012654	4.41429e-07	3.45488e-05	0.000356021
ACACACCGTGGTTCAGAC	7.49055e-09	4.90193e-09	6.21321e-12	0.00123835	8.05928e-11	0.998762
ACACACCGTGTTAGATTG	1.82303e-05	2.08109e-05	7.59095e-07	0.00123833	1.96149e-07	0.998722
ACACACGTCATTAAGACC	0.0103642	0.478273	0.000606263	0.000633519	0.000112023	0.510011
ACACACGTCTATAGTGCG	0.0103429	0.477288	0.00060497	0.000631412	0.00217213	0.508961
ACACAGAACCATCGCTGG	0.000106351	0.00490773	6.22058e-06	6.48883e-06	0.98974	0.00523341
ACACAGAACTGGTAACCA	0.0103643	0.478274	0.000606222	0.00063237	0.000111551	0.510012
ACACCACATCAGTACATC	0.00987654	0.455767	0.000577688	0.00060299	0.0471634	0.486012
ACACCACATGCCGAGTCT	0.0103643	0.478274	0.000606218	0.000632376	0.000111745	0.510012
ACACCACATTCCAACGTG	0.0103642	0.47827	0.000607433	0.000637183	0.000113259	0.510008
ACACCGCCATGATCGGAA	0.00987654	0.455768	0.000577692	0.000602602	0.0471634	0.486012
ACACTAACGAGCATTGTT	6.3625e-09	2.93607e-07	3.72149e-10	0.00123835	6.84559e-11	0.998761
ACAGAAGAGTTGTAATGC	6.31281e-11	4.35367e-11	1.58804e-12	0.00123835	3.01455e-10	0.998762
ACAGCATCACCTCTTGTA	6.03364e-05	0.995692	0.00126214	3.68134e-06	1.26962e-05	0.00296908
ACAGCATCACGGTGTTAC	0.00987654	0.455768	0.000577688	0.000602604	0.0471634	0.486012
ACAGCATCAGACTCAGTG	0.0103428	0.477284	0.000613641	0.000631443	0.00217207	0.508956
ACAGCGTATAATACGTCT	0.0195128	0.0143018	1.81276e-05	0.00119054	0.00477455	0.960202
ACAGCGTATGATTAGACA	6.56648e-06	8.12103e-06	1.02935e-08	0.0012383	3.13568e-05	0.998716
ACAGGAACTCGAATCCTG	0.0103643	0.478274	0.000606225	0.000632588	0.000111714	0.510012
ACAGGAACTTGGTCGCTA	2.92994e-05	0.997257	0.00126403	1.78766e-06	6.15303e-06	0.00144179
ACAGGTATCCACGATAGA	1.0858e-05	0.000501057	6.35098e-07	0.00123824	1.1687e-07	0.998249
ACAGGTATCGTGGACTGG	9.42325e-07	0.964758	0.0351904	5.74954e-08	4.49988e-06	4.63706e-05
ACAGTATTGGAAGTGTGA	0.00987654	0.455768	0.000577689	0.000602606	0.0471634	0.486012
ACATGACTAAGAGCGCGA	5.67482e-05	8.12456e-05	1.02979e-07	0.00123819	6.11779e-07	0.998623
ACATGACTAATCCATTAG	0.0103643	0.478274	0.000606216	0.000632372	0.000111518	0.510012
ACATGACTAATTGATTGG	4.59106e-07	2.11861e-05	2.68641e-08	2.80189e-08	0.999956	2.2592e-05
ACATGGATTAGCGTAGAA	1.56624e-05	1.19527e-05	1.51501e-08	0.00123833	3.83218e-06	0.99873
ACATTCCACACCTCCTAG	2.65574e-07	0.964806	0.0351921	4.00842e-10	1.2682e-06	3.23286e-07
ACATTCCACCGGATTCTC	0.00971394	0.448264	0.000568183	0.017056	0.0463869	0.478011
ACATTCCACGATCGCACT	4.66889e-12	0.998733	0.00126724	5.19192e-15	2.22953e-11	4.16325e-12
ACCACGGATACCGTCCTA	0.0103429	0.477288	0.000604982	0.000631066	0.0021725	0.508961
ACCAGCGTTATCACTTCC	4.73018e-08	0.998732	0.00126594	8.30536e-08	9.93382e-09	2.32766e-06
ACCATACTTCATCCGACA	0.0101719	0.469399	0.0171217	0.000622835	0.00213644	0.500548
ACCATTCACGACATATGT	0.0101646	0.469061	0.000594818	0.0178473	0.0021436	0.500188
ACCATTCACTAACACGAG	9.93109e-05	0.993274	0.00125899	6.05931e-06	0.000474238	0.00488696
ACCGACGGTCCATCACGA	0.0103391	0.477111	0.000604747	0.00063087	0.00254214	0.508772
ACCGACGGTTCGCTGATT	2.50028e-06	0.998609	0.00126574	1.52551e-07	2.69404e-08	0.000123036
ACCGAGACAACACCACAT	3.439e-08	0.998734	0.0012659	3.66895e-11	1.64222e-07	2.95904e-08
ACCGAGACACCAACGGAA	0.00987654	0.455768	0.000577699	0.00060261	0.0471634	0.486012
ACCGAGACACGCACTGAA	4.17979e-06	0.998504	0.00126564	2.55025e-07	1.99597e-05	0.000205682
ACCGAGACACTGAGTAGC	2.03554e-06	0.99873	0.00126589	6.0637e-08	4.27484e-07	1.69941e-06
ACCGAGTAGCTGATCAAG	0.0103429	0.477288	0.000604965	0.000631058	0.00217208	0.508961
ACCGAGTAGGAGCATACA	0.010363	0.478217	0.000607159	0.000721054	0.000141315	0.509951
ACCGAGTAGGAGGTGAGC	0.0103642	0.478273	0.000606285	0.000632559	0.000111909	0.510012
ACCGAGTAGTCCAGCTAT	0.00972056	0.448569	0.016362	0.000593088	0.0464185	0.478336
ACCGATCGAACGACATCT	3.21383e-08	2.3998e-08	3.04197e-11	0.00123836	3.45859e-10	0.998762
ACCGATCGAATCAAGCAT	5.60115e-07	2.58473e-05	3.27639e-08	3.41997e-08	0.999946	2.75626e-05
ACCGATCGACGTATTCCT	0.0103642	0.478272	0.00060738	0.000633212	0.000112376	0.51001
ACCGCTGTGGAGTTATAG	0.0103642	0.478273	0.000606693	0.000633249	0.000111694	0.510011
ACCGCTGTGGCTTACTAG	3.21262e-08	0.964808	0.0351922	3.89746e-11	7.86155e-09	3.14336e-08
ACCGCTGTGGGTCCTAAG	3.91535e-05	0.0018068	2.29013e-06	0.00123605	9.58173e-06	0.996906
ACCGGAAGGACCATACTT	5.60418e-08	8.02343e-08	1.01703e-10	0.00123883	6.03523e-10	0.998761
ACCGGAAGGATAATGTGG	2.74909e-07	0.998719	0.00126588	4.82692e-07	1.31277e-06	1.35279e-05
ACCGGAAGGCATCCACCG	0.0103428	0.477282	0.0006063	0.000633058	0.00218245	0.508954
ACCGGAAGGTCTATGACA	6.86446e-06	5.53887e-06	7.02059e-09	0.0012383	3.27798e-05	0.998717
ACCGGAGTAAATGCCTCA	0.0103429	0.477288	0.000604969	0.000631072	0.00217215	0.508961
ACCGGAGTAACCGACGGT	3.439e-08	0.998732	0.00126595	6.03827e-08	3.701e-10	1.69229e-06
ACCGGAGTATGTCTACAC	1.39574e-06	6.44083e-05	8.16391e-08	0.00123881	6.66504e-06	0.998689
ACCGGTTACGTGTCCGTG	0.00224949	0.00196246	2.48746e-06	0.000137299	0.884954	0.110694
ACCGGTTACTAATGTAGC	0.000239402	0.985573	0.00124928	1.46073e-05	0.00114321	0.0117807
ACCGTACGCAAGCCAAGT	1.22765e-10	0.998734	0.0012659	1.17084e-13	5.86237e-10	9.44314e-11
ACCGTACGCCCGGTTGAG	0.00987654	0.455768	0.000577696	0.000602612	0.0471634	0.486012
ACCGTACGCCCTAAGAAG	0.00987654	0.455768	0.000577692	0.0006026	0.0471634	0.486012
ACCGTACGCGAAGTGTGA	6.06954e-08	5.29509e-08	6.71183e-11	0.00123843	6.53211e-10	0.998761
ACCGTACGCGCCGTCTTC	6.06816e-10	0.998734	0.00126591	5.4902e-13	6.53176e-12	4.42778e-10
ACCGTCACGGGTCGGATA	0.0103429	0.477288	0.000604965	0.000631063	0.00217206	0.508961
ACCTAGCACAACGAGAAT	1.63456e-08	7.54291e-07	9.56076e-10	0.00119235	0.0372324	0.961574
ACCTAGCACTCATGCAGG	0.00972056	0.448569	0.016362	0.000593086	0.0464185	0.478336
ACCTAGTTAAGTTAGGTC	0.00987638	0.45576	0.000580624	0.000616376	0.0471626	0.486004
ACCTAGTTAGAATAAGAG	0.00987654	0.455767	0.000577698	0.000602798	0.0471634	0.486012
ACCTCCTAGTAGTTGACG	0.0103429	0.477288	0.000605167	0.000631066	0.00217291	0.50896
ACCTCCTAGTCACACTGC	0.0103642	0.478272	0.00060659	0.000635581	0.000112181	0.51001
ACCTGCAGACTGTGCTCA	4.83752e-06	0.99849	0.0012656	2.95232e-07	1.18388e-06	0.000238048
ACCTGCAGAGTATCGTCG	5.3758e-06	0.000248074	0.99948	3.5266e-07	1.48845e-06	0.000264536
ACCTGCAGATACTTCCAG	8.12616e-13	2.34463e-07	1	4.95819e-14	3.88048e-12	3.99878e-11
ACCTGTACCCACAGCGAA	3.62258e-07	0.998732	0.00126592	3.75e-10	1.72989e-06	3.02439e-07
ACCTGTACCCGCACTCTT	0.00987654	0.455768	0.000577706	0.000602637	0.0471634	0.486012
ACGAATCGCAATATCAGC	1.25731e-11	0.998734	0.0012659	1.0838e-14	6.00402e-11	8.74106e-12
ACGAATCGCGGTTAACAG	1.35072e-06	0.998664	0.00126583	2.37163e-06	3.30463e-07	6.64674e-05
ACGACAGTCCATCCTCTC	7.0687e-06	0.964432	0.0351785	4.31289e-07	3.37551e-05	0.000347842
ACGACATCTCAACGATCG	0.0101684	0.469234	0.0171157	0.000620416	0.00248835	0.500373
ACGACGATTTGATGACAG	1.8381e-07	0.998724	0.00126589	1.12149e-08	8.77748e-07	9.04507e-06
ACGAGCTTCTAGGTCAAC	0.00972056	0.448569	0.016362	0.000593091	0.0464185	0.478336
ACGAGCTTCTCCTGTCCG	3.19182e-05	0.998514	0.00126563	4.41984e-08	0.000152419	3.56457e-05
ACGATGACCATCTCGAAC	4.72975e-05	0.00218261	2.76649e-06	0.00123565	5.15648e-07	0.996531
ACGATGGAACCTGTTAGC	0.0103643	0.478274	0.000606235	0.000632415	0.000111547	0.510012
ACGCAAGATGTCTGACGT	0.0101647	0.469066	0.000594543	0.0178475	0.00213466	0.500193
ACGCGTGACCTTAAGTTG	2.81631e-07	4.81657e-07	6.10506e-10	0.00123836	1.34487e-06	0.99876
ACGCGTGACTGTGTCTAC	6.04834e-08	6.33434e-08	8.02892e-11	0.00123841	2.88826e-07	0.998761
ACGCTATGTACGTACTGC	0.0103428	0.477285	0.000604987	0.000637072	0.00217218	0.508958
ACGCTATGTTCGGTATCA	0.0103642	0.478272	0.000606395	0.000633328	0.000113927	0.51001
ACGCTCTTACGTATAGCG	2.98969e-05	0.00137964	1.74878e-06	0.00124014	3.24097e-07	0.997348
ACGTACTGCCCTCTCTAG	6.04833e-08	2.79109e-06	3.53788e-09	0.00123839	6.52239e-10	0.998759
ACGTACTGCTAGTACGTA	6.06816e-10	0.998734	0.00126592	5.49052e-13	6.52917e-12	4.42778e-10
ACGTAGTATCCTACTAGA	0.0103643	0.478274	0.000606214	0.000632367	0.000111513	0.510012
ACGTATGTCCATGGTCGA	3.2254e-06	0.964788	0.0351915	2.76792e-09	1.54022e-05	2.2324e-06
ACGTCGCTCCGTACACAC	0.00972056	0.448569	0.016362	0.000593085	0.0464185	0.478336
ACGTCGCTCCGTGTCCGA	1.12362e-07	9.39579e-08	1.19094e-10	0.00123837	5.3656e-07	0.998761
ACGTCGCTCGGACACTGG	4.39321e-07	0.998733	0.0012659	1.45829e-08	9.22594e-08	4.08699e-07
ACGTCTATGCAAGTCGAA	0.0103429	0.477288	0.000604967	0.000631072	0.00217209	0.508961
ACGTCTATGCCGTACGGA	0.0103643	0.478274	0.000606341	0.000632372	0.000111625	0.510012
ACGTCTATGCGGTTCTAT	0.0101647	0.469066	0.000594545	0.0178475	0.00213463	0.500193
ACGTGAATCGCAGCTTGA	0.0101926	0.470353	0.0171565	0.000621973	0.000109973	0.501566
ACGTGTAGTATAGCACGG	1.90875e-06	8.80823e-05	1.11647e-07	0.00123825	2.05381e-08	0.998672
ACGTGTAGTCCAGATCAC	0.0101853	0.470018	0.000595762	0.0178837	0.000109648	0.501208
ACGTGTAGTCCTGTCATT	0.00987654	0.455767	0.000577701	0.000602833	0.0471634	0.486012
ACGTGTAGTGAGTGTGCC	0.0101602	0.468858	0.000633138	0.0178395	0.00253815	0.499971
ACTAACCGAGCCGCTATC	1.6505e-11	7.61645e-10	9.6541e-13	1	7.8816e-11	8.12188e-10
ACTAACCGAGCGGAGATT	0.0207101	0.9557	0.00121136	2.14382e-05	0.00506723	0.0172903
ACTAAGTTCGAACAACCA	6.84626e-09	7.16999e-09	9.08865e-12	0.00123872	1.7181e-09	0.998761
ACTATCCTGACAGCGTAT	0.0101637	0.469021	0.000595807	0.0178457	0.00222894	0.500145
ACTATCCTGCACAGCGAA	0.00987654	0.455768	0.000577705	0.000602611	0.0471634	0.486012
ACTATCCTGCACCTAGCG	0.0103429	0.477288	0.000605046	0.00063117	0.0021726	0.508961
ACTATTGTCGACGTAGCA	5.05302e-05	0.99839	0.00126547	6.51074e-08	0.000241297	5.25102e-05
ACTCACGAAGCGATATGA	0.00987654	0.455768	0.000577714	0.00060261	0.0471634	0.486012
ACTCACGAAGTCAACTGA	0.0103391	0.477115	0.000604863	0.000631195	0.00253379	0.508776
ACTCATTCAAGTCAGTTG	1.99149e-07	1.60691e-07	2.03676e-10	0.00123835	9.50993e-07	0.99876
ACTCATTCAATGAGCAGG	1.39574e-06	6.44083e-05	8.16379e-08	0.00123827	6.66505e-06	0.998689
ACTCATTCACACCTTCCT	1.05549e-05	0.998713	0.00126588	1.00665e-08	2.2166e-06	8.11888e-06
ACTCATTCACGACCACTT	0.00956301	0.441299	0.0160968	0.016791	0.0456662	0.470584
ACTCCAACTCATAGTATG	1.45838e-05	0.964705	0.0351884	2.75835e-08	6.9642e-05	2.22437e-05
ACTCCGTCGTACTTCCAG	1.11843e-05	0.964263	0.0351723	6.82478e-07	2.75337e-06	0.000550365
ACTCCTGAGGGTAAGTGA	0.0103391	0.477115	0.00060747	0.000631382	0.00253083	0.508776
ACTCGAGTCGATTCCTCT	0.00987654	0.455768	0.000577693	0.000602646	0.0471634	0.486012
ACTCGAGTCTCACACTGC	1.24932e-07	1.58112e-07	2.00415e-10	0.00123836	5.96585e-07	0.998761
ACTCGCTGTGCGGACGAA	6.06911e-08	5.29472e-08	6.7127e-11	0.00130906	1.27519e-08	0.998691
ACTCGCTGTTTCGTGATG	0.0103425	0.477272	0.00060803	0.000633282	0.00220084	0.508944
ACTCGTCTAATCACTTCC	0.00987654	0.455768	0.000577686	0.000602602	0.0471634	0.486012
ACTCTAGGACAGGTATCG	0.00987654	0.455768	0.00057769	0.000602604	0.0471634	0.486012
ACTCTAGGACTTATCTCA	4.02737e-12	1.85849e-10	1	7.07136e-12	9.86002e-13	1.98182e-10
ACTCTCACATGCACGATG	0.00987654	0.455768	0.000577689	0.0006026	0.0471634	0.486012
ACTGCTAGTCCATAGCCA	0.0103642	0.478273	0.000606324	0.000632841	0.000111549	0.510012
ACTGCTAGTCGTTGATCC	2.5781e-07	1.1897e-05	1.50795e-08	0.00123834	6.30763e-08	0.998749
ACTGGACCACACGCGTAA	9.55772e-07	0.998682	0.00126583	5.83148e-08	4.56409e-06	4.70324e-05
ACTGGTCAGAATGCGTGC	0.010172	0.4694	0.0171218	0.000620637	0.00213615	0.500549
ACTGGTCAGATGCTTCAG	2.69045e-06	0.000124155	1.57367e-07	0.00123819	1.28477e-05	0.998622
ACTGGTCAGTACCTATCC	0.0103429	0.477288	0.000605818	0.000631075	0.00217213	0.50896
ACTGTGTCAATAAGACAG	5.94925e-07	8.51746e-07	3.10682e-08	0.0012384	2.84094e-06	0.998757
ACTTCAGTATTGGTAACT	0.00972056	0.448569	0.016362	0.000593179	0.0464185	0.478336
ACTTCGCAGTAAGCACTA	0.00987654	0.455767	0.000577754	0.000602673	0.0471634	0.486012
ACTTCTAACTGAACCAAT	6.99162e-06	0.964764	0.0351906	6.77618e-09	3.3387e-05	5.46452e-06
ACTTGATCTCCACGCCAT	0.0101853	0.470018	0.000595809	0.0178837	0.000109754	0.501208
AGAAGAGTCACCGACGGT	1.69777e-08	1.41969e-08	5.17845e-10	0.00123852	3.56539e-09	0.998761
AGAAGAGTCCACAATAAC	0.0101647	0.469064	0.000594649	0.0178474	0.00213848	0.500191
AGAAGCTGCGATACCGGA	3.28422e-07	1.51555e-05	1.92467e-08	0.0344513	6.89738e-08	0.965533
AGAAGTCCTCATTCAGTT	8.28681e-08	5.7666e-08	7.30928e-11	0.00123839	3.9572e-07	0.998761
AGAATCAGAATTGCGCTA	3.91989e-06	0.000180889	2.29288e-07	0.00123814	1.87186e-05	0.998558
AGAATCAGAGCAATCACG	0.00987575	0.455731	0.000646264	0.000613901	0.0471596	0.485973
AGACATCCAAATCAGGAG	0.0103643	0.478274	0.00060623	0.00063237	0.000111538	0.510012
AGACCACGCAAGCATTGC	0.0207866	0.959227	0.00121583	1.78383e-05	0.00436526	0.014387
AGACGCCTGAGCACCGTG	0.0103642	0.478271	0.000606271	0.000636025	0.000112443	0.51001
AGACGCCTGCACAGCGAA	7.09426e-06	0.998686	0.00126584	9.14094e-09	3.38772e-05	7.37224e-06
AGACGCCTGGCCTTGTGA	0.00972056	0.448569	0.016362	0.00059312	0.0464185	0.478336
AGACGCCTGGTCGTCGAC	0.00956301	0.441299	0.0160968	0.016791	0.0456662	0.470584
AGACGCTATCAGGATCAA	0.00987654	0.455767	0.000577725	0.000602657	0.0471634	0.486012
AGACGCTATCCGATGTTC	0.0103642	0.478273	0.00060625	0.000633178	0.000111726	0.510011
AGACGCTATGAACAACCA	0.0103392	0.477116	0.00060478	0.000630973	0.00253071	0.508778
AGACGGAGGATATGTCCA	2.09355e-07	1.38422e-07	1.75451e-10	0.00123878	9.99731e-07	0.99876
AGACGGAGGGTCCTAGTT	0.0103643	0.478274	0.000606213	0.000632358	0.000111532	0.510012
AGACTAGTACTATGGATG	0.010342	0.477246	0.000606949	0.00070596	0.00218382	0.508916
AGAGAGTGGTATCTAGGT	0.0103429	0.477288	0.000604991	0.000631175	0.0021724	0.508961
AGAGCGCGAACAGCGGTC	9.84472e-06	0.998665	0.00126581	1.51301e-08	4.70114e-05	1.22027e-05
AGAGCGCGAACTGACTAC	0.0103609	0.47812	0.000607133	0.000931893	0.000131813	0.509848
AGAGGACGTTGGACTGCC	0.0103643	0.478274	0.000606216	0.000632379	0.000111808	0.510012
AGATACGTTTCTACATCC	7.07136e-06	0.964795	0.0351917	7.54818e-09	7.61054e-08	6.08445e-06
AGATATGGAAAGCCAAGT	0.010339	0.47711	0.000605	0.000630942	0.00254413	0.508771
AGATCGAGTAATTCGGAA	2.12646e-09	9.81285e-08	0.0354154	4.60629e-08	0.964547	3.71425e-05
AGATCGAGTATCTTACAG	0.0103624	0.478188	0.000625102	0.000786992	0.000116817	0.509921
AGATCGAGTGGAGTACAG	0.0103642	0.478272	0.000606746	0.000634074	0.00011247	0.51001
AGATCTTCACATCCAGGA	0.0103643	0.478274	0.000606226	0.000632361	0.00011152	0.510012
AGATCTTCACTCTGCAAG	0.0103643	0.478274	0.000606216	0.00063236	0.00011152	0.510012
AGATGAGATAAGGAACAG	0.00956301	0.441299	0.0160968	0.016791	0.0456662	0.470584
AGATGAGATTAGCCAGTG	0.020787	0.959244	0.00121584	1.78166e-05	0.00436534	0.0143696
AGATGTTGGGATGCTCCT	1.94195e-05	0.997666	0.00126461	1.18493e-06	9.2734e-05	0.000955611
AGCAACATTCTCAGGTAC	0.00956301	0.441299	0.0160968	0.016791	0.0456662	0.470584
AGCAACATTGTCGTTAGA	0.0103643	0.478274	0.000606217	0.000632416	0.000111583	0.510012
AGCACACCTCTTAATCGT	0.00987654	0.455768	0.000577689	0.000602602	0.0471634	0.486012
AGCACACCTGCCATCGCT	3.00491e-08	0.0406189	5.14858e-05	0.00118812	3.51908e-10	0.958141
AGCACCAGCACTCCGGTT	5.82569e-07	0.99873	0.0012659	5.31213e-10	2.78194e-06	4.28434e-07
AGCACCGTGATTGATTGG	0.0103429	0.477288	0.000604964	0.000631054	0.00217207	0.508961
AGCAGACAACCGGATTGC	2.03931e-09	0.998734	0.0012659	1.24425e-10	9.73829e-09	1.00352e-07
AGCATTCCAGAATCGAGA	1.82709e-05	0.997812	0.00126474	1.11478e-06	4.47115e-06	0.000899087
AGCATTGTTGAGATGTAT	1.32465e-08	6.1128e-07	7.74799e-10	8.0828e-10	0.999999	6.51844e-07
AGCATTGTTTTCGTGATG	0.00987654	0.455768	0.000577688	0.000602601	0.0471634	0.486012
AGCCACTTCACGAGCTTC	1.06336e-07	0.998729	0.00126594	6.48962e-09	2.60158e-08	5.23264e-06
AGCCACTTCATTCACCTC	1.16945e-07	5.39661e-06	7.9572e-09	0.0344516	5.58448e-07	0.965542
AGCCAGGACACGTACTGC	0.0103428	0.477286	0.000604995	0.000635241	0.00217281	0.508958
AGCCAGGACCTCTGTCAA	0.00972056	0.448569	0.016362	0.000593146	0.0464185	0.478336
AGCCGGATCTAGCAGAGT	0.0103643	0.478274	0.000606252	0.000632373	0.000111559	0.510012
AGCCGGATCTGCGTCTTA	4.25751e-12	0.998726	0.00126591	3.80232e-15	7.79117e-06	3.06666e-12
AGCCGTTCTACCGACGGT	2.32229e-10	1.65229e-10	2.09428e-13	0.00123836	4.87699e-11	0.998762
AGCCGTTCTCTCGTCTTG	0.010172	0.4694	0.0171218	0.000620628	0.0021362	0.500549
AGCCGTTCTGGATTACGC	5.05424e-05	0.998631	0.00126577	6.51248e-08	5.43813e-07	5.25229e-05
AGCCGTTCTTTGGACTTC	9.65054e-09	0.0498605	6.31987e-05	0.00117657	2.02763e-09	0.9489
AGCCTCTAGACTGGACCA	0.0103429	0.477288	0.000605025	0.000631077	0.00217232	0.508961
AGCGCATGACGTGAGACT	1.15767e-05	0.998098	0.0012651	7.06498e-07	5.52823e-05	0.000569677
AGCGGAACAAGCATTCCA	0.0103375	0.47704	0.000606062	0.000867272	0.00245228	0.508697
AGCGGTAAGAGTGATGCG	0.0101647	0.469065	0.000594685	0.0178474	0.00213706	0.500192
AGCGGTAAGGGTAAGTGA	0.0103429	0.477288	0.000604981	0.000631069	0.00217214	0.508961
AGCGGTAAGGTATTACTG	8.83128e-07	8.60622e-07	1.09087e-09	5.3883e-08	0.999955	4.34576e-05
AGCGGTCTAGTGCCATGA	6.30415e-06	0.998688	0.0012659	1.19377e-08	3.01041e-05	9.6245e-06
AGCGGTCTATGCCACCGA	0.00987654	0.455767	0.000577691	0.000602702	0.0471634	0.486012
AGCGTAGAAATGCGGATT	5.1418e-10	0.998734	0.0012659	3.13726e-11	2.45536e-09	2.53022e-08
AGCGTAGAACAATCATAC	2.61459e-05	0.00120654	4.40096e-05	1.59539e-06	0.997435	0.00128661
AGCGTCGTCAACACACTC	0.00987654	0.455768	0.000577689	0.000602607	0.0471634	0.486012
AGCGTCGTCAGTACGAAT	9.1479e-07	4.22143e-05	5.35083e-08	0.00123835	9.84461e-09	0.998718
AGCGTCGTCCACCAAGAT	1.51329e-11	1.06397e-11	1.34859e-14	0.00123835	3.17799e-12	0.998762
AGCGTCGTCCGAAGAGGT	1.26088e-06	0.998731	0.00126595	2.10992e-09	1.35669e-08	1.70166e-06
AGCTACTCATGTCGTGAG	3.51969e-13	2.39189e-13	3.03172e-16	0.00123835	3.78736e-15	0.998762
AGCTATATGGTCTGACGT	0.010339	0.477107	0.000605798	0.000632217	0.00254796	0.508768
AGCTCGTCTACAAGGTAC	0.00971394	0.448264	0.000568238	0.017056	0.0463869	0.478011
AGCTCGTCTTCTCCGCGT	0.00987654	0.455768	0.000577761	0.000602604	0.0471634	0.486012
AGCTGCACTACCATCTAA	0.00971133	0.448143	0.000837353	0.0170514	0.0463744	0.477882
AGCTGCACTCCGATCAGC	0.00987654	0.455768	0.000577696	0.000602679	0.0471634	0.486012
AGCTTCGATCACCTACGC	0.0103429	0.477288	0.000604979	0.000631065	0.00217211	0.508961
AGGAATTGGCCGTTAGAC	0.00956301	0.441299	0.0160968	0.016791	0.0456662	0.470584
AGGAATTGGCCTATTGGT	1.05111e-09	0.998734	0.0012659	2.63678e-12	5.01936e-09	2.12659e-09
AGGAGCAATCATGGTCGA	0.0101926	0.470353	0.0171565	0.000622287	0.000109941	0.501566
AGGATCTCAGATATATCC	1.15773e-05	0.99815	0.00126535	7.08396e-07	2.43321e-06	0.000569707
AGGATCTCATGCTGCGTC	1.01541e-09	0.964808	0.0351922	2.88492e-11	2.13239e-10	8.08527e-10
AGGATTGAGGAATCACAT	0.00987654	0.455767	0.000577708	0.000602774	0.0471634	0.486012
AGGTACCAAATAATCGAG	1.91245e-09	1.40172e-09	5.1129e-11	0.00123835	4.01624e-10	0.998762
AGGTACCAAATCGGTGGT	1.05123e-05	0.000485106	6.14873e-07	0.00123773	2.20762e-06	0.998264
AGGTCACGTCCATATCTT	2.51906e-06	0.000116246	4.24016e-06	2.78541e-09	0.999875	2.24624e-06
AGGTCACGTCGAACAGAG	8.48878e-09	7.40566e-09	2.70128e-10	0.00123842	4.05364e-08	0.998762
AGGTCAGCATAGTAACGG	6.47211e-08	0.998731	0.00126592	3.94892e-09	1.35931e-08	3.18485e-06
AGGTCAGCATCCACCGGT	0.00987654	0.455767	0.000577749	0.000602637	0.0471634	0.486012
AGGTCCGTCAGGATTGAG	0.0103643	0.478274	0.000606216	0.000632535	0.000111516	0.510012
AGGTGCGAGGCCAACAAT	0.010331	0.476737	0.000613738	0.000632573	0.00331156	0.508374
AGGTGTACAGCGAAGCTC	0.137982	0.0981729	0.000124435	0.000129801	0.658903	0.104688
AGTAACGTACACCTAGCG	0.0103392	0.477115	0.000604766	0.000631022	0.00253303	0.508777
AGTAACGTACTACCTGCG	0.0103423	0.477261	0.000605263	0.000685915	0.00217364	0.508932
AGTAATGGTCAAGAACCG	5.63494e-08	2.60033e-06	3.29792e-09	3.43879e-09	0.999995	2.77288e-06
AGTACGAATTACCGCGTT	0.0103429	0.477288	0.000605003	0.000631063	0.00217294	0.50896
AGTACTACAGTGTACCGT	0.00987653	0.455767	0.000578178	0.000603267	0.0471633	0.486012
AGTACTACATTCGTGATG	2.57809e-07	1.1897e-05	4.33953e-07	0.00123835	1.23111e-06	0.998748
AGTACTCTCTCATCATCT	0.00987654	0.455768	0.000577687	0.000602601	0.0471634	0.486012
AGTATGACGGTATCGTCG	0.0103424	0.477267	0.000606976	0.000650805	0.00219411	0.508939
AGTCAGTTGGCGATATGA	3.80626e-08	0.98861	0.00125307	1.25535e-05	1.8176e-07	0.0101247
AGTCCGTGTAGTAATCAG	0.00987654	0.455768	0.000577687	0.000602603	0.0471634	0.486012
AGTCCGTGTCAGTATGAT	1.15773e-05	0.99815	0.00126556	7.06581e-07	2.4608e-06	0.000569707
AGTCGCCGACCTCGGTCA	0.0177581	0.0224746	2.8487e-05	0.0010835	0.0848002	0.873855
AGTCGCGACCAAGTACGA	0.00987653	0.455767	0.000577691	0.000603416	0.0471633	0.486012
AGTCGCGACGAACTCGTA	0.010364	0.478264	0.000606268	0.000652164	0.000112002	0.510002
AGTCGTCCGACACTAACG	1.9122e-09	1.27331e-09	1.61394e-12	0.00123837	4.67887e-10	0.998762
AGTGACGATACAGCGTAT	0.00972055	0.448569	0.0163619	0.000593668	0.0464185	0.478336
AGTGACGATGTCTCCAGG	0.00987649	0.455765	0.000577713	0.000608347	0.0471631	0.486009
AGTGATGCGCATCCGACA	0.00956301	0.441299	0.0160968	0.016791	0.0456662	0.470584
AGTGATGCGCGTACATCT	0.00987654	0.455767	0.000577719	0.000602719	0.0471634	0.486012
AGTGATGCGTGTACACGA	4.98633e-10	0.964808	0.0351922	5.03128e-13	1.04721e-10	4.05781e-10
AGTGTCTCTGGAACCTAG	2.28859e-12	1.52563e-12	1.93375e-15	0.00123836	2.46593e-14	0.998762
AGTGTCTCTTCATGCTCA	1.90875e-06	8.80823e-05	1.11645e-07	0.00123824	2.05621e-08	0.998672
AGTGTTCTGTGATCGGAA	0.0103643	0.478274	0.000606228	0.000632371	0.000111531	0.510012
AGTTACAAGTGAGAGGAC	0.0099963	0.461294	0.0168261	0.0175517	0.0024266	0.491905
AGTTATCGCCGCAATCGA	0.00987654	0.455768	0.000577696	0.000602612	0.0471634	0.486012
AGTTCGATAACCGGAGTA	5.0419e-05	0.996192	0.0012627	3.07815e-06	1.05893e-05	0.00248105
ATAAGACAGATGAGTGTG	0.00987553	0.455721	0.000578912	0.000703369	0.0471586	0.485963
ATAAGTTCGATCAGTCGA	0.0103643	0.478274	0.000606215	0.000632358	0.000111513	0.510012
ATACAACCGATATGTCCA	0.0103358	0.47696	0.00060596	0.000685483	0.00280102	0.508611
ATACAACCGCCTTGCTTG	0.00987654	0.455768	0.000577722	0.000602651	0.0471634	0.486012
ATACAACCGCTGTCTAGT	0.0101926	0.470353	0.0171565	0.000621914	0.00011041	0.501566
ATACAACCGTATACGGAT	1.24932e-07	1.58112e-07	5.76729e-09	0.00123835	5.96585e-07	0.998761
ATACCGAAGCCTCCTTGT	0.0103642	0.478272	0.000608254	0.000633694	0.000111615	0.51001
ATACCGAAGCGACCTAGC	0.000124668	0.00575297	7.29351e-06	7.63866e-06	0.987973	0.00613474
ATACCGAAGGTGTCTGGA	0.0103642	0.478273	0.000606223	0.000633213	0.000111535	0.510011
ATACCGAAGTAACGGATA	0.00972056	0.448569	0.016362	0.000593084	0.0464185	0.478336
ATACGAGGTACACGTTGC	4.53758e-06	3.08361e-06	3.90851e-09	0.00123833	2.16683e-05	0.998732
ATACGAGGTCTAATACGC	0.0101926	0.470353	0.0171565	0.000622884	0.000109723	0.501565
ATACGAGGTGACTCTCAC	4.241e-11	0.964808	0.0351922	2.30803e-12	2.0252e-10	6.4685e-11
ATACTTGCTTGTAGGTTA	0.00987654	0.455768	0.000577702	0.000602624	0.0471634	0.486012
ATACTTGCTTTAAGTGGT	1.62252e-06	0.144744	0.00527965	0.00105269	7.74803e-06	0.848914
ATAGACCGACCATGATGT	2.20961e-06	0.000101966	1.29248e-07	0.00123823	5.91136e-07	0.998657
ATAGACCGACGTAATGAC	6.47211e-08	0.99873	0.00126594	3.95398e-09	3.09062e-07	3.18485e-06
ATAGACCGACTCTACGCA	6.56234e-10	1.02172e-09	1.29505e-12	0.00123837	1.60576e-10	0.998762
ATAGACCGACTTCCGGTA	1.9089e-06	1.49451e-06	5.45136e-08	0.00123834	9.11557e-06	0.998749
ATAGACCGAGAACATGAC	0.0101926	0.470353	0.0171565	0.000622068	0.000111167	0.501565
ATAGCCTAAAAGGAAGTC	0.00987654	0.455768	0.000577688	0.000602608	0.0471634	0.486012
ATAGCCTAATAGTGATCC	3.92045e-11	0.998734	0.0012659	1.00222e-12	1.87213e-10	2.80882e-11
ATAGCCTAATCCACGTGC	0.00971394	0.448264	0.000568179	0.017056	0.0463869	0.478011
ATAGCCTAATGGACGAGA	4.24397e-07	0.964805	0.0351921	4.8953e-10	2.02662e-06	3.94815e-07
ATAGCCTAATTGCAGTCA	1.6697e-06	7.70509e-05	9.7663e-08	0.00123826	7.97332e-06	0.998675
ATAGTCAGTACGTATGTC	2.26694e-13	1.04611e-11	1	1.38338e-14	6.2767e-14	1.11553e-11
ATAGTCTCCCCAATGCCT	0.00987654	0.455768	0.000577705	0.000602621	0.0471634	0.486012
ATATAGCGTCTTATCTCA	7.85499e-21	6.85273e-21	2.329e-13	1	3.75099e-20	2.91555e-15
ATATAGCGTTACTCGACC	0.0103392	0.477117	0.000604752	0.000630875	0.00253053	0.508778
ATATGCAGCGTACGAACG	0.00972056	0.448569	0.016362	0.000593084	0.0464185	0.478336
ATATGCAGCTCTGTGAAG	0.00987654	0.455768	0.000577703	0.000602671	0.0471634	0.486012
ATATGTCCACCTTCCTCA	8.93546e-10	4.1234e-08	5.22643e-11	0.0344519	4.26694e-09	0.965548
ATATGTCCACGTCTGTCC	1.81315e-16	8.36706e-15	3.05196e-16	3.18358e-16	1	8.9223e-15
ATATTCGCAAGTCGCGAC	0.00987654	0.455767	0.000578469	0.000602602	0.0471633	0.486012
ATCAAGAGACACACCACA	0.00971394	0.448264	0.000568182	0.017056	0.0463869	0.478011
ATCAAGAGAGTTGCATGG	1.90968e-10	0.964808	0.0351922	2.46059e-13	9.1193e-10	1.98451e-10
ATCAAGCATCTAACTAAG	0.0103643	0.478274	0.000606281	0.000632409	0.000111569	0.510012
ATCAAGCATTACGGTCGT	0.0103642	0.478273	0.000606499	0.000632384	0.000112767	0.510011
ATCACCGCAGAGATTCCT	4.18063e-06	0.998705	0.0012659	5.7894e-09	1.99637e-05	4.66886e-06
ATCACTTCCACAGAAGAG	0.000107834	0.00497614	0.000181509	0.00123191	2.26457e-05	0.99348
ATCACTTCCGCCGTCTTC	1.72377e-07	7.95457e-06	1.00827e-08	0.00123834	8.23149e-07	0.998753
ATCAGAAGCAATTCGGAA	2.20705e-10	1.01848e-08	1.29095e-11	1.36291e-11	1	1.08606e-08
ATCAGAAGCGCTTGGTTC	0.0103429	0.477288	0.000605121	0.000631203	0.0021721	0.508961
ATCATAGACACAACGAGC	1.16662e-23	5.38352e-22	1.96369e-23	1	1.25544e-25	5.74077e-22
ATCATAGACCAGTCCTAA	0.00971394	0.448264	0.000568177	0.017056	0.0463869	0.478011
ATCATAGACGCGAACTCG	0.00956301	0.441299	0.0160968	0.016791	0.0456662	0.470584
ATCATGTTCGATCGATAC	0.0189694	0.875369	0.00110953	1.72973e-05	0.0905843	0.0139505
ATCCACAGTCACCTTCCT	2.43877e-07	0.998732	0.00126596	2.959e-10	1.16459e-06	2.3862e-07
ATCCACAGTTATGTATGC	0.00987654	0.455768	0.000577689	0.00060261	0.0471634	0.486012
ATCCACAGTTGACGATGA	3.15842e-18	1.71611e-11	2.17519e-14	1	1.50824e-17	1.82999e-11
ATCCAGCTGGTACCACAA	0.00987654	0.455767	0.000577713	0.000602954	0.0471634	0.486012
ATCCATTAGAACTGATTC	0.0101853	0.470013	0.000595858	0.0178835	0.000118306	0.501204
ATCCATTAGTCGCTGATT	0.00956301	0.441299	0.0160968	0.016791	0.0456662	0.470584
ATCCGACCAACTCGAGTC	0.0103429	0.477288	0.000604966	0.000631056	0.00217208	0.508961
ATCCGACCACGCTTATGA	0.00971394	0.448264	0.000568183	0.017056	0.0463869	0.478011
ATCCGGTCCAAGTTGCCA	0.00972056	0.448569	0.016362	0.000593117	0.0464185	0.478336
ATCCTGCCTGGACTATTC	6.03371e-05	0.995704	0.00126207	3.6814e-06	6.50989e-07	0.00296911
ATCGTAGTGACTTAGCTT	4.98995e-07	5.2259e-07	1.90619e-08	0.00123851	2.38285e-06	0.998758
ATCTACATCATGGAGGAA	5.94911e-07	2.7453e-05	3.47968e-08	0.00123832	1.24934e-07	0.998733
ATCTACATCTCACCGAGG	0.0103429	0.477288	0.000604994	0.000631214	0.00217275	0.50896
ATCTAGGTTAGGTGTACA	0.00987654	0.455768	0.000577687	0.000602601	0.0471634	0.486012
ATCTAGGTTATCGTAGTG	0.0103429	0.477288	0.000605013	0.000631158	0.0021723	0.508961
ATCTAGGTTATGTGACGA	0.0103643	0.478274	0.000606223	0.000632507	0.000111523	0.510012
ATCTAGGTTGATCTACTT	7.42249e-06	0.000342522	4.34147e-07	0.00123792	7.98604e-08	0.998412
ATCTCGTGATCAAGGTCG	0.00999951	0.461442	0.0168315	0.0175574	0.00210607	0.492063
ATCTCTGCTGTGTATCTG	5.85976e-07	2.70407e-05	9.86334e-07	0.000185513	0.850514	0.149272
ATCTGCGTACTCGAACTG	0.00987654	0.455768	0.000577692	0.000602608	0.0471634	0.486012
ATCTGGTAGAGTCGTCCG	0.00987654	0.455768	0.000577711	0.000602629	0.0471634	0.486012
ATGACACAAACTTCGCAG	0.0103429	0.477288	0.000604968	0.000631062	0.00217211	0.508961
ATGAGCAGGATGGACGTT	0.0103412	0.477208	0.000608152	0.000736533	0.00223064	0.508876
ATGAGCAGGCCTTGACGG	0.0101683	0.469229	0.0171155	0.000624248	0.00249551	0.500367
ATGAGGTATCAAGCCTCG	1.18238e-06	5.45628e-05	6.91588e-08	0.00123831	5.64622e-06	0.9987
ATGAGGTATTATCGAGCC	0.00987651	0.455766	0.000578013	0.000606096	0.0471632	0.48601
ATGAGGTATTCTATGACA	0.00987654	0.455768	0.000577691	0.000602602	0.0471634	0.486012
ATGAGTGTGCCTAGCAAT	0.00987654	0.455768	0.00057769	0.000602604	0.0471634	0.486012
ATGAGTGTGGCCTTCCAT	0.0103392	0.477117	0.000604815	0.000630874	0.00253063	0.508778
ATGATAGCTACTGACTAC	0.000239667	0.986663	0.00128577	1.48983e-05	2.58604e-06	0.0117937
ATGATAGCTTAGTCAGAC	2.13635e-06	2.43876e-06	3.09116e-09	0.0344517	5.22685e-07	0.965543
ATGCAGTTCCGGTTCTAT	0.0206894	0.954743	0.00121022	2.86497e-05	0.00022265	0.0231056
ATGCGCCGTCACTACAGG	6.24584e-08	0.998734	0.00126591	1.86058e-09	6.73615e-10	5.21447e-08
ATGCGCTACCTCATTAGT	7.28997e-11	0.998734	0.0012659	6.2737e-14	1.53092e-11	5.0599e-11
ATGCGTGGAGGTAGACAT	1.82138e-05	0.000840501	1.0661e-06	0.00123766	8.69761e-05	0.997816
ATGCTCACCCATCCGACA	0.00987654	0.455768	0.000577695	0.000602615	0.0471634	0.486012
ATGCTGTCGGGACAGATT	0.00972056	0.448569	0.016362	0.000593091	0.0464185	0.478336
ATGCTGTCGTGGTAACCA	5.69862e-08	0.964808	0.0351922	5.5231e-11	1.39513e-08	4.45394e-08
ATGCTTCAGACGCTAGTG	1.69777e-08	1.41969e-08	1.79946e-11	0.00123835	3.56541e-09	0.998762
ATGCTTCAGATCCACAGT	0.0103642	0.478273	0.000606216	0.000632361	0.000112266	0.510012
ATGCTTCAGCGCCACCAT	8.28681e-08	5.7666e-08	7.30922e-11	0.00123837	3.9572e-07	0.998761
ATGGAGAGTCAACTCCAG	0.0103643	0.478273	0.000606219	0.000632766	0.000111562	0.510012
ATGGAGAGTCTTCTATGA	2.79843e-05	0.997276	0.00126407	4.91355e-05	5.87692e-06	0.00137707
ATGGAGAGTGACTCTCAC	0.0103429	0.477288	0.000604966	0.000631057	0.00217206	0.508961
ATGGAGAGTTATGACCGA	0.0103633	0.478231	0.000623208	0.000687309	0.000129346	0.509966
ATGGAGAGTTGCCAGACG	0.0101629	0.468981	0.000773369	0.0178442	0.0021357	0.500103
ATGGAGGAAGATTATGCG	7.70749e-07	3.55673e-05	4.5082e-08	4.70358e-08	0.999926	3.79276e-05
ATGGATATCCCTGACCTC	0.00956301	0.441299	0.0160968	0.016791	0.0456662	0.470584
ATGTCGCCTACGGTGTAC	0.37379	0.260112	0.000329693	0.00989698	0.078498	0.277373
ATGTGACGACCGTCAGGT	7.61656e-12	5.24674e-12	1.91379e-13	0.00123836	3.63713e-11	0.998762
ATGTGAGACACGTACTGC	0.0101647	0.469063	0.000594812	0.0178474	0.00213935	0.50019
ATGTGAGACCCTTAACAT	0.00971363	0.44825	0.000600642	0.0170554	0.0463854	0.477995
ATTAGCACACGCTTCACG	4.18167e-05	0.998457	0.00126579	4.46198e-08	0.000199687	3.59806e-05
ATTAGCACACTAACTAAG	0.00987654	0.455767	0.000577797	0.000602716	0.0471634	0.486012
ATTAGCGGTAATATCAGC	0.00987654	0.455768	0.000577688	0.000602602	0.0471634	0.486012
ATTAGCGGTTGTCGTACA	9.35834e-05	0.000118438	1.50158e-07	0.00123842	0.000446888	0.998103
ATTATGCAGGAACAACCA	0.0103429	0.477287	0.000604975	0.000633179	0.00217209	0.50896
ATTCACCTCAGAGCGGAG	4.78531e-20	2.20825e-18	2.79899e-21	1	2.28512e-19	2.35479e-18
ATTCACCTCCACCTCAAC	0.00956301	0.441299	0.0160968	0.016791	0.0456662	0.470584
ATTCATGTGCGCCTGCAA	0.138788	0.0943167	0.00344028	0.000124703	0.662755	0.100576
ATTCCGTACTCCTATTCC	9.3623e-05	0.000118489	1.50279e-07	0.00126138	1.01587e-06	0.998525
ATTCCGTACTCGCTTAAC	0.0101647	0.469065	0.000594777	0.0178474	0.00213638	0.500192
ATTCCTACGTACAGGACT	1.08633e-05	9.96765e-06	3.63579e-07	0.0012384	2.28163e-06	0.998738
ATTCGAAGACCAACGGAA	0.0103392	0.477117	0.000604752	0.000630841	0.0025296	0.508779
ATTCGCTTACAGCTAGTT	0.00987653	0.455767	0.000578235	0.000603045	0.0471633	0.486012
ATTCGCTTAGAACTATGG	3.91466e-05	0.00180648	2.28976e-06	0.00123591	0.000186936	0.996729
ATTCGCTTAGCCACGAGT	7.58824e-07	0.998729	0.00126592	8.38989e-10	3.62361e-06	6.76643e-07
ATTCTCTGGATTCCTACG	6.04834e-08	6.33434e-08	8.02899e-11	0.00123843	2.88826e-07	0.998761
ATTGATCACGGACACTGG	0.0103642	0.478272	0.000606225	0.000635205	0.00011223	0.51001
ATTGATTGGGACTCTGGT	0.00971394	0.448264	0.000568182	0.017056	0.0463869	0.478011
ATTGCCGACAAGCAGCAT	0.0103429	0.477288	0.000604966	0.000631065	0.00217205	0.508961
ATTGCGCTATTCATCCAA	5.899e-08	0.998734	0.00126591	5.71667e-11	2.81694e-07	4.61055e-08
ATTGGTTCCTCATCAGAG	4.61376e-07	4.83192e-07	6.12451e-10	2.51247e-06	0.997971	0.00202544
CAACACCTAAATTAGAGG	0.00972056	0.448569	0.016362	0.000593089	0.0464185	0.478336
CAACACCTACCATACGAT	0.0103429	0.477288	0.000604965	0.000631055	0.00217206	0.508961
CAACCTGGTCGTATCGAA	5.71543e-06	8.1827e-06	1.03717e-08	0.0344504	2.72928e-05	0.965508
CAACCTGGTTAAGTACAC	5.30762e-09	0.998734	0.00126593	5.66287e-12	1.11522e-09	4.56687e-09
CAACCTGGTTACGAGTGA	0.00972056	0.448569	0.016362	0.00059309	0.0464185	0.478336
CAACGATCGTCTCCGCGT	1.58429e-06	0.141333	0.00017914	0.0295764	3.32708e-07	0.82891
