cell	Node 0	Node 1	Node 2	Node 3	Node 4	Node 5
Cell_0	0.0188962	0.0006412	0.000138276	0.492852	0.000613467	0.486859
Cell_1	9.24789e-10	0.00130789	0.00560357	3.98891e-10	4.96509e-13	0.993089
Cell_2	0.0177653	0.000604087	0.0599762	0.463356	0.000576764	0.457722
Cell_3	4.16874e-06	1.41457e-07	1.40738e-05	0.998631	0.00124304	0.000107407
Cell_4	0.0177653	0.000603114	0.0599762	0.463356	0.000576764	0.457722
Cell_5	0.0177653	0.000602816	0.0599762	0.463356	0.000576758	0.457723
Cell_6	0.0188962	0.000641477	0.000138903	0.492851	0.000613496	0.486859
Cell_7	0.0185796	0.000630451	0.000136004	0.484594	0.0173583	0.478702
Cell_8	0.00010869	0.00131103	0.000283005	0.00283486	3.52878e-06	0.995459
Cell_9	6.07914e-08	1.06143e-06	0.000105557	0.997846	0.00124204	0.00080558
Cell_10	3.03927e-08	3.66188e-06	0.000364336	0.962379	0.0344728	0.00278051
Cell_11	0.0188962	0.000641301	0.000138281	0.492852	0.000613656	0.486859
Cell_12	0.017485	0.000605597	0.0590298	0.456044	0.0163357	0.450499
Cell_13	3.53536e-05	3.63041e-08	0.792926	0.199852	0.00715879	2.75571e-05
Cell_14	0.0174852	0.000593306	0.0590305	0.45605	0.0163359	0.450505
Cell_15	0.0174852	0.000593869	0.0590305	0.45605	0.0163359	0.450505
Cell_16	0.0188961	0.000643343	0.000138286	0.49285	0.000613729	0.486858
Cell_17	3.02047e-06	2.33269e-09	9.99299e-09	0.998752	0.00124324	1.77094e-06
Cell_18	8.1276e-11	0.00116305	0.115717	3.12178e-11	1.11823e-12	0.88312
Cell_19	0.018847	0.000639515	0.00273997	0.491569	0.000611869	0.485592
Cell_20	4.86409e-07	4.55227e-10	4.52922e-08	0.998756	0.00124321	3.45658e-07
Cell_21	0.018847	0.000639519	0.00273999	0.491569	0.000611869	0.485592
Cell_22	0.018847	0.000639532	0.00274001	0.491569	0.00061187	0.485592
Cell_23	0.0177653	0.000602813	0.0599762	0.463356	0.000576761	0.457723
Cell_24	0.0188961	0.000642015	0.000140304	0.49285	0.000614005	0.486858
Cell_25	0.0188962	0.000641424	0.000138462	0.492851	0.000613588	0.486859
Cell_26	0.0188959	0.000652178	0.000140083	0.492845	0.000614085	0.486853
Cell_27	1.58059e-06	0.0296926	0.00442101	0.182206	0.000226798	0.783452
Cell_28	0.0185096	0.0180743	0.00314574	0.48277	0.000601005	0.4769
Cell_29	0.0177653	0.000602814	0.0599762	0.463356	0.000576752	0.457723
Cell_30	0.0188961	0.000641353	0.000140441	0.49285	0.000613707	0.486858
Cell_31	0.018847	0.000639516	0.00273998	0.491569	0.00061187	0.485592
Cell_32	0.0174727	0.0170618	0.0589885	0.455725	0.000567262	0.450184
Cell_33	0.0188962	0.000641393	0.000139612	0.492851	0.000613489	0.486858
Cell_34	0.0188962	0.000641232	0.000138277	0.492852	0.000613471	0.486859
Cell_35	0.018847	0.000639515	0.00273998	0.491569	0.00061187	0.485592
Cell_36	0.0174727	0.0170618	0.0589885	0.455725	0.000567258	0.450184
Cell_37	8.47745e-07	0.00116302	0.115714	2.21109e-05	2.75222e-08	0.8831
Cell_38	0.0188463	0.000671624	0.00274718	0.49155	0.000612227	0.485573
Cell_39	4.27664e-06	2.53433e-09	2.52148e-07	0.965412	0.0345814	1.92432e-06
Cell_40	0.018846	0.000664651	0.00276407	0.491543	0.000615164	0.485567
Cell_41	5.32427e-11	0.00116311	0.115717	1.97363e-11	2.45663e-14	0.88312
Cell_42	0.018847	0.000639846	0.00274	0.491569	0.00061187	0.485592
Cell_43	0.0177653	0.000602812	0.0599762	0.463356	0.000576752	0.457723
Cell_44	0.018847	0.000639525	0.00274005	0.491569	0.000611872	0.485592
Cell_45	0.0188962	0.000641235	0.000138347	0.492852	0.000613709	0.486859
Cell_46	4.56005e-12	1.70337e-06	1.53949e-11	1.18936e-10	0.999998	1.1749e-10
Cell_47	0.018509	0.0180738	0.00315147	0.482754	0.00062756	0.476884
Cell_48	4.49659e-12	4.62674e-10	0.999999	3.57774e-07	4.45363e-10	3.5131e-07
Cell_49	0.0188932	0.000797994	0.000139497	0.492774	0.00061352	0.486782
Cell_50	0.018847	0.000639526	0.00274012	0.491569	0.00061187	0.485592
Cell_51	1.14489e-07	6.69509e-11	6.66123e-09	0.998757	0.00124318	5.08367e-08
Cell_52	0.0174852	0.000593317	0.0590305	0.45605	0.0163359	0.450505
Cell_53	5.18355e-05	1.75891e-06	0.000174998	0.997195	0.00124127	0.00133554
Cell_54	4.92048e-07	0.00130675	0.00661136	3.17474e-07	3.95291e-10	0.992081
Cell_55	0.0359991	2.78655e-05	0.00276567	0.938932	0.00116871	0.0211068
Cell_56	0.0188383	0.000639229	0.00320126	0.491342	0.0006116	0.485368
Cell_57	0.0177653	0.000602813	0.0599762	0.463356	0.000576761	0.457723
Cell_58	0.0188383	0.000640787	0.00320117	0.491341	0.00061169	0.485367
Cell_59	0.0172017	0.0167972	0.0580734	0.448656	0.016071	0.443201
Cell_60	8.44049e-07	2.86403e-08	2.84953e-06	0.998731	0.00124315	2.17469e-05
Cell_61	0.0188961	0.000644903	0.000138429	0.49285	0.000613494	0.486857
Cell_62	4.52707e-07	2.6722e-10	2.65868e-08	0.965418	0.0345816	2.02904e-07
Cell_63	8.11993e-06	2.75566e-07	2.74131e-05	0.998512	0.00124287	0.00020921
Cell_64	3.75436e-06	0.00116316	0.115716	2.42235e-06	3.01524e-09	0.883115
Cell_65	0.018844	0.000795915	0.00274352	0.49149	0.000611834	0.485514
Cell_66	2.30645e-08	6.81365e-10	2.35571e-09	0.998757	0.00124318	1.79781e-08
Cell_67	0.0188383	0.000639224	0.00320127	0.491342	0.0006116	0.485368
Cell_68	3.48632e-08	1.18304e-09	0.999998	9.09306e-07	3.25717e-08	8.98249e-07
Cell_69	0.0174852	0.000593654	0.0590305	0.45605	0.0163359	0.450505
Cell_70	0.0177653	0.000602849	0.0599762	0.463356	0.000576837	0.457722
Cell_71	0.0188962	0.000641188	0.000138272	0.492852	0.000613466	0.486859
Cell_72	0.0177653	0.000602816	0.0599762	0.463356	0.000576753	0.457723
Cell_73	1.11508e-05	3.78376e-07	3.76455e-05	0.998421	0.00124276	0.0002873
Cell_74	0.0177652	0.000606308	0.059976	0.463355	0.00057724	0.457721
Cell_75	0.0172017	0.0167972	0.0580734	0.448656	0.016071	0.443201
Cell_76	7.68418e-07	0.00127682	0.00547046	0.0237187	2.95232e-05	0.969504
Cell_77	3.60771e-09	2.12213e-12	4.5763e-13	0.998757	0.00124318	1.61136e-09
Cell_78	0.0364978	0.00124005	0.000267402	0.0216041	2.68916e-05	0.940364
Cell_79	0.0177653	0.000602814	0.0599762	0.463356	0.000576777	0.457722
Cell_80	0.0188961	0.000641839	0.000139906	0.492851	0.000613538	0.486858
Cell_81	0.0185635	0.0181269	0.000199881	0.484174	0.000647984	0.478287
Cell_82	0.018896	0.000646851	0.000138877	0.492848	0.000614196	0.486856
Cell_83	0.0177653	0.000606088	0.059976	0.463355	0.000576763	0.457721
Cell_84	0.0177652	0.000607098	0.059976	0.463354	0.000576783	0.457721
Cell_85	0.0174727	0.0170618	0.0589883	0.455724	0.00057077	0.450183
Cell_86	3.38338e-07	0.00116309	0.115716	8.82457e-06	1.09843e-08	0.883112
Cell_87	9.79051e-09	0.00116305	0.115717	4.132e-09	5.14324e-12	0.88312
Cell_88	3.26098e-08	1.10651e-09	2.39184e-10	0.998756	0.00124318	8.40189e-07
Cell_89	7.53295e-12	6.27179e-15	1.35216e-15	0.998757	0.00124319	4.75971e-12
Cell_90	1.13659e-06	0.00130788	0.00560355	9.19722e-07	1.1448e-09	0.993087
Cell_91	4.44158e-07	4.33713e-07	1.49949e-06	0.998743	0.00124316	1.14437e-05
Cell_92	5.2985e-08	0.00116305	0.115717	2.74782e-08	3.42029e-11	0.88312
Cell_93	0.0177652	0.00060856	0.0599759	0.463354	0.00057676	0.45772
Cell_94	4.3078e-07	0.999927	5.00461e-05	1.12357e-05	4.02465e-07	1.1099e-05
Cell_95	0.000170726	1.7546e-07	1.74372e-05	0.965108	0.0345705	0.000133076
Cell_96	3.60819e-09	6.61672e-11	2.28762e-10	0.998757	0.00124322	1.74585e-09
Cell_97	1.27329e-06	1.89503e-09	0.999996	1.36541e-06	1.69958e-09	1.43889e-06
Cell_98	1.2801e-05	4.34367e-07	4.32167e-05	0.998371	0.0012427	0.000329818
Cell_99	1.43872e-08	0.00131487	0.00028355	5.32149e-09	6.6238e-12	0.998402
Cell_100	3.50145e-05	0.00131483	0.00028354	2.25917e-05	8.09242e-07	0.998343
Cell_101	0.0188961	0.000642362	0.000138917	0.492851	0.000613516	0.486858
Cell_102	0.018847	0.000639878	0.00274008	0.491569	0.000611874	0.485592
Cell_103	0.000150478	5.106e-06	0.992038	0.00392477	4.88528e-06	0.00387705
Cell_104	0.0188962	0.000641197	0.00013832	0.492852	0.000613474	0.486859
Cell_105	0.0177653	0.000603201	0.0599762	0.463356	0.000576752	0.457722
Cell_106	0.0188962	0.000641203	0.000138565	0.492852	0.00061347	0.486859
Cell_107	0.018896	0.000646076	0.000140484	0.492848	0.000614699	0.486855
Cell_108	0.0177653	0.000602813	0.0599762	0.463356	0.000576757	0.457723
Cell_109	1.22205e-08	0.00131487	0.00028355	3.18737e-07	3.96742e-10	0.998401
Cell_110	1.07251e-10	0.00116305	0.115717	4.18057e-11	1.4975e-12	0.88312
Cell_111	0.000106772	3.62301e-06	1.55543e-05	0.995883	0.0012397	0.00275099
Cell_112	0.0177653	0.000602815	0.0599762	0.463356	0.000576753	0.457723
Cell_113	0.0188468	0.000639909	0.00274	0.491565	0.000620645	0.485588
Cell_114	0.0365182	0.00123913	0.00620616	0.0151281	1.88303e-05	0.94089
Cell_115	1.11563e-05	0.00116304	0.115715	7.79836e-06	9.70687e-09	0.883103
Cell_116	0.0188962	0.000641418	0.000138527	0.492851	0.000613477	0.486859
Cell_117	5.18442e-05	1.75918e-06	7.53715e-06	0.997362	0.00124145	0.00133576
Cell_118	2.08539e-05	0.00131468	0.000283504	0.000543913	6.77031e-07	0.997836
Cell_119	1.66829e-06	5.66094e-08	5.63221e-06	0.96537	0.0345799	4.29835e-05
Cell_120	0.0177653	0.000602816	0.0599762	0.463356	0.000576754	0.457723
Cell_121	0.00010899	0.00131462	0.000284067	8.81936e-05	1.09777e-07	0.998204
Cell_122	0.0188962	0.000641198	0.000138278	0.492852	0.000613467	0.486859
Cell_123	6.48098e-07	2.19969e-08	0.999966	1.69037e-05	2.10489e-08	1.66982e-05
Cell_124	2.98942e-05	0.0013066	0.00654362	1.28943e-05	1.60499e-08	0.992107
Cell_125	4.70173e-07	4.40034e-10	4.37804e-08	0.965418	0.0345816	3.3412e-07
Cell_126	0.0174727	0.0170618	0.0589885	0.455725	0.00056726	0.450184
Cell_127	8.26076e-12	5.92169e-15	5.85773e-13	0.998755	0.0012445	4.47046e-12
Cell_128	0.018847	0.000639527	0.00274056	0.491569	0.000611887	0.485592
Cell_129	8.3692e-08	8.17238e-08	1.21674e-08	0.998754	0.00124322	2.15632e-06
Cell_130	0.018532	0.000631067	0.00269455	0.483353	0.0173139	0.477476
Cell_131	0.0185178	0.0180824	0.00270372	0.482984	0.000601466	0.477111
Cell_132	0.000175741	5.96327e-06	0.000593309	0.99346	0.00123659	0.00452797
Cell_133	0.018838	0.000639259	0.00321734	0.491334	0.000611583	0.48536
Cell_134	4.42383e-06	1.50109e-07	3.24188e-08	0.998638	0.00124303	0.00011398
Cell_135	6.08469e-08	4.20631e-11	4.18495e-09	0.998757	0.00124318	3.19384e-08
Cell_136	0.0177653	0.000602821	0.0599762	0.463356	0.000576764	0.457722
Cell_137	7.39544e-06	2.50944e-07	2.49672e-05	0.998534	0.00124293	0.000190543
Cell_138	3.60151e-06	6.98304e-08	1.03967e-08	0.998751	0.00124317	1.84251e-06
Cell_139	0.018847	0.000639519	0.00274001	0.491569	0.00061187	0.485592
Cell_140	0.0188937	0.000731111	0.000175983	0.492788	0.000614417	0.486797
Cell_141	0.0188962	0.000641388	0.000138772	0.492851	0.000613538	0.486859
Cell_142	0.0174852	0.00059331	0.0590305	0.45605	0.0163359	0.450505
Cell_143	6.17285e-08	0.00131488	0.000283612	2.6052e-08	3.24299e-11	0.998401
Cell_144	7.90689e-07	2.68494e-08	0.999958	2.06228e-05	2.56716e-08	2.03721e-05
Cell_145	0.0188961	0.00064205	0.000139365	0.49285	0.000614645	0.486858
Cell_146	0.0188961	0.000642088	0.000138501	0.492851	0.000613951	0.486858
Cell_147	5.68761e-08	4.39182e-11	2.1998e-10	0.965418	0.0345816	3.33473e-08
Cell_148	7.47187e-05	0.00130399	0.00653195	0.00194882	2.42575e-06	0.990138
Cell_149	1.07631e-07	0.00131538	0.000283816	8.70946e-08	1.08415e-10	0.998401
Cell_150	4.86402e-07	4.74964e-07	1.64211e-06	0.998742	0.00124316	1.25321e-05
Cell_151	0.0188467	0.000641544	0.00275339	0.491561	0.000613219	0.485584
Cell_152	1.16626e-05	0.00116303	0.115715	5.3188e-06	6.6205e-09	0.883105
Cell_153	0.018847	0.000639534	0.00274011	0.491569	0.000611874	0.485592
Cell_154	6.08468e-08	5.94159e-08	4.45347e-10	0.998755	0.00124323	1.56772e-06
Cell_155	2.37129e-06	0.00116349	0.115709	6.18481e-05	7.69852e-08	0.883063
Cell_156	0.00326824	0.000110938	0.910801	0.00161152	2.00593e-06	0.0842061
Cell_157	0.000423746	1.43791e-05	0.00143058	0.985986	0.00122735	0.0109178
Cell_158	2.1721e-10	1.3657e-13	1.3588e-11	0.998757	0.00124318	1.037e-10
Cell_159	0.0177653	0.000602823	0.0599762	0.463356	0.000576761	0.457722
Cell_160	0.0177653	0.000602811	0.0599762	0.463356	0.000576757	0.457723
Cell_161	1.16578e-07	0.00131496	0.000283627	5.74831e-08	7.15537e-11	0.998401
Cell_162	1.07365e-09	6.45994e-13	1.39363e-13	0.998757	0.00124319	4.90489e-10
Cell_163	0.018847	0.000639524	0.00273999	0.491569	0.000611869	0.485592
Cell_164	5.21508e-13	2.10301e-08	0.999984	1.3602e-11	1.69309e-14	1.5967e-05
Cell_165	0.0174852	0.000593308	0.0590305	0.45605	0.0163359	0.450505
Cell_166	0.017765	0.000616592	0.0599752	0.463349	0.000579684	0.457715
Cell_167	0.0177653	0.000603009	0.0599762	0.463356	0.000576763	0.457722
Cell_168	0.018847	0.000639527	0.00274109	0.491569	0.000612074	0.485592
Cell_169	0.0188961	0.000644452	0.000139116	0.492849	0.000613846	0.486857
Cell_170	8.55923e-06	2.90509e-07	1.45486e-06	0.998526	0.0012429	0.000220528
Cell_171	9.68538e-06	3.53357e-07	1.86688e-06	0.000252615	0.999486	0.000249543
Cell_172	1.46405e-12	4.96797e-14	4.94269e-12	2.38754e-07	1	3.77212e-11
Cell_173	6.40951e-07	4.31856e-10	4.29661e-08	0.998756	0.0012432	3.27905e-07
Cell_174	0.0177653	0.000602848	0.0599762	0.463356	0.000576771	0.457722
Cell_175	2.22458e-11	1.28589e-14	1.27938e-12	0.998757	0.00124318	9.76391e-12
Cell_176	2.38987e-06	2.33367e-06	4.06099e-07	0.99869	0.00124311	6.15749e-05
Cell_177	1.25146e-05	4.24647e-07	4.22496e-05	0.965054	0.0345686	0.000322437
Cell_178	0.0185236	0.000628552	0.00314839	0.483134	0.017306	0.47726
Cell_179	3.25219e-07	1.10353e-08	1.09795e-06	0.998747	0.00124317	8.37925e-06
Cell_180	0.0174852	0.000593313	0.0590305	0.45605	0.0163359	0.450505
Cell_181	5.64803e-05	4.89696e-08	4.872e-06	0.998658	0.00124307	3.71818e-05
Cell_182	9.08231e-05	0.0013117	0.000286696	0.00236885	2.9486e-06	0.995939
Cell_183	0.0188962	0.000641243	0.000138314	0.492852	0.000613487	0.486859
Cell_184	0.0185181	0.0180826	0.00269219	0.482989	0.00060119	0.477117
Cell_185	4.78474e-07	0.00116306	0.115717	4.62508e-07	5.757e-10	0.883119
Cell_186	1.02757e-07	0.00116311	0.115717	6.08248e-08	7.57113e-11	0.88312
Cell_187	0.0188469	0.000645614	0.00274014	0.491566	0.000611892	0.485589
Cell_188	0.0188961	0.000642168	0.000141325	0.49285	0.000613648	0.486857
Cell_189	5.74147e-05	0.00131658	0.000285287	0.0014975	1.86406e-06	0.996841
Cell_190	1.1617e-07	0.00131492	0.00028421	3.02997e-06	3.77166e-09	0.998398
Cell_191	1.07365e-09	6.46031e-13	1.39307e-13	0.998757	0.0012432	4.90489e-10
Cell_192	0.0188962	0.000641194	0.000138271	0.492852	0.000613466	0.486859
Cell_193	5.71031e-06	3.28867e-09	3.27204e-07	0.96541	0.0345814	2.49713e-06
Cell_194	0.0174852	0.000593308	0.0590305	0.45605	0.0163359	0.450505
Cell_195	1.90896e-07	0.00116307	0.115717	9.02224e-08	1.12304e-10	0.88312
Cell_196	7.77299e-07	1.65343e-08	2.46165e-09	0.998756	0.00124318	4.36264e-07
Cell_197	0.018847	0.000639534	0.00274003	0.491569	0.000611872	0.485592
Cell_198	0.0188962	0.000641198	0.000138413	0.492852	0.000613594	0.486859
Cell_199	0.0185181	0.0180826	0.00269215	0.482989	0.000601192	0.477117
Cell_200	0.0185796	0.00063053	0.000136343	0.484594	0.0173583	0.478702
Cell_201	3.66614e-06	0.00131475	0.00028354	9.56205e-05	1.19024e-07	0.998302
Cell_202	0.0185655	0.0181289	0.000135928	0.484227	0.000602743	0.47834
Cell_203	0.0177653	0.000603044	0.0599762	0.463356	0.000576766	0.457722
Cell_204	0.0185077	0.0180724	0.00321256	0.482718	0.000640141	0.476849
Cell_205	2.96777e-11	1	1.00193e-10	7.74056e-10	9.6351e-13	7.64645e-10
Cell_206	0.0361923	2.4385e-05	0.000122124	0.94397	0.001175	0.0185157
Cell_207	1.30647e-08	0.0013068	0.00671407	7.73335e-09	9.6266e-12	0.991979
Cell_208	0.0185158	0.0180803	0.00281379	0.48293	0.000602451	0.477058
Cell_209	0.0177653	0.000602822	0.0599762	0.463356	0.00057677	0.457722
Cell_210	0.018847	0.000639632	0.00274068	0.491569	0.000611952	0.485592
Cell_211	8.94213e-05	7.27716e-08	7.24028e-06	0.998605	0.001243	5.52559e-05
Cell_212	0.0177653	0.000602821	0.0599762	0.463356	0.000576778	0.457722
Cell_213	0.0188382	0.000639591	0.00320657	0.491339	0.000611702	0.485365
Cell_214	3.38341e-07	0.00116305	0.115717	1.54303e-07	1.92064e-10	0.88312
Cell_215	2.37129e-06	0.00116299	0.115709	6.18481e-05	7.69841e-08	0.883063
Cell_216	1.86748e-05	1.17418e-08	5.03079e-08	0.998729	0.00124315	8.91568e-06
Cell_217	0.0172017	0.0167972	0.0580734	0.448656	0.016071	0.443201
Cell_218	2.58206e-05	2.9619e-08	2.9465e-06	0.965369	0.0345799	2.24869e-05
Cell_219	1.98013e-05	6.71982e-07	3.38613e-06	0.964903	0.0345632	0.000510179
Cell_220	0.0188382	0.000639781	0.00320275	0.49134	0.000614339	0.485365
Cell_221	0.0177653	0.000602857	0.0599762	0.463356	0.000576758	0.457722
Cell_222	2.12248e-07	0.00116306	0.115717	1.51824e-07	1.88986e-10	0.88312
Cell_223	1.15949e-07	0.00138255	0.00560606	5.71727e-08	7.11816e-11	0.993011
Cell_224	0.0188462	0.000641767	0.00277711	0.491548	0.000614964	0.485572
Cell_225	0.0177653	0.000602813	0.0599762	0.463356	0.000576751	0.457723
Cell_226	0.0177653	0.000602815	0.0599762	0.463356	0.000576755	0.457723
Cell_227	7.25593e-12	7.0853e-12	1.23383e-12	1.8925e-10	1	1.86949e-10
Cell_228	0.0177653	0.000602811	0.0599762	0.463356	0.000576754	0.457723
Cell_229	0.0188962	0.000641674	0.000138317	0.492851	0.000613577	0.486859
Cell_230	4.92076e-07	0.00130663	0.0065435	1.28344e-05	1.59753e-08	0.992137
Cell_231	1.69107e-06	5.73812e-08	5.7091e-06	0.998706	0.00124312	4.35703e-05
Cell_232	0.018532	0.00062884	0.00269419	0.483354	0.0173139	0.477477
Cell_233	4.57098e-06	0.00116292	0.115703	0.000119221	1.48397e-07	0.883011
Cell_234	0.018847	0.000639536	0.00274008	0.491569	0.000612732	0.485592
Cell_235	1.01073e-06	0.0011631	0.115717	8.17878e-07	2.92967e-08	0.883118
Cell_236	0.0174852	0.000593402	0.0590305	0.45605	0.0163359	0.450505
Cell_237	0.0177653	0.000602884	0.0599762	0.463356	0.000576819	0.457722
Cell_238	1.23783e-05	7.88874e-09	7.84793e-07	0.9654	0.034581	5.98933e-06
Cell_239	0.0185655	0.0181289	0.000136063	0.484227	0.000602791	0.47834
Cell_240	3.24358e-08	0.00130806	0.00560355	1.533e-08	5.49127e-10	0.993088
Cell_241	0.018518	0.0180825	0.00269711	0.482987	0.000601296	0.477114
Cell_242	6.26278e-07	0.0363177	0.00540732	1.63346e-05	2.03713e-08	0.958258
Cell_243	1.40788e-07	0.00116308	0.115717	5.53733e-08	6.89255e-11	0.88312
Cell_244	6.6598e-06	0.00116288	0.115696	0.000173701	2.16221e-07	0.882961
Cell_245	0.0177639	0.000614116	0.0599715	0.463319	0.000645218	0.457686
Cell_246	0.0188962	0.000641196	0.000138303	0.492852	0.000613482	0.486859
Cell_247	0.0362912	2.09008e-05	8.95484e-05	0.94655	0.0011782	0.0158702
Cell_248	0.0188961	0.000644902	0.000139451	0.492849	0.000613524	0.486857
Cell_249	1.25523e-05	1.02153e-08	1.01634e-06	0.998736	0.00124316	7.75644e-06
Cell_250	0.0174852	0.000593343	0.0590305	0.45605	0.0163359	0.450505
Cell_251	0.0172017	0.0167972	0.0580734	0.448656	0.016071	0.443201
Cell_252	0.0177653	0.000602868	0.0599762	0.463356	0.00057679	0.457722
Cell_253	0.0188962	0.000642016	0.000138542	0.492851	0.000613502	0.486859
Cell_254	0.0188383	0.000639366	0.0032026	0.491341	0.000611619	0.485367
Cell_255	3.55681e-07	0.00116345	0.115717	1.32919e-07	1.65448e-10	0.883119
Cell_256	0.0188962	0.000641185	0.000138295	0.492852	0.000613465	0.486859
Cell_257	0.0188452	0.000715422	0.00275516	0.491523	0.000613873	0.485547
Cell_258	0.018847	0.000639638	0.00274042	0.491569	0.000611896	0.485592
Cell_259	1.74191e-05	1.65676e-08	1.64838e-06	0.998725	0.00124314	1.258e-05
Cell_260	0.0188899	0.000944891	0.000164028	0.492689	0.00061439	0.486698
Cell_261	0.0188962	0.000641206	0.000138645	0.492852	0.000613468	0.486859
Cell_262	1.25191e-05	8.65892e-09	1.86682e-09	0.9654	0.034581	6.57122e-06
Cell_263	0.0188379	0.000639333	0.00321991	0.491333	0.000611839	0.485358
Cell_264	8.81966e-12	1.05615e-10	0.999918	2.30035e-10	8.15296e-05	8.01771e-08
Cell_265	0.0188927	0.000797974	0.000144992	0.492762	0.000632577	0.48677
Cell_266	0.0188961	0.000642924	0.000139485	0.49285	0.000614004	0.486857
Cell_267	0.0188962	0.000641187	0.00013828	0.492852	0.000613478	0.486859
Cell_268	0.0188962	0.000641186	0.000138281	0.492852	0.000613468	0.486859
Cell_269	0.0172017	0.0167972	0.0580734	0.448656	0.016071	0.443201
Cell_270	0.0362918	2.08799e-05	8.94589e-05	0.946565	0.00117821	0.0158544
Cell_271	3.43605e-05	1.166e-06	0.000116002	0.997721	0.00124195	0.000885296
Cell_272	0.0172017	0.0167972	0.0580734	0.448656	0.016071	0.443201
Cell_273	0.0188962	0.000641244	0.00013836	0.492852	0.000613468	0.486859
Cell_274	0.0177653	0.000602813	0.0599762	0.463356	0.000576754	0.457723
Cell_275	5.75142e-08	0.00125713	0.000295526	0.0439415	5.46965e-05	0.954451
Cell_276	1.03075e-06	6.24219e-10	6.21058e-08	0.998755	0.00124318	4.73975e-07
Cell_277	0.018847	0.000639515	0.00274	0.491569	0.000611869	0.485592
Cell_278	3.60819e-09	1.22433e-10	1.21813e-08	0.998757	0.00124318	9.29647e-08
Cell_279	3.23287e-05	1.09699e-06	5.49479e-06	0.997886	0.00124211	0.000832946
Cell_280	1.86993e-08	6.34555e-10	0.999999	4.87716e-07	6.07073e-10	4.81786e-07
Cell_281	0.0177653	0.000602812	0.0599762	0.463356	0.000576753	0.457723
Cell_282	1.88142e-07	6.38571e-09	3.19701e-08	0.998752	0.00124322	4.84746e-06
Cell_283	1.99085e-07	0.0324223	0.112095	5.19256e-06	7.51874e-09	0.855477
Cell_284	0.0188469	0.000643758	0.00274095	0.491567	0.0006119	0.48559
Cell_285	0.0174852	0.000593369	0.0590305	0.45605	0.0163359	0.450505
Cell_286	0.0188962	0.0006412	0.000138329	0.492852	0.000613505	0.486859
Cell_287	7.53295e-12	4.48379e-15	1.71301e-07	0.998757	0.0012432	3.40459e-12
Cell_288	4.43671e-10	0.00130788	0.00560365	1.78416e-10	2.2208e-13	0.993088
Cell_289	0.018532	0.000628831	0.00269424	0.483354	0.0173139	0.477477
Cell_290	8.94219e-05	7.2774e-08	1.56934e-08	0.998612	0.001243	5.52563e-05
Cell_291	1.83641e-08	0.0012377	0.00530527	0.0536264	6.67505e-05	0.939764
Cell_292	0.018847	0.000639538	0.00274032	0.491569	0.00061193	0.485592
Cell_293	2.04833e-05	6.95199e-07	6.91524e-05	0.99814	0.00124242	0.000527752
Cell_294	0.0188356	0.000878826	0.00310148	0.491272	0.000612927	0.485299
Cell_295	0.018518	0.0180825	0.00269528	0.482988	0.000601333	0.477115
Cell_296	0.018847	0.00063953	0.0027401	0.491569	0.000611886	0.485592
Cell_297	1.24667e-06	4.23022e-08	0.999966	6.86663e-07	8.54732e-10	3.21204e-05
Cell_298	1.11543e-05	1.28093e-08	1.27398e-06	0.998735	0.00124321	9.72269e-06
Cell_299	0.0177653	0.000602913	0.0599762	0.463356	0.000576756	0.457722
Cell_300	9.09748e-10	3.08703e-11	3.07134e-09	0.998757	0.00124318	2.34396e-08
Cell_301	3.69298e-05	1.25322e-06	0.998013	0.000963206	3.45024e-05	0.000951495
Cell_302	0.0177653	0.000602818	0.0599762	0.463356	0.000576753	0.457723
Cell_303	1.75704e-06	0.00131487	0.000283599	4.58273e-05	5.7044e-08	0.998354
Cell_304	2.89111e-11	0.00130788	0.00560359	1.14889e-11	1.43005e-14	0.993089
Cell_305	2.2309e-06	2.29019e-09	4.93889e-10	0.998753	0.00124322	1.73893e-06
Cell_306	6.76026e-13	0.00131487	0.000283582	2.59658e-13	3.23203e-16	0.998402
Cell_307	0.0188378	0.000640624	0.00322484	0.491329	0.000612645	0.485355
Cell_308	0.0174727	0.0170618	0.0589885	0.455725	0.000567314	0.450184
Cell_309	0.0177653	0.000602815	0.0599762	0.463356	0.000576826	0.457722
Cell_310	0.017468	0.0170573	0.0589726	0.455603	0.000835993	0.450063
Cell_311	0.0177653	0.00060289	0.0599762	0.463356	0.000576761	0.457722
Cell_312	0.018847	0.000639527	0.00274006	0.491569	0.000611883	0.485592
Cell_313	0.0172017	0.0167972	0.0580734	0.448656	0.016071	0.443201
Cell_314	1.85975e-09	2.76783e-12	2.75378e-10	0.998757	0.00124318	2.10161e-09
Cell_315	0.0185796	0.000630848	0.000136302	0.484594	0.0173583	0.478701
Cell_316	2.04847e-05	6.97076e-07	2.98047e-06	0.998205	0.00124268	0.000527787
Cell_317	1.79767e-09	3.34863e-11	4.98548e-12	0.965418	0.0345816	8.83551e-10
Cell_318	0.0177653	0.000602985	0.0599762	0.463356	0.000576773	0.457722
Cell_319	3.65373e-09	0.00130788	0.00560355	1.5136e-09	5.42177e-11	0.993089
Cell_320	2.00827e-05	0.00130716	0.00560048	0.000523799	6.51987e-07	0.992548
Cell_321	0.000168507	1.2011e-07	0.995188	0.00439501	0.000157431	9.11906e-05
Cell_322	1.44219e-08	0.00116312	0.115717	7.11121e-09	2.54726e-10	0.88312
Cell_323	1.14512e-07	3.88569e-09	1.66496e-08	0.998754	0.0012432	2.95041e-06
Cell_324	0.0177653	0.000602848	0.0599762	0.463356	0.000576814	0.457722
Cell_325	0.0188962	0.000641364	0.000138275	0.492852	0.000613468	0.486859
Cell_326	0.018819	0.000640841	0.00420954	0.490839	0.000620536	0.484871
Cell_327	0.516249	0.000320875	0.0319252	0.207602	0.000258409	0.243645
Cell_328	0.0188382	0.000639415	0.00320558	0.49134	0.000611604	0.485366
Cell_329	0.0188459	0.000695111	0.00274203	0.491541	0.00061217	0.485564
Cell_330	7.95451e-08	2.69968e-09	0.999996	2.0747e-06	2.584e-09	2.04947e-06
Cell_331	0.018847	0.000639524	0.00274112	0.491569	0.000611908	0.485592
Cell_332	0.0177653	0.000603478	0.0599762	0.463356	0.000577242	0.457722
Cell_333	4.38001e-07	0.00116305	0.115715	1.1424e-05	4.09211e-07	0.883109
Cell_334	0.0177653	0.000602811	0.0599762	0.463356	0.000576752	0.457723
Cell_335	0.0188461	0.000659526	0.00276843	0.491544	0.0006139	0.485568
Cell_336	6.73166e-08	1.22734e-05	0.00122113	0.988217	0.00123006	0.00931934
Cell_337	0.0177653	0.000602814	0.0599762	0.463356	0.000576752	0.457723
Cell_338	2.04847e-05	6.9529e-07	3.01505e-06	0.998205	0.00124289	0.000527787
Cell_339	0.0323718	0.00109845	0.109288	0.023156	2.88234e-05	0.834057
Cell_340	0.0177653	0.000603627	0.0599762	0.463356	0.000576756	0.457722
Cell_341	0.0188958	0.000661267	0.00013889	0.492841	0.00061352	0.486849
Cell_342	3.64979e-09	0.00130666	0.00654421	1.37364e-09	1.70982e-12	0.992149
Cell_343	0.0174852	0.000593891	0.0590305	0.45605	0.0163359	0.450505
Cell_344	0.0177652	0.00060856	0.0599759	0.463354	0.000576778	0.45772
Cell_345	0.0172017	0.0167972	0.0580734	0.448656	0.016071	0.443201
Cell_346	0.0177653	0.00060293	0.0599762	0.463356	0.000576784	0.457722
Cell_347	8.82779e-10	5.82026e-13	2.49378e-12	0.965418	0.0345816	4.41936e-10
Cell_348	4.39573e-12	0.00131488	0.000283969	1.65621e-12	2.06154e-15	0.998401
Cell_349	3.66614e-06	0.00131475	0.000283877	9.56204e-05	1.19022e-07	0.998302
Cell_350	0.0188962	0.000641198	0.000138294	0.492852	0.00061348	0.486859
Cell_351	0.0182062	0.0177781	0.00306914	0.474855	0.0170095	0.469082
Cell_352	0.0177653	0.000602823	0.0599762	0.463356	0.000576761	0.457722
Cell_353	8.92199e-05	3.0293e-06	1.29721e-05	0.996356	0.00124021	0.00229875
Cell_354	0.0177635	0.000703616	0.0599701	0.463309	0.000577974	0.457676
Cell_355	0.0188962	0.000641184	0.000138271	0.492852	0.000613467	0.486859
Cell_356	0.0188306	0.000694546	0.00355127	0.491141	0.000612763	0.48517
Cell_357	0.0177653	0.000602862	0.0599762	0.463356	0.000576786	0.457722
Cell_358	0.0185796	0.00063047	0.000136895	0.484593	0.0173583	0.478701
Cell_359	2.12248e-07	0.00116305	0.115717	1.51824e-07	5.4384e-09	0.88312
Cell_360	0.0188961	0.000642539	0.000138401	0.49285	0.00061553	0.486857
Cell_361	0.000180156	6.13899e-06	0.990467	0.00469885	5.85007e-06	0.00464172
Cell_362	0.0188962	0.000642052	0.000138299	0.492851	0.000613475	0.486859
Cell_363	0.0174852	0.000593307	0.0590305	0.45605	0.0163359	0.450505
Cell_364	7.7092e-06	0.00116305	0.115716	2.96107e-06	3.68574e-09	0.883111
Cell_365	0.0185796	0.000631453	0.000136026	0.484593	0.0173583	0.478701
Cell_366	7.50826e-11	2.47821e-12	8.56801e-12	0.965418	0.0345816	6.53887e-11
Cell_367	0.0177653	0.000602835	0.0599762	0.463356	0.000576767	0.457722
Cell_368	2.77338e-06	0.000994705	0.0989554	0.139837	0.00500901	0.755201
Cell_369	4.21479e-06	0.00130569	0.00716208	0.00010993	1.3684e-07	0.991418
Cell_370	1.14512e-07	3.89067e-09	3.86597e-07	0.998753	0.00124322	2.9504e-06
Cell_371	1.25254e-09	0.00130666	0.00654441	1.10222e-09	1.37199e-12	0.992149
Cell_372	3.24313e-06	0.00116305	0.115716	1.43511e-06	5.1406e-08	0.883116
Cell_373	0.0185795	0.000630626	0.000137852	0.484593	0.0173583	0.478701
Cell_374	0.0177653	0.000602819	0.0599762	0.463356	0.000576753	0.457723
Cell_375	6.93653e-11	1.18291e-12	4.08973e-12	0.998757	0.00124318	3.12117e-11
Cell_376	0.0174727	0.0170618	0.0589885	0.455725	0.000567256	0.450184
Cell_377	7.51352e-07	5.55378e-10	5.52564e-08	0.965417	0.0345816	4.21702e-07
Cell_378	2.83675e-06	0.00116297	0.115708	7.39883e-05	9.20958e-08	0.883052
Cell_379	4.08424e-13	1.38611e-14	7.87246e-14	1.06525e-11	1	1.0523e-11
Cell_380	0.0177653	0.000602832	0.0599762	0.463356	0.00057677	0.457722
Cell_381	1.42091e-20	1	3.59668e-16	7.00631e-21	2.3384e-13	2.74489e-15
Cell_382	0.0188383	0.000639267	0.00320237	0.491341	0.000611591	0.485367
Cell_383	0.0174852	0.000593307	0.0590305	0.45605	0.0163359	0.450505
Cell_384	0.0177653	0.000602882	0.0599762	0.463356	0.000576768	0.457722
Cell_385	1.52115e-09	0.0324225	0.112095	3.96749e-08	4.93844e-11	0.855482
Cell_386	2.55439e-16	2.49432e-16	1	6.66238e-15	2.38649e-16	6.58137e-15
Cell_387	0.0177653	0.000602813	0.0599762	0.463356	0.000577532	0.457722
Cell_388	0.0174727	0.0170618	0.0589885	0.455725	0.000567259	0.450184
Cell_389	3.3809e-10	2.75139e-13	2.73746e-11	0.965418	0.0345816	2.08915e-10
Cell_390	0.0188962	0.000641237	0.000138342	0.492852	0.000613534	0.486859
Cell_391	0.0188961	0.00064121	0.000139857	0.492851	0.000613754	0.486858
Cell_392	7.39699e-06	6.41369e-09	6.38065e-07	0.998744	0.0012432	4.86954e-06
Cell_393	0.000205912	0.00130045	0.00557127	0.00537062	0.000192378	0.987359
Cell_394	2.92857e-07	0.00116304	0.115716	7.63833e-06	9.50783e-09	0.883113
Cell_395	3.11556e-10	1.06998e-11	1	8.12603e-09	1.01149e-11	8.02723e-09
Cell_396	0.018847	0.000639666	0.00274004	0.491569	0.000612028	0.485592
Cell_397	2.0977e-23	1	1.53527e-25	5.47124e-22	1.95982e-23	5.40472e-22
Cell_398	0.0174727	0.0170618	0.0589885	0.455725	0.000567254	0.450184
Cell_399	0.0172017	0.0167972	0.0580734	0.448656	0.016071	0.443201
Cell_400	0.0361857	2.19141e-05	0.00218029	0.943798	0.00117477	0.0166394
Cell_401	4.31497e-07	3.3323e-10	3.31502e-08	0.998756	0.00124324	2.52993e-07
Cell_402	0.0177653	0.000602821	0.0599762	0.463356	0.000576753	0.457723
Cell_403	5.71336e-18	1	2.25751e-12	1.75457e-11	2.18397e-14	1.72287e-11
Cell_404	0.0177653	0.000603165	0.0599762	0.463356	0.000576778	0.457722
Cell_405	0.0185653	0.0181287	0.000146875	0.484222	0.000602839	0.478334
Cell_406	0.0172017	0.0167972	0.0580734	0.448656	0.016071	0.443201
Cell_407	0.018847	0.000639517	0.00274001	0.491569	0.000611871	0.485592
Cell_408	0.0174727	0.0170618	0.0589885	0.455725	0.00056726	0.450184
Cell_409	0.0174852	0.00059334	0.0590305	0.45605	0.0163359	0.450505
Cell_410	0.000106774	3.62308e-06	7.83519e-07	0.995898	0.00123963	0.00275103
Cell_411	8.47763e-07	0.00116321	0.115717	5.01814e-07	1.79752e-08	0.883119
Cell_412	1.13656e-06	0.00130784	0.00560339	2.96438e-05	3.68985e-08	0.993058
Cell_413	0.018847	0.000639677	0.00274088	0.491569	0.000611899	0.485592
Cell_414	0.0177653	0.000602812	0.0599762	0.463356	0.000576752	0.457723
Cell_415	0.018847	0.00063962	0.0027403	0.491569	0.000611918	0.485592
Cell_416	0.0188962	0.000641335	0.000138284	0.492852	0.000613475	0.486859
Cell_417	1.4256e-05	0.00131437	0.00028344	0.000371825	4.6282e-07	0.998016
Cell_418	0.0182137	0.0177854	0.00265582	0.475052	0.0170166	0.469276
Cell_419	1.88999e-10	3.30775e-08	0.999975	4.9295e-09	1.76576e-10	2.50577e-05
Cell_420	0.0177653	0.000602819	0.0599762	0.463356	0.000576757	0.457723
Cell_421	0.0177653	0.000602839	0.0599762	0.463356	0.000576776	0.457722
Cell_422	0.018847	0.000639523	0.00274005	0.491569	0.000611873	0.485592
Cell_423	0.0188435	0.000746394	0.00281557	0.491478	0.000615082	0.485502
Cell_424	0.0185234	0.000632432	0.00315762	0.483128	0.0173058	0.477253
Cell_425	2.0088e-06	0.00116302	0.115711	5.23938e-05	6.52162e-08	0.883072
Cell_426	0.0177652	0.000606308	0.059976	0.463355	0.000577077	0.457721
Cell_427	0.0177653	0.000602813	0.0599762	0.463356	0.000576756	0.457723
Cell_428	0.0177653	0.000602815	0.0599762	0.463356	0.000576755	0.457723
Cell_429	0.0188383	0.000639266	0.0032025	0.491341	0.000611654	0.485367
Cell_430	0.000424337	1.46698e-05	3.11412e-06	0.987361	0.00126356	0.010933
Cell_431	4.07014e-06	0.0362849	0.00631438	2.62609e-06	3.26879e-09	0.957394
Cell_432	0.036005	3.12174e-05	6.73308e-06	0.939085	0.00116898	0.0237026
Cell_433	1.10509e-07	2.14268e-09	1.60955e-11	0.998757	0.00124319	5.65355e-08
Cell_434	1.28983e-10	7.44568e-14	3.19007e-13	0.998757	0.00124318	5.65361e-11
Cell_435	3.09473e-05	0.00116252	0.11562	0.00080717	1.00542e-06	0.882379
Cell_436	0.0177653	0.000602825	0.0599762	0.463356	0.00057676	0.457722
Cell_437	0.0174852	0.000593313	0.0590305	0.45605	0.0163359	0.450505
Cell_438	1.00888e-07	6.42975e-11	3.22166e-10	0.965418	0.0345816	4.88156e-08
Cell_439	3.24358e-08	0.00130788	0.00560357	1.533e-08	1.90817e-11	0.993089
Cell_440	0.0188962	0.000641188	0.000139224	0.492851	0.000613468	0.486859
Cell_441	1.40788e-07	0.00116307	0.115717	5.53733e-08	6.8925e-11	0.88312
Cell_442	0.0188962	0.000641598	0.000138333	0.492851	0.000613471	0.486859
Cell_443	4.95171e-05	4.83526e-05	7.19891e-06	0.997378	0.00124149	0.0012758
Cell_444	0.018847	0.000639518	0.00273999	0.491569	0.000611871	0.485592
Cell_445	0.0188944	0.000696898	0.000160898	0.492805	0.000630659	0.486813
Cell_446	0.0185147	0.0180793	0.00269354	0.482901	0.000782014	0.47703
Cell_447	1.08804e-06	3.69269e-08	0.999942	2.83783e-05	3.53234e-08	2.80332e-05
Cell_448	0.0172017	0.0167972	0.0580734	0.448656	0.016071	0.443201
Cell_449	0.532692	0.00935321	0.00139252	0.209513	0.000260787	0.246788
Cell_450	1.294e-11	0.00116306	0.115717	5.03814e-12	1.80468e-13	0.88312
Cell_451	0.0185179	0.0180825	0.00269824	0.482986	0.000601461	0.477114
Cell_452	0.0174722	0.0170613	0.0589866	0.455711	0.000599667	0.45017
Cell_453	7.39989e-05	5.1163e-08	5.08951e-06	0.998639	0.00124327	3.88418e-05
Cell_454	0.0177653	0.000602927	0.0599762	0.463356	0.000576862	0.457722
Cell_455	0.0177653	0.000602813	0.0599762	0.463356	0.000576752	0.457723
Cell_456	0.000159051	0.00116356	0.115685	0.000113772	1.4165e-07	0.882878
Cell_457	0.018847	0.000641669	0.00274002	0.491568	0.00061188	0.485591
Cell_458	8.6045e-20	1	2.90491e-19	2.24423e-18	2.79348e-21	2.21695e-18
Cell_459	0.0172017	0.0167972	0.0580734	0.448656	0.016071	0.443201
Cell_460	0.522955	0.000312844	0.0311261	0.200865	0.00719506	0.237546
Cell_461	0.000179803	0.00133919	0.000285917	0.000128616	1.60191e-07	0.998066
Cell_462	0.018518	0.0180825	0.00269441	0.482988	0.000601426	0.477116
Cell_463	2.0754e-05	0.00130792	0.00560411	1.07631e-05	3.85538e-07	0.993056
Cell_464	0.0188383	0.000639232	0.00320117	0.491342	0.00061159	0.485368
Cell_465	0.0177653	0.000603257	0.0599762	0.463356	0.000577299	0.457722
Cell_466	6.65226e-05	0.00116103	0.115508	0.00173505	2.1597e-06	0.881527
Cell_467	1.34261e-06	9.56918e-10	9.52046e-08	0.998755	0.0012432	7.26576e-07
Cell_468	1.02757e-07	0.00116313	0.115717	6.08248e-08	7.5712e-11	0.88312
Cell_469	0.0188961	0.000644071	0.000139181	0.49285	0.000613477	0.486857
Cell_470	0.0174727	0.0170618	0.0589885	0.455725	0.000567259	0.450184
Cell_471	0.018847	0.000639526	0.00273998	0.491569	0.000611871	0.485592
Cell_472	1.04372e-07	6.65104e-11	6.61728e-09	0.998757	0.00124319	5.05013e-08
Cell_473	7.35906e-09	2.21544e-08	0.999983	4.35603e-09	5.42209e-12	1.68144e-05
Cell_474	0.0174852	0.000593312	0.0590305	0.45605	0.0163359	0.450505
Cell_475	0.018847	0.000639516	0.00273999	0.491569	0.00061187	0.485592
Cell_476	9.73004e-06	0.0324219	0.112093	7.87347e-06	9.80045e-09	0.855467
Cell_477	9.39088e-09	6.49225e-12	2.78286e-11	0.998757	0.00124321	4.92925e-09
Cell_478	0.0174852	0.000593313	0.0590305	0.45605	0.0163359	0.450505
Cell_479	2.98824e-06	0.0308393	0.00459139	0.15067	0.000187544	0.813708
Cell_480	0.0177653	0.000602849	0.0599762	0.463356	0.000576765	0.457722
Cell_481	0.018847	0.00063969	0.00273998	0.491569	0.000611875	0.485592
Cell_482	0.0185158	0.000628281	0.00356896	0.48293	0.0172987	0.477058
Cell_483	0.0174852	0.000593962	0.0590305	0.45605	0.0163359	0.450505
Cell_484	2.18245e-05	1.28834e-08	5.51963e-08	0.998725	0.00124315	9.78174e-06
Cell_485	0.0177653	0.000602817	0.0599762	0.463356	0.000576758	0.457723
Cell_486	4.1688e-06	1.41456e-07	6.0606e-07	0.998645	0.00124304	0.000107409
Cell_487	0.018847	0.000639523	0.00273999	0.491569	0.000611873	0.485592
Cell_488	0.0172017	0.0167972	0.0580734	0.448656	0.016071	0.443201
Cell_489	0.018847	0.00063953	0.00273998	0.491569	0.000611872	0.485592
Cell_490	0.0188469	0.000642227	0.00274054	0.491568	0.000611972	0.485591
Cell_491	0.0188383	0.00063953	0.00320153	0.491342	0.00061159	0.485367
Cell_492	0.0177653	0.000602813	0.0599762	0.463356	0.000576753	0.457723
Cell_493	5.05504e-14	2.91809e-17	2.90333e-15	0.998757	0.00124318	2.21574e-14
Cell_494	4.38006e-07	0.00116305	0.115717	2.82605e-07	3.51766e-10	0.883119
Cell_495	0.018896	0.000641725	0.000141418	0.492848	0.000617533	0.486855
Cell_496	0.0177653	0.000602826	0.0599762	0.463356	0.00057676	0.457722
Cell_497	0.0188962	0.000641816	0.000138433	0.492851	0.00061361	0.486859
Cell_498	7.77299e-07	5.74556e-10	2.46165e-09	0.998756	0.00124318	4.36264e-07
Cell_499	0.0177653	0.000602813	0.0599762	0.463356	0.000576752	0.457723
Cell_500	0.0188962	0.000641202	0.000138298	0.492852	0.000613467	0.486859
Cell_501	0.0188962	0.000641691	0.000139009	0.492851	0.000613524	0.486859
Cell_502	0.521517	0.000337574	0.00144632	0.220102	0.000273966	0.256324
Cell_503	0.0174852	0.000593323	0.0590305	0.45605	0.0163359	0.450505
Cell_504	0.0188317	0.000941978	0.00295754	0.49117	0.000901256	0.485198
Cell_505	0.0185079	0.000628604	0.00399395	0.482724	0.0172913	0.476854
Cell_506	0.000107863	7.2675e-08	7.23057e-06	0.998587	0.00124297	5.51818e-05
Cell_507	0.0185195	0.000782212	0.00321273	0.483028	0.0173023	0.477155
Cell_508	0.0188462	0.000648667	0.00277102	0.491549	0.000612969	0.485572
Cell_509	1.66514e-07	9.71335e-11	9.66422e-09	0.998757	0.00124318	7.37547e-08
Cell_510	0.0188467	0.000652759	0.00274499	0.49156	0.000611916	0.485583
Cell_511	0.0185231	0.00092654	0.00287854	0.48312	0.0173055	0.477246
Cell_512	0.0177623	0.000724054	0.059966	0.463277	0.00062682	0.457644
Cell_513	0.000204461	1.5113e-07	1.50366e-05	0.998423	0.00124277	0.000114755
Cell_514	0.0177653	0.000603256	0.0599761	0.463355	0.000578806	0.457721
Cell_515	0.0177653	0.000603478	0.0599762	0.463356	0.000576754	0.457722
Cell_516	0.0188962	0.000641205	0.000138298	0.492852	0.000613469	0.486859
Cell_517	0.0188382	0.000639397	0.00320317	0.491341	0.000611901	0.485367
Cell_518	5.63897e-05	1.91346e-06	0.000190373	0.997057	0.00124107	0.00145288
Cell_519	1.3098e-05	0.00130624	0.0065411	0.000341624	4.25229e-07	0.991798
Cell_520	0.0174852	0.000593309	0.0590305	0.45605	0.0163359	0.450505
Cell_521	0.0185174	0.0180819	0.00269729	0.482972	0.000631376	0.4771
Cell_522	1.32178e-13	0.00130788	0.00560355	4.79767e-14	5.97178e-17	0.993089
Cell_523	0.0174727	0.0170618	0.0589885	0.455725	0.000567255	0.450184
Cell_524	0.0185655	0.0181289	0.000135879	0.484227	0.000602749	0.47834
Cell_525	0.018532	0.000628827	0.00269418	0.483354	0.0173139	0.477477
Cell_526	1.78702e-05	0.0324068	0.112041	0.000466091	5.80157e-07	0.855068
Cell_527	0.0188383	0.000639272	0.00320139	0.491342	0.000611727	0.485368
Cell_528	0.0177653	0.000605367	0.0599761	0.463355	0.000576777	0.457721
Cell_529	0.000136594	4.63494e-06	0.000461147	0.99464	0.00123807	0.00351935
Cell_530	0.018843	0.000795876	0.00274713	0.491466	0.000657742	0.48549
Cell_531	0.0185096	0.0180743	0.00314754	0.482769	0.000600958	0.476899
Cell_532	6.6598e-06	0.00116287	0.115696	0.000173701	2.16214e-07	0.882961
Cell_533	0.0188962	0.000641197	0.000138607	0.492851	0.000613671	0.486859
Cell_534	0.018847	0.000639518	0.00273998	0.491569	0.00061187	0.485592
Cell_535	0.439362	0.000380922	0.00163204	0.260071	0.00931583	0.289238
Cell_536	0.00025216	0.00116257	0.115669	0.000162696	2.02512e-07	0.882754
Cell_537	0.0177653	0.000603165	0.0599762	0.463356	0.000576753	0.457722
Cell_538	0.00100262	3.41132e-05	7.35628e-06	0.971914	0.00120979	0.0258324
Cell_539	7.48327e-06	0.00130663	0.00654435	4.42956e-06	5.5136e-09	0.992137
Cell_540	0.0188434	0.000704164	0.00284854	0.491474	0.000630925	0.485499
Cell_541	3.27636e-05	0.00130806	0.00560335	1.61552e-05	2.011e-08	0.99304
Cell_542	0.0172017	0.0167972	0.0580734	0.448656	0.016071	0.443201
Cell_543	0.0174852	0.000595419	0.0590304	0.456049	0.0163359	0.450504
Cell_544	0.0177653	0.000602847	0.0599762	0.463356	0.000576757	0.457722
Cell_545	3.20315e-08	2.28292e-11	2.27136e-09	0.998757	0.00124318	1.73344e-08
Cell_546	0.0188379	0.000639269	0.00321991	0.491333	0.000611839	0.485359
Cell_547	0.0174852	0.000593464	0.0590305	0.45605	0.0163359	0.450505
Cell_548	0.0177653	0.000602813	0.0599762	0.463356	0.000576754	0.457723
Cell_549	1.20285e-09	0.00116311	0.115717	7.11999e-10	8.8627e-13	0.88312
Cell_550	0.018847	0.000639584	0.0027403	0.491569	0.000611882	0.485592
Cell_551	0.0188962	0.00064119	0.000138275	0.492852	0.000613468	0.486859
Cell_552	4.31492e-07	1.46424e-08	3.15738e-09	0.998745	0.00124317	1.11174e-05
