cell	Node 0	Node 1	Node 2
Cell_0	1.39347e-41	1.5993e-11	1
Cell_1	2.78343e-30	9.80164e-12	1
Cell_2	6.72552e-28	0.989895	0.0101052
Cell_3	6.60529e-31	0.99235	0.00764997
Cell_4	4.90427e-08	0.992064	0.00793582
Cell_5	2.6665e-24	6.3445e-10	1
Cell_6	2.29338e-70	0.00462743	0.995373
Cell_7	9.90893e-42	0.992358	0.00764182
Cell_8	4.40762e-78	4.45573e-12	1
Cell_9	3.1167e-24	0.992415	0.00758534
Cell_10	6.23371e-51	0.992452	0.00754844
Cell_11	1.10891e-39	0.992341	0.00765907
Cell_12	2.6532e-28	0.00225633	0.997744
Cell_13	3.94008e-46	0.992447	0.00755276
Cell_14	6.76528e-27	0.992109	0.00789053
Cell_15	1.26616e-21	0.0285079	0.971492
Cell_16	1.04172e-22	0.99245	0.00754972
Cell_17	8.98554e-39	0.99245	0.0075496
Cell_18	5.21783e-33	0.992438	0.00756249
Cell_19	6.54537e-45	4.02283e-27	1
Cell_20	6.15595e-30	0.992451	0.00754868
Cell_21	3.19999e-27	2.97307e-08	1
Cell_22	2.26719e-24	0.992451	0.00754859
Cell_23	0.998499	0.00148824	1.23331e-05
Cell_24	5.55628e-12	0.992446	0.00755353
Cell_25	7.85796e-22	0.992451	0.00754881
Cell_26	2.77646e-27	0.550011	0.449989
Cell_27	4.25278e-21	0.991536	0.00846388
Cell_28	2.42515e-28	0.0211271	0.978873
Cell_29	4.65374e-30	0.992451	0.00754885
Cell_30	1.33894e-25	0.0681497	0.93185
Cell_31	6.53156e-23	0.992409	0.0075908
Cell_32	5.65784e-23	0.000516021	0.999484
Cell_33	6.80541e-31	3.42535e-07	1
Cell_34	3.90865e-31	0.992451	0.00754906
Cell_35	8.68177e-25	0.974704	0.0252964
Cell_36	1.09176e-40	0.99245	0.00755014
Cell_37	5.13089e-45	0.992343	0.00765702
Cell_38	2.09278e-49	5.56044e-09	1
Cell_39	1.26378e-29	0.992451	0.00754914
Cell_40	1.4324e-48	0.992441	0.00755901
Cell_41	8.21706e-59	0.99245	0.00754989
Cell_42	1.32088e-57	0.99245	0.00755004
Cell_43	3.98633e-18	0.815104	0.184896
Cell_44	4.37779e-34	0.984316	0.0156841
Cell_45	1.00613e-113	0.992452	0.00754841
Cell_46	4.2158e-10	0.992109	0.00789053
Cell_47	1.33533e-46	0.992425	0.00757494
Cell_48	6.65677e-41	0.955067	0.0449335
Cell_49	4.86141e-33	0.992365	0.0076345
Cell_50	6.4615e-25	0.992444	0.00755599
Cell_51	2.01547e-33	6.63387e-06	0.999993
Cell_52	2.97467e-43	0.992451	0.00754894
Cell_53	4.48755e-64	0.992451	0.00754862
Cell_54	4.17565e-50	0.992428	0.00757203
Cell_55	1.23764e-37	0.889613	0.110387
Cell_56	2.13396e-17	0.992229	0.00777095
Cell_57	9.08348e-30	0.992451	0.00754899
Cell_58	0.683166	0.314374	0.0024603
Cell_59	3.48274e-52	0.992451	0.00754935
Cell_60	0.998677	0.00131309	9.98727e-06
Cell_61	2.00318e-36	0.19361	0.80639
Cell_62	2.27002e-50	0.957216	0.042784
Cell_63	6.98882e-71	0.992449	0.00755109
Cell_64	1.09758e-40	0.667757	0.332243
Cell_65	3.12889e-91	0.21313	0.78687
Cell_66	7.12213e-24	0.992452	0.00754845
Cell_67	5.1228e-49	0.992451	0.00754888
Cell_68	4.34817e-49	0.992449	0.00755113
Cell_69	8.18765e-26	0.99245	0.00755006
Cell_70	1.04807e-21	0.992442	0.0075584
Cell_71	1.50632e-36	0.716188	0.283812
Cell_72	1.3969e-57	0.992452	0.00754847
Cell_73	4.36064e-61	0.992451	0.00754854
Cell_74	9.61812e-53	0.992444	0.00755571
Cell_75	6.16125e-29	0.0241657	0.975834
Cell_76	1.38188e-29	0.992451	0.00754862
Cell_77	1.68115e-39	1.46066e-09	1
Cell_78	5.57558e-30	0.992447	0.00755265
Cell_79	4.59017e-57	0.992451	0.00754884
Cell_80	5.17758e-66	0.992432	0.0075678
Cell_81	1.75432e-28	0.992443	0.00755702
Cell_82	1.10087e-62	2.20406e-09	1
Cell_83	3.84395e-50	9.08243e-08	1
Cell_84	4.93563e-11	0.992451	0.00754902
Cell_85	3.60081e-19	0.99004	0.00996025
Cell_86	6.28055e-38	0.992439	0.00756118
Cell_87	2.10273e-27	0.992432	0.00756829
Cell_88	1.5197e-13	0.924908	0.0750923
Cell_89	1.82984e-13	0.992365	0.0076345
Cell_90	4.86593e-22	0.992319	0.00768072
Cell_91	1.5061e-40	0.992451	0.00754854
Cell_92	5.3093e-40	5.14071e-07	0.999999
Cell_93	6.28383e-63	0.992386	0.00761434
Cell_94	1.68533e-29	0.976614	0.0233862
Cell_95	9.84129e-32	0.992451	0.00754891
Cell_96	5.03527e-34	0.992451	0.0075486
Cell_97	5.42319e-54	1.13316e-14	1
Cell_98	7.75002e-57	0.992433	0.00756731
Cell_99	3.5204e-44	0.992452	0.00754848
Cell_100	8.48243e-49	7.90526e-06	0.999992
Cell_101	4.19048e-49	0.992451	0.00754919
Cell_102	2.36569e-33	0.895711	0.104289
Cell_103	0.000468882	0.991985	0.00754643
Cell_104	6.75847e-28	0.785712	0.214288
Cell_105	3.0568e-30	0.992451	0.00754884
Cell_106	3.70958e-46	0.992397	0.00760345
Cell_107	0.998361	0.00162627	1.24481e-05
Cell_108	9.7927e-57	0.992451	0.00754855
Cell_109	1.54416e-26	0.494731	0.505269
Cell_110	2.05971e-63	0.992449	0.00755075
Cell_111	1.88905e-35	0.992452	0.00754848
Cell_112	8.42269e-51	0.99221	0.00779008
Cell_113	5.26626e-52	0.992452	0.00754841
Cell_114	1.39077e-69	0.992448	0.00755181
Cell_115	1.10642e-24	0.988808	0.0111923
Cell_116	5.70872e-46	2.16518e-15	1
Cell_117	9.31312e-24	0.992431	0.00756948
Cell_118	9.30066e-31	0.992409	0.00759079
Cell_119	4.19285e-43	0.99245	0.00754983
Cell_120	1.07195e-66	8.95973e-05	0.99991
Cell_121	8.6927e-61	0.99245	0.00754979
Cell_122	3.85876e-40	0.992451	0.00754882
Cell_123	3.1063e-14	0.9924	0.00759959
Cell_124	3.93378e-18	0.992365	0.0076345
Cell_125	1.02672e-24	0.992448	0.00755192
Cell_126	3.24367e-33	0.990575	0.00942515
Cell_127	1.49597e-31	0.992011	0.0079892
Cell_128	1.37939e-93	0.567844	0.432156
Cell_129	1.19454e-30	0.99245	0.00754976
Cell_130	2.3994e-40	0.992443	0.00755726
Cell_131	5.1878e-41	0.992451	0.00754914
Cell_132	1.11466e-86	0.992451	0.00754856
Cell_133	1.10121e-47	0.99245	0.00755003
Cell_134	6.20246e-08	0.9924	0.00759959
Cell_135	1.15951e-28	0.992113	0.00788667
Cell_136	3.20631e-50	0.992451	0.0075489
Cell_137	8.25174e-24	0.748819	0.251181
Cell_138	3.94523e-26	0.992451	0.00754877
Cell_139	0.99483	0.00513112	3.90505e-05
Cell_140	5.11829e-42	0.992443	0.00755718
Cell_141	3.79013e-45	0.54972	0.45028
Cell_142	1.01476e-26	0.992446	0.00755396
Cell_143	1.84494e-43	0.992451	0.00754875
Cell_144	2.19799e-32	0.992431	0.00756934
Cell_145	1.80316e-30	0.984656	0.0153435
Cell_146	6.44187e-113	0.992451	0.00754921
Cell_147	7.13795e-25	0.99245	0.00755004
Cell_148	4.10136e-62	5.9015e-17	1
Cell_149	1.1293e-36	0.992425	0.0075746
Cell_150	1.48937e-29	0.992442	0.007558
Cell_151	6.74484e-37	0.992449	0.00755086
Cell_152	3.75222e-30	0.992449	0.00755105
Cell_153	1.29004e-08	0.992448	0.00755153
Cell_154	1.19817e-41	0.992437	0.00756257
Cell_155	9.80438e-79	0.992451	0.00754934
Cell_156	4.88018e-42	0.992414	0.00758632
Cell_157	3.20124e-42	1.55258e-05	0.999984
Cell_158	0.996564	0.00341041	2.59687e-05
Cell_159	1.36681e-45	0.99245	0.00755049
Cell_160	3.48825e-47	0.992109	0.00789053
Cell_161	1.51943e-38	0.992451	0.00754871
Cell_162	5.93022e-57	0.99245	0.00755022
Cell_163	0.996712	0.00326336	2.50605e-05
Cell_164	0.998486	0.00150285	1.14314e-05
Cell_165	2.35912e-44	0.992439	0.00756134
Cell_166	2.10303e-59	0.992417	0.00758349
Cell_167	4.9735e-10	0.992439	0.00756134
Cell_168	3.86895e-46	0.992158	0.007842
Cell_169	4.42456e-30	0.992434	0.00756552
Cell_170	0.997854	0.00212444	2.1166e-05
Cell_171	2.68003e-37	0.99244	0.00755955
Cell_172	1.78103e-73	2.29627e-10	1
Cell_173	1.18264e-41	0.992451	0.0075488
Cell_174	5.16766e-79	0.992449	0.00755146
Cell_175	1.06606e-36	0.992448	0.00755232
Cell_176	1.8049e-53	0.981823	0.0181771
Cell_177	2.51136e-49	0.992011	0.0079892
Cell_178	5.54993e-29	0.992451	0.00754912
Cell_179	7.63966e-19	0.992441	0.00755882
Cell_180	4.39924e-20	0.992451	0.00754897
Cell_181	2.39247e-29	0.992451	0.00754861
Cell_182	2.7332e-53	0.992341	0.00765907
Cell_183	6.50159e-36	0.99233	0.00766961
Cell_184	0.998759	0.00123142	9.3662e-06
Cell_185	5.2103e-21	0.992426	0.00757437
Cell_186	2.42238e-21	0.992448	0.00755249
Cell_187	4.33184e-58	5.19264e-33	1
Cell_188	2.5281e-30	0.99245	0.00755044
Cell_189	6.38785e-24	0.992449	0.00755132
Cell_190	8.81312e-77	0.992055	0.00794521
Cell_191	4.2597e-44	0.992451	0.00754893
Cell_192	0.974307	0.0254967	0.000196135
Cell_193	0.999084	0.000908757	6.91434e-06
Cell_194	1.1246e-30	0.989046	0.0109541
Cell_195	2.38615e-46	2.63396e-05	0.999974
Cell_196	2.37377e-09	0.991781	0.00821897
Cell_197	8.01215e-34	0.992452	0.00754848
Cell_198	4.64897e-49	0.96501	0.0349895
Cell_199	8.66065e-18	0.992426	0.00757437
Cell_200	1.37834e-57	0.992451	0.00754893
Cell_201	9.59864e-23	0.992423	0.00757652
Cell_202	3.66803e-48	0.99245	0.00755012
Cell_203	1.34701e-41	0.992451	0.00754857
Cell_204	3.75021e-67	5.72963e-17	1
Cell_205	1.79788e-52	0.000130543	0.999869
Cell_206	2.50579e-39	0.992444	0.00755551
Cell_207	4.9793e-64	0.992452	0.00754844
Cell_208	1.58681e-42	0.985954	0.014046
Cell_209	1.70225e-21	0.992446	0.00755353
Cell_210	2.14126e-14	0.991671	0.00832916
Cell_211	5.28711e-40	0.99245	0.00755039
Cell_212	1.55728e-09	0.992451	0.00754855
Cell_213	5.52224e-43	0.992425	0.00757493
Cell_214	2.23654e-28	0.992404	0.00759623
Cell_215	4.08543e-32	0.992452	0.00754849
Cell_216	9.96798e-45	0.992372	0.00762792
Cell_217	8.94476e-83	6.28524e-28	1
Cell_218	6.3276e-50	0.992451	0.00754926
Cell_219	4.40591e-35	0.992448	0.00755196
Cell_220	1.12479e-31	0.992438	0.00756193
Cell_221	8.18296e-33	0.992417	0.00758314
Cell_222	3.03107e-46	5.26191e-14	1
Cell_223	3.21306e-36	0.957267	0.0427332
Cell_224	1.79261e-50	0.992452	0.00754849
Cell_225	1.11036e-44	1.77656e-12	1
Cell_226	9.2689e-33	0.992449	0.00755127
Cell_227	1.79475e-76	0.992415	0.00758487
Cell_228	1.15665e-20	0.00247575	0.997524
Cell_229	1.0636e-52	0.988542	0.011458
Cell_230	4.48983e-28	0.992434	0.00756553
Cell_231	2.39915e-75	0.9924	0.00759959
Cell_232	1.10107e-59	0.992447	0.00755273
Cell_233	4.16774e-20	0.992439	0.00756118
Cell_234	1.31019e-42	0.992386	0.00761434
Cell_235	1.22038e-27	0.992444	0.00755628
Cell_236	1.23971e-34	0.992449	0.00755127
Cell_237	1.11095e-54	0.992028	0.0079717
Cell_238	5.18246e-27	0.960911	0.0390893
Cell_239	7.28416e-42	0.992401	0.00759889
Cell_240	2.66932e-64	1.93908e-06	0.999998
Cell_241	4.40872e-78	0.99245	0.00754996
Cell_242	1.58338e-40	0.00639582	0.993604
Cell_243	6.21402e-42	0.992423	0.00757652
Cell_244	1.26108e-13	0.991781	0.00821897
Cell_245	7.60927e-22	0.992434	0.00756595
Cell_246	1.10178e-10	0.992445	0.00755517
Cell_247	1.49704e-44	0.99245	0.00755008
Cell_248	0.998946	0.00104644	7.97216e-06
Cell_249	4.2954e-21	0.991125	0.00887496
Cell_250	1.41862e-33	0.992451	0.00754855
Cell_251	8.20643e-41	0.992438	0.00756192
Cell_252	4.60295e-50	0.992452	0.00754842
Cell_253	3.32502e-53	0.992391	0.00760858
Cell_254	2.70752e-100	0.992451	0.00754871
Cell_255	3.01228e-56	0.992426	0.00757414
Cell_256	6.50316e-36	0.99245	0.00755009
Cell_257	3.63615e-26	0.992383	0.00761657
Cell_258	3.6771e-33	0.992446	0.00755377
Cell_259	2.021e-64	0.992292	0.00770824
Cell_260	0.0677906	0.925165	0.00704457
Cell_261	1.0964e-41	0.992432	0.00756811
Cell_262	2.12346e-21	0.992292	0.00770824
Cell_263	1.82689e-19	0.982725	0.0172755
Cell_264	3.15014e-46	0.99245	0.00754968
Cell_265	2.14878e-27	0.992386	0.00761434
Cell_266	3.33348e-28	0.986329	0.0136711
Cell_267	3.51111e-41	0.913502	0.0864979
Cell_268	9.58821e-20	0.991948	0.0080525
Cell_269	1.28302e-23	0.99235	0.00764997
Cell_270	8.70854e-30	1.29825e-05	0.999987
Cell_271	2.2865e-18	0.0400583	0.959942
Cell_272	3.14316e-23	0.992449	0.00755127
Cell_273	1.94916e-52	0.992451	0.0075486
Cell_274	1.75742e-09	0.99235	0.00764997
Cell_275	2.73548e-31	0.991658	0.00834218
Cell_276	0.998259	0.00172776	1.31436e-05
Cell_277	7.13039e-23	0.992397	0.00760327
Cell_278	5.34081e-37	0.992445	0.00755519
Cell_279	8.15014e-46	0.981231	0.0187689
Cell_280	1.10804e-29	0.992027	0.00797347
Cell_281	9.35521e-57	0.992426	0.00757422
Cell_282	5.96262e-49	0.992451	0.00754852
Cell_283	6.04656e-56	0.992451	0.00754904
Cell_284	7.62047e-43	0.992451	0.00754859
Cell_285	1.21499e-15	0.0254327	0.974567
Cell_286	8.70091e-46	0.939802	0.060198
Cell_287	2.49429e-52	0.992451	0.00754887
Cell_288	3.19921e-25	0.992447	0.00755276
Cell_289	2.07244e-14	0.992423	0.00757748
Cell_290	5.16829e-53	0.455246	0.544754
Cell_291	2.65748e-15	0.992438	0.00756193
Cell_292	4.51342e-38	0.992308	0.00769221
Cell_293	5.95329e-59	1.93991e-29	1
Cell_294	2.95968e-07	0.992433	0.00756638
Cell_295	5.10569e-61	0.992451	0.00754878
Cell_296	1.09539e-17	0.992451	0.00754934
Cell_297	3.07496e-31	0.887543	0.112457
Cell_298	7.67841e-33	0.988073	0.0119268
Cell_299	1.76547e-57	0.992452	0.00754839
Cell_300	1.57762e-48	0.99245	0.00754995
Cell_301	2.64326e-82	1.96044e-16	1
Cell_302	0.998783	0.00120733	9.19859e-06
Cell_303	2.24926e-36	0.992433	0.00756731
Cell_304	4.40655e-13	0.87008	0.12992
Cell_305	3.24469e-35	0.992443	0.00755726
Cell_306	1.67207e-43	0.992358	0.00764182
Cell_307	1.97118e-28	0.991969	0.00803051
Cell_308	5.04818e-34	2.68622e-05	0.999973
Cell_309	3.00115e-43	0.992397	0.00760327
Cell_310	9.74979e-67	0.992451	0.00754897
Cell_311	7.4914e-43	0.992438	0.00756232
Cell_312	1.29427e-15	0.285208	0.714792
Cell_313	6.39294e-23	0.992451	0.00754882
Cell_314	1.236e-69	0.992451	0.00754892
Cell_315	1.0358e-30	0.000354968	0.999645
Cell_316	1.84188e-47	4.5672e-12	1
Cell_317	7.13185e-19	0.00225633	0.997744
Cell_318	5.79763e-30	0.992306	0.00769363
Cell_319	2.38657e-40	3.25448e-09	1
Cell_320	1.83538e-56	0.992449	0.00755136
Cell_321	1.2146e-115	0.992452	0.00754844
Cell_322	1.50915e-49	0.99245	0.00754965
Cell_323	3.90522e-49	0.992451	0.00754928
Cell_324	6.93786e-77	0.992451	0.00754888
Cell_325	1.10247e-17	0.992427	0.00757298
Cell_326	0.998973	0.00101926	7.75472e-06
Cell_327	1.63004e-21	0.992126	0.00787446
Cell_328	1.7797e-119	1.07313e-29	1
Cell_329	5.63596e-20	0.989699	0.0103007
Cell_330	4.82752e-34	5.26275e-11	1
Cell_331	6.49509e-44	2.00447e-16	1
Cell_332	1.39721e-23	0.992437	0.00756326
Cell_333	3.93885e-10	0.991947	0.0080525
Cell_334	4.02061e-40	0.992448	0.00755204
Cell_335	7.9396e-59	0.992447	0.00755282
Cell_336	6.01782e-51	0.992444	0.00755599
Cell_337	2.28084e-51	0.138891	0.861109
Cell_338	6.88563e-57	0.992404	0.00759623
Cell_339	1.22609e-24	0.498283	0.501717
Cell_340	1.70863e-89	0.992446	0.00755353
Cell_341	1.20179e-15	0.992256	0.00774369
Cell_342	2.73394e-28	5.14071e-07	0.999999
Cell_343	0.996432	0.00354028	2.77956e-05
Cell_344	1.57438e-61	2.87845e-07	1
Cell_345	4.37199e-42	0.992442	0.00755762
Cell_346	0.999345	0.000650121	4.94502e-06
Cell_347	3.90567e-17	0.991163	0.00883749
Cell_348	1.64845e-49	0.992451	0.00754851
Cell_349	0.000296345	0.992157	0.00754629
Cell_350	2.22138e-18	0.992444	0.00755599
Cell_351	3.43741e-36	1.31249e-13	1
Cell_352	3.96854e-50	0.991387	0.00861335
Cell_353	2.41829e-43	0.991163	0.00883749
Cell_354	0.999284	0.000710507	5.41295e-06
Cell_355	5.41824e-34	0.992451	0.00754881
Cell_356	0.997597	0.0023844	1.81948e-05
Cell_357	7.63216e-22	0.992292	0.00770824
Cell_358	1.28986e-34	7.3831e-09	1
Cell_359	9.8755e-62	0.992451	0.007549
Cell_360	2.28929e-22	0.992442	0.00755793
Cell_361	1.9165e-35	0.992397	0.00760327
Cell_362	5.03169e-91	0.992446	0.00755384
Cell_363	3.92748e-65	0.992445	0.00755494
Cell_364	4.44199e-35	0.992449	0.00755103
Cell_365	6.67161e-37	0.992444	0.00755588
Cell_366	0.99896	0.00103257	7.8557e-06
Cell_367	6.16694e-79	0.992444	0.00755622
Cell_368	6.49968e-25	0.992451	0.00754893
Cell_369	0.998167	0.00181921	1.39914e-05
Cell_370	0.000200479	0.992252	0.00754755
Cell_371	1.80131e-24	0.992439	0.00756134
Cell_372	9.12336e-20	0.992426	0.00757437
Cell_373	7.70382e-53	0.992451	0.00754915
Cell_374	1.07482e-23	0.816384	0.183616
Cell_375	2.21758e-43	0.0141789	0.985821
Cell_376	7.16193e-25	0.992452	0.00754843
Cell_377	3.55142e-45	1.96609e-06	0.999998
Cell_378	4.20453e-57	0.992444	0.00755628
Cell_379	3.16523e-30	0.992438	0.00756155
Cell_380	2.41394e-31	0.992451	0.0075486
Cell_381	3.38788e-56	0.992451	0.00754852
Cell_382	3.67297e-12	0.99245	0.00754979
Cell_383	3.50584e-44	0.948096	0.051904
Cell_384	5.07291e-54	0.794812	0.205188
Cell_385	5.60105e-60	1.41282e-07	1
Cell_386	2.252e-35	0.992444	0.00755599
Cell_387	2.81985e-27	0.992451	0.00754933
Cell_388	7.77468e-37	0.992451	0.00754867
Cell_389	1.71648e-16	0.992365	0.0076345
Cell_390	4.6858e-22	0.992319	0.00768072
Cell_391	1.03898e-42	0.992446	0.00755353
Cell_392	5.30241e-26	2.20685e-05	0.999978
Cell_393	5.09792e-91	0.992433	0.00756721
Cell_394	1.81083e-37	0.992451	0.0075485
Cell_395	3.48387e-20	0.992443	0.00755659
Cell_396	8.07478e-38	0.99245	0.00755039
Cell_397	6.40678e-32	0.992442	0.007558
Cell_398	0.998319	0.00166804	1.29452e-05
Cell_399	1.01141e-30	0.992064	0.00793582
Cell_400	1.23914e-37	0.992452	0.0075484
Cell_401	1.1066e-66	0.992451	0.00754865
Cell_402	7.33677e-36	0.992448	0.00755181
Cell_403	1.77545e-27	0.992441	0.00755927
Cell_404	8.15299e-49	4.54132e-07	1
Cell_405	2.7556e-31	0.678837	0.321163
Cell_406	9.35069e-36	0.992451	0.00754872
Cell_407	4.53914e-21	0.992452	0.0075484
Cell_408	4.13432e-54	0.992148	0.00785187
Cell_409	0.997204	0.00277433	2.11699e-05
Cell_410	1.89247e-55	7.2875e-08	1
Cell_411	0.00940923	0.98311	0.00748119
Cell_412	2.46248e-56	0.992447	0.00755274
Cell_413	3.25276e-46	0.992451	0.00754917
Cell_414	0.996766	0.0032094	2.44124e-05
Cell_415	1.82976e-141	0.992451	0.00754885
Cell_416	6.85399e-46	0.992439	0.00756118
Cell_417	5.37399e-46	0.992446	0.00755428
Cell_418	5.72417e-08	0.992451	0.00754923
Cell_419	4.34113e-37	0.992447	0.00755308
Cell_420	3.70797e-41	0.992446	0.00755384
Cell_421	1.4569e-62	0.992451	0.00754866
Cell_422	9.21288e-46	0.992451	0.00754883
Cell_423	1.29636e-42	0.992319	0.00768072
Cell_424	5.09943e-61	0.992451	0.00754851
Cell_425	4.01798e-23	0.992451	0.00754933
Cell_426	9.49394e-27	0.99137	0.00863016
Cell_427	2.09059e-14	0.992448	0.00755213
Cell_428	1.41756e-33	0.992451	0.00754882
Cell_429	1.5548e-33	0.000157287	0.999843
Cell_430	1.13296e-32	0.992358	0.00764182
Cell_431	1.22086e-35	0.992451	0.00754857
Cell_432	2.67632e-45	0.992451	0.00754861
Cell_433	8.56893e-47	9.22478e-13	1
Cell_434	3.84789e-22	0.992452	0.00754844
Cell_435	7.7997e-11	0.992446	0.00755403
Cell_436	2.06451e-32	0.992451	0.00754894
Cell_437	0.01166	0.980687	0.00765339
Cell_438	9.71182e-22	0.992451	0.00754935
Cell_439	1.12041e-29	0.991793	0.00820714
Cell_440	2.42329e-68	0.992452	0.00754846
Cell_441	8.62769e-25	0.949738	0.0502617
Cell_442	4.90309e-40	0.992388	0.00761173
Cell_443	0.180959	0.668652	0.150389
Cell_444	0.982193	0.0176728	0.000134506
Cell_445	1.06145e-15	0.992451	0.00754908
Cell_446	7.95591e-51	0.992452	0.00754841
Cell_447	4.66142e-45	0.992449	0.00755054
Cell_448	3.89601e-35	0.992341	0.00765945
Cell_449	6.88968e-86	0.992383	0.0076166
Cell_450	7.48735e-92	0.992451	0.00754898
Cell_451	8.0369e-73	1.12175e-24	1
Cell_452	3.63397e-51	0.99245	0.00755
Cell_453	1.57077e-10	0.992437	0.00756257
Cell_454	1.01095e-62	0.992449	0.00755078
Cell_455	8.24234e-60	0.777325	0.222675
Cell_456	4.46836e-46	0.992428	0.00757168
Cell_457	4.92117e-37	0.99245	0.00754996
Cell_458	1.69734e-24	0.992235	0.00776528
Cell_459	0.998804	0.00118727	9.03124e-06
Cell_460	3.52559e-05	1.31652e-06	0.999963
Cell_461	8.29674e-40	0.992441	0.00755882
Cell_462	4.63233e-22	0.992449	0.00755059
Cell_463	4.45536e-68	0.992447	0.00755276
Cell_464	0.997574	0.00240733	1.83105e-05
Cell_465	3.29031e-27	0.0287398	0.97126
Cell_466	3.6609e-21	1.20445e-13	1
Cell_467	2.28671e-32	0.0814738	0.918526
Cell_468	4.43733e-40	0.463128	0.536872
Cell_469	0.0001341	0.992318	0.00754768
Cell_470	2.82518e-65	0.989309	0.0106913
Cell_471	2.06024e-50	0.992451	0.0075493
Cell_472	0.998395	0.00159261	1.22728e-05
Cell_473	6.78876e-21	0.992451	0.00754852
Cell_474	3.92722e-33	0.0072823	0.992718
Cell_475	1.46507e-23	0.992451	0.00754896
Cell_476	2.72952e-39	0.992446	0.00755428
Cell_477	1.90116e-37	0.992451	0.00754866
Cell_478	4.28002e-37	0.992256	0.00774369
Cell_479	5.77037e-58	0.992451	0.00754878
Cell_480	8.65213e-51	7.57576e-08	1
Cell_481	4.18639e-63	3.79414e-39	1
Cell_482	1.52972e-14	0.992424	0.00757587
Cell_483	0.967507	0.032197	0.000295648
Cell_484	6.22873e-28	0.990567	0.00943273
Cell_485	1.20266e-08	0.992451	0.00754854
Cell_486	3.40039e-66	0.992438	0.00756171
Cell_487	2.17454e-06	0.990966	0.00903222
Cell_488	2.29617e-17	0.9924	0.00759959
Cell_489	1.07562e-53	0.0547317	0.945268
Cell_490	2.50887e-69	2.3772e-17	1
Cell_491	1.03935e-59	0.992442	0.0075579
Cell_492	1.07167e-33	0.992422	0.00757782
Cell_493	5.03828e-44	0.992451	0.0075486
Cell_494	1.46389e-14	0.99235	0.00764997
Cell_495	1.51975e-25	0.992449	0.0075509
Cell_496	1.12425e-29	0.992451	0.00754854
Cell_497	2.95017e-71	3.09368e-41	1
Cell_498	6.84277e-83	0.992451	0.00754855
Cell_499	8.45524e-79	0.992451	0.00754922
Cell_500	3.83325e-19	0.992292	0.00770824
Cell_501	0.998559	0.00143061	1.0884e-05
Cell_502	2.08423e-29	0.992438	0.00756192
Cell_503	8.10018e-76	2.62599e-23	1
Cell_504	1.58393e-33	1.0854e-06	0.999999
Cell_505	2.27967e-15	0.992423	0.00757748
Cell_506	8.31947e-32	0.992443	0.00755702
Cell_507	1.39331e-76	1.93847e-11	1
Cell_508	5.61981e-47	6.48459e-16	1
Cell_509	8.5088e-30	0.992446	0.00755447
Cell_510	0.998975	0.00101765	7.7428e-06
Cell_511	1.02628e-35	4.46317e-17	1
Cell_512	3.89356e-46	0.992449	0.0075512
Cell_513	5.3939e-40	0.816384	0.183616
Cell_514	1.04646e-21	0.992447	0.00755305
Cell_515	0.998575	0.00141439	1.07596e-05
Cell_516	3.7683e-40	0.94393	0.0560696
Cell_517	1.46599e-28	0.992452	0.00754847
Cell_518	0.999563	0.000433486	3.29759e-06
Cell_519	6.65112e-18	0.992439	0.00756134
Cell_520	2.77324e-20	0.125	0.875
Cell_521	1.78707e-119	1.35717e-12	1
Cell_522	5.03606e-18	0.992452	0.0075485
Cell_523	3.52972e-22	0.992446	0.00755384
Cell_524	5.71004e-19	0.00322301	0.996777
Cell_525	5.68094e-38	0.992444	0.00755562
Cell_526	4.65859e-19	0.992275	0.00772481
Cell_527	7.63426e-55	0.99245	0.00754963
Cell_528	2.45123e-27	0.00186131	0.998139
Cell_529	7.80818e-14	0.992439	0.00756084
Cell_530	0.999446	0.000549327	4.19039e-06
Cell_531	0.998442	0.001546	1.17597e-05
Cell_532	8.16592e-55	0.992437	0.00756257
Cell_533	1.6597e-78	0.992129	0.0078711
Cell_534	1.01722e-50	0.992451	0.00754856
Cell_535	2.87337e-21	0.99245	0.00754983
Cell_536	1.15219e-54	0.992451	0.0075493
Cell_537	1.94726e-38	0.992452	0.00754837
Cell_538	3.81124e-67	0.992452	0.00754846
Cell_539	1.3978e-33	0.98642	0.0135804
Cell_540	4.1479e-06	0.992337	0.00765904
Cell_541	8.57672e-46	0.992443	0.00755681
Cell_542	5.13592e-41	0.0197225	0.980278
Cell_543	6.39744e-44	0.202396	0.797604
Cell_544	1.72183e-20	0.992451	0.00754937
Cell_545	3.60075e-51	0.992423	0.00757748
Cell_546	4.66096e-23	0.99241	0.00759032
Cell_547	5.75294e-64	0.992397	0.00760327
Cell_548	1.28652e-19	0.992383	0.0076166
Cell_549	1.79039e-43	0.992451	0.00754922
Cell_550	1.12381e-102	0.992451	0.00754881
Cell_551	1.14336e-25	0.9924	0.00759959
Cell_552	0.99816	0.0018261	1.39127e-05
Cell_553	3.78001e-31	0.992416	0.00758424
Cell_554	2.57527e-46	0.00359677	0.996403
Cell_555	1.01018e-26	0.992439	0.00756134
Cell_556	1.31449e-56	0.99202	0.00797986
Cell_557	0.000293032	0.992161	0.0075462
Cell_558	1.41247e-68	4.3843e-06	0.999996
Cell_559	8.47965e-26	0.992452	0.00754843
Cell_560	2.36044e-20	0.992064	0.00793582
Cell_561	2.18336e-31	0.992451	0.00754859
Cell_562	8.26119e-15	5.19541e-06	0.999995
Cell_563	1.04195e-70	0.992451	0.00754924
Cell_564	5.36885e-66	0.692275	0.307725
Cell_565	5.32885e-60	0.992452	0.00754839
Cell_566	9.37663e-48	0.992444	0.00755585
Cell_567	7.70648e-26	0.992448	0.00755192
Cell_568	4.05968e-20	0.992358	0.00764182
Cell_569	5.7654e-14	0.984266	0.015734
Cell_570	6.00296e-57	0.992452	0.00754847
Cell_571	2.0441e-46	0.992452	0.0075484
Cell_572	2.34024e-26	0.99221	0.00779008
Cell_573	1.01193e-61	0.992358	0.00764182
Cell_574	1.56015e-45	0.928818	0.0711822
Cell_575	1.47292e-23	0.992449	0.00755059
Cell_576	1.84672e-65	0.992447	0.00755273
Cell_577	1.22009e-35	0.99245	0.00755036
Cell_578	1.04018e-11	0.992449	0.00755091
Cell_579	2.0651e-41	0.99245	0.00754955
Cell_580	1.62971e-28	0.992452	0.00754841
Cell_581	2.83567e-76	0.992452	0.00754848
Cell_582	7.97471e-32	0.991163	0.00883749
Cell_583	1.33567e-07	0.992451	0.00754864
Cell_584	1.2094e-78	9.70955e-13	1
Cell_585	1.99571e-84	1.71024e-15	1
Cell_586	3.99859e-42	0.992405	0.00759487
Cell_587	3.32301e-50	0.99245	0.00754974
Cell_588	9.96481e-44	0.992445	0.00755494
Cell_589	5.21923e-72	0.992451	0.00754891
Cell_590	2.62287e-24	0.992443	0.00755659
Cell_591	4.27515e-42	0.99245	0.00755039
Cell_592	9.12135e-80	0.992452	0.00754845
Cell_593	4.0842e-32	0.992235	0.00776528
Cell_594	3.38104e-09	4.98031e-05	0.99995
Cell_595	1.40214e-40	0.884372	0.115628
Cell_596	4.05648e-36	1.10894e-10	1
Cell_597	2.69176e-30	0.992451	0.00754893
Cell_598	5.56229e-34	0.99245	0.00755044
Cell_599	0.998711	0.00127896	9.72879e-06
Cell_600	2.16301e-52	0.99245	0.00755024
Cell_601	3.07769e-74	0.992451	0.00754861
Cell_602	4.48241e-40	1.34281e-13	1
Cell_603	3.37257e-87	1.20723e-16	1
Cell_604	1.04261e-44	0.992448	0.00755202
Cell_605	9.8833e-43	0.992451	0.00754919
Cell_606	2.55649e-08	0.992243	0.00775675
Cell_607	3.98466e-44	0.992451	0.00754909
Cell_608	0.998437	0.00155155	1.18079e-05
Cell_609	2.44429e-29	8.01746e-12	1
Cell_610	9.50567e-37	1.13431e-22	1
Cell_611	4.97109e-89	0.992451	0.00754858
Cell_612	2.33768e-58	0.992451	0.00754884
Cell_613	9.78711e-52	0.992449	0.00755054
Cell_614	0.997875	0.00210891	1.60506e-05
Cell_615	4.31436e-32	0.992451	0.00754945
Cell_616	8.86412e-49	3.6803e-07	1
Cell_617	1.32746e-30	1.09295e-08	1
Cell_618	3.32363e-40	3.34464e-12	1
Cell_619	6.9514e-43	0.992451	0.00754915
Cell_620	2.72422e-28	0.00280728	0.997193
Cell_621	5.2421e-33	0.991536	0.00846388
Cell_622	8.77799e-59	0.992439	0.00756078
Cell_623	8.89334e-62	0.992449	0.00755122
Cell_624	3.38694e-27	0.992331	0.00766927
Cell_625	8.61939e-39	0.359447	0.640553
Cell_626	6.48756e-27	0.992451	0.00754936
Cell_627	4.35017e-45	0.992452	0.00754848
Cell_628	8.80638e-61	0.992451	0.00754948
Cell_629	1.06282e-64	0.992412	0.00758773
Cell_630	6.14876e-102	0.99245	0.00755008
Cell_631	1.3414e-39	0.992111	0.00788861
Cell_632	6.22558e-14	0.992451	0.00754856
Cell_633	5.95938e-06	0.992445	0.007549
Cell_634	5.55308e-50	0.992451	0.00754859
Cell_635	5.82982e-35	1.18565e-07	1
Cell_636	8.278e-34	0.99244	0.00756025
Cell_637	3.41102e-58	2.73282e-28	1
Cell_638	4.08496e-22	0.991948	0.0080525
Cell_639	9.57943e-18	0.992446	0.00755353
Cell_640	6.35481e-34	0.992451	0.00754862
Cell_641	1.17222e-14	0.992437	0.00756257
Cell_642	2.314e-57	1.56091e-06	0.999998
Cell_643	1.59673e-06	0.992063	0.00793581
Cell_644	6.15283e-53	0.635562	0.364438
Cell_645	4.16139e-35	0.985641	0.0143589
Cell_646	4.30442e-32	0.992441	0.00755882
Cell_647	5.05142e-63	0.992451	0.0075488
Cell_648	9.29585e-51	0.992451	0.00754942
Cell_649	2.51838e-39	0.992257	0.00774288
Cell_650	3.17174e-69	0.992452	0.00754839
Cell_651	1.02835e-43	0.992434	0.00756639
Cell_652	1.44344e-82	2.27101e-16	1
Cell_653	2.00188e-19	0.992011	0.0079892
Cell_654	2.82972e-59	0.992451	0.0075492
Cell_655	9.70354e-46	0.985066	0.0149338
Cell_656	4.24756e-45	3.40756e-05	0.999966
Cell_657	1.03508e-14	0.992306	0.00769363
Cell_658	3.86216e-38	0.992393	0.00760723
Cell_659	1.77279e-29	0.992197	0.00780331
Cell_660	3.08243e-36	0.00739225	0.992608
Cell_661	8.82165e-23	0.0717242	0.928276
Cell_662	0.998652	0.00133734	1.02026e-05
Cell_663	2.55308e-64	0.992452	0.0075485
Cell_664	0.0332729	0.959429	0.00729794
Cell_665	1.5905e-39	0.992452	0.0075485
Cell_666	6.516e-34	0.992451	0.0075486
Cell_667	5.6181e-31	0.992448	0.00755153
Cell_668	1.73532e-25	0.992448	0.00755211
Cell_669	3.76871e-27	0.992158	0.007842
Cell_670	2.6329e-52	1.78122e-26	1
Cell_671	6.53709e-59	0.992451	0.00754867
Cell_672	6.88204e-32	0.992448	0.00755195
Cell_673	1.69155e-36	0.992452	0.00754848
Cell_674	2.16708e-106	1.82429e-23	1
Cell_675	9.29184e-31	1.41773e-05	0.999986
Cell_676	4.22601e-53	0.99245	0.00754999
Cell_677	3.88327e-66	0.992403	0.00759679
Cell_678	4.51179e-54	0.992452	0.0075484
Cell_679	2.19736e-27	0.992452	0.00754839
Cell_680	8.48712e-26	0.992421	0.00757922
Cell_681	4.89937e-49	0.992451	0.00754922
Cell_682	1.30551e-58	0.992009	0.0079911
Cell_683	1.39216e-40	0.992451	0.00754904
Cell_684	2.84793e-26	0.992381	0.00761912
Cell_685	3.27072e-88	0.992445	0.00755538
Cell_686	6.2414e-21	0.00035056	0.999649
Cell_687	2.91154e-33	0.992452	0.00754843
Cell_688	4.05723e-06	0.991654	0.00834215
Cell_689	0.999558	0.000439101	3.33978e-06
Cell_690	5.40079e-05	0.992393	0.0075526
Cell_691	4.41931e-16	0.897061	0.102939
Cell_692	1.66873e-83	9.7599e-13	1
Cell_693	2.78947e-54	0.99243	0.0075705
Cell_694	2.66033e-17	0.992415	0.00758506
Cell_695	3.61905e-38	1.11138e-06	0.999999
Cell_696	1.02263e-44	0.992451	0.00754884
Cell_697	2.8432e-47	6.75769e-05	0.999932
Cell_698	4.51082e-39	0.992452	0.00754847
Cell_699	7.58235e-80	1.01588e-05	0.99999
Cell_700	1.71765e-48	1.6847e-27	1
Cell_701	2.14655e-26	0.992449	0.00755066
Cell_702	2.37405e-56	0.992451	0.00754905
Cell_703	2.32138e-65	1.29601e-05	0.999987
Cell_704	3.51956e-35	0.992446	0.00755389
Cell_705	3.64762e-57	0.992446	0.00755421
Cell_706	2.24427e-62	0.992446	0.00755403
Cell_707	6.96243e-24	0.990135	0.00986482
Cell_708	2.0432e-52	0.992449	0.0075509
Cell_709	1.18944e-90	1.10164e-07	1
Cell_710	2.23772e-22	0.992448	0.00755204
Cell_711	0.998619	0.00137014	1.04226e-05
Cell_712	1.07731e-18	0.992444	0.00755571
Cell_713	8.72905e-54	0.992423	0.00757652
Cell_714	8.87294e-45	0.992451	0.00754931
Cell_715	0.997507	0.00247455	1.88535e-05
Cell_716	1.91589e-52	0.992451	0.00754915
Cell_717	1.4874e-23	0.992308	0.00769221
Cell_718	1.07993e-11	0.992397	0.00760327
Cell_719	5.89592e-51	1.56238e-11	1
Cell_720	1.06862e-10	0.992451	0.00754935
Cell_721	3.64862e-35	0.992452	0.00754848
Cell_722	1.35066e-29	9.81621e-20	1
Cell_723	2.92966e-30	0.992109	0.00789053
Cell_724	1.53002e-31	0.934433	0.0655673
Cell_725	4.00758e-21	1.93203e-08	1
Cell_726	1.46774e-30	0.992452	0.00754842
Cell_727	4.66243e-70	0.992451	0.00754912
Cell_728	0.0179925	0.974026	0.00798183
Cell_729	0.998834	0.00115703	8.80418e-06
Cell_730	1.9385e-32	1.89694e-06	0.999998
Cell_731	9.03138e-22	0.94451	0.05549
Cell_732	8.03605e-38	0.989567	0.0104328
Cell_733	3.25848e-40	0.992447	0.00755336
Cell_734	1.41283e-39	0.99245	0.0075497
Cell_735	1.56578e-53	0.992451	0.00754887
Cell_736	0.998446	0.00154236	1.18554e-05
Cell_737	2.53874e-67	0.992368	0.00763224
Cell_738	1.19802e-44	0.874448	0.125552
Cell_739	1.88028e-56	0.992446	0.00755384
Cell_740	5.80088e-77	0.99245	0.00754988
Cell_741	3.0816e-34	0.991577	0.00842305
Cell_742	1.33215e-80	0.99245	0.00755003
Cell_743	3.52139e-41	0.992451	0.0075487
Cell_744	2.3569e-49	0.992448	0.00755172
Cell_745	6.02586e-24	0.992404	0.00759632
Cell_746	2.24916e-36	0.992448	0.00755172
Cell_747	7.78821e-32	0.992432	0.0075678
Cell_748	4.19043e-30	0.989567	0.0104328
Cell_749	6.15905e-08	0.992451	0.00754931
Cell_750	4.16213e-13	0.992451	0.00754889
Cell_751	2.29395e-55	0.992451	0.00754852
Cell_752	3.86561e-18	0.992064	0.00793582
Cell_753	2.76779e-41	0.992011	0.0079892
Cell_754	2.3754e-29	0.992451	0.00754943
Cell_755	6.73899e-50	0.992382	0.00761847
Cell_756	1.33422e-30	0.989964	0.0100359
Cell_757	0.995171	0.00479202	3.67142e-05
Cell_758	3.3403e-97	9.49229e-11	1
Cell_759	1.30528e-48	0.992451	0.00754852
Cell_760	1.15509e-20	0.992432	0.0075678
Cell_761	1.13908e-24	0.816384	0.183616
Cell_762	1.67687e-38	0.992451	0.0075494
Cell_763	2.03181e-45	0.992451	0.00754871
Cell_764	3.04929e-53	0.000398665	0.999601
Cell_765	5.88343e-12	0.992407	0.00759292
Cell_766	2.63169e-39	0.99245	0.0075503
Cell_767	2.52769e-58	0.992452	0.00754846
Cell_768	9.64029e-38	0.991872	0.00812808
Cell_769	7.81962e-46	0.992449	0.00755109
Cell_770	8.40419e-07	0.992401	0.00759783
Cell_771	1.35057e-69	0.992433	0.00756662
Cell_772	4.36204e-27	0.788113	0.211887
Cell_773	2.1079e-29	1.22118e-10	1
Cell_774	1.57215e-41	0.989267	0.0107332
Cell_775	2.00526e-11	0.992435	0.00756471
Cell_776	3.28762e-95	0.992425	0.00757494
Cell_777	2.77826e-84	0.992431	0.00756934
Cell_778	1.48838e-32	0.992438	0.00756232
Cell_779	6.6946e-24	0.99245	0.00755039
Cell_780	9.40639e-26	0.992451	0.00754859
Cell_781	0.999112	0.000880822	6.85341e-06
Cell_782	4.92196e-40	0.992451	0.00754915
Cell_783	2.06204e-41	0.992451	0.0075485
Cell_784	3.30531e-33	0.992441	0.00755927
Cell_785	1.2071e-40	0.992451	0.00754858
Cell_786	2.96376e-13	0.992451	0.00754907
Cell_787	3.05166e-41	0.992443	0.00755746
Cell_788	1.54557e-13	0.9924	0.00759959
Cell_789	2.43576e-44	0.992451	0.00754923
Cell_790	1.57862e-81	0.99244	0.00755975
Cell_791	0.997265	0.00271235	2.22269e-05
Cell_792	3.2047e-57	0.992451	0.00754882
Cell_793	1.29739e-39	0.99095	0.00904982
Cell_794	2.08327e-21	5.01613e-05	0.99995
Cell_795	4.76685e-22	0.99137	0.00863016
Cell_796	1.14524e-35	0.992449	0.00755078
Cell_797	3.5495e-19	0.360423	0.639577
Cell_798	8.54421e-42	0.992446	0.00755449
Cell_799	1.48214e-28	0.992011	0.0079892
Cell_800	3.43035e-34	0.992431	0.00756909
Cell_801	4.52041e-40	0.992445	0.00755522
Cell_802	3.81153e-47	0.992429	0.00757117
Cell_803	8.23524e-23	0.992449	0.00755052
Cell_804	1.17645e-60	0.99245	0.0075495
Cell_805	2.52859e-22	0.99245	0.00755033
Cell_806	1.1698e-44	0.985639	0.014361
Cell_807	6.0935e-37	0.992451	0.00754865
Cell_808	1.40605e-09	0.974704	0.0252964
Cell_809	1.25036e-25	0.992433	0.00756731
Cell_810	5.0028e-31	0.00011764	0.999882
Cell_811	1.17333e-21	0.992451	0.0075493
Cell_812	2.17199e-35	2.88805e-05	0.999971
Cell_813	6.50797e-53	0.992443	0.00755746
Cell_814	5.28998e-57	0.992439	0.00756078
Cell_815	8.19417e-49	0.992136	0.0078642
Cell_816	1.48066e-45	0.992452	0.00754843
Cell_817	1.05224e-27	0.992425	0.00757489
Cell_818	0.998846	0.00114514	8.71344e-06
Cell_819	1.67903e-24	0.992111	0.00788861
Cell_820	3.25808e-44	0.992451	0.00754857
Cell_821	3.01301e-31	0.992451	0.00754858
Cell_822	5.72863e-18	0.992448	0.00755211
Cell_823	7.51377e-61	0.992451	0.00754852
Cell_824	2.50266e-44	0.992446	0.00755411
Cell_825	5.40288e-23	0.992451	0.00754905
Cell_826	8.93371e-44	0.992444	0.00755574
Cell_827	8.22145e-46	0.00303576	0.996964
Cell_828	2.70715e-24	9.86923e-05	0.999901
Cell_829	5.99535e-67	0.992439	0.00756134
Cell_830	4.20509e-53	0.992434	0.00756639
Cell_831	5.63217e-36	0.99245	0.00755005
Cell_832	1.05853e-50	0.992449	0.00755138
Cell_833	0.976088	0.023731	0.00018051
Cell_834	1.43136e-40	0.992451	0.00754857
Cell_835	1.31523e-100	0.992415	0.00758534
Cell_836	2.00563e-45	0.99245	0.00754971
Cell_837	5.66127e-34	0.992451	0.0075486
Cell_838	9.90829e-33	0.99241	0.00758953
Cell_839	4.68568e-58	0.992452	0.00754847
Cell_840	8.27775e-36	0.99245	0.00754974
Cell_841	0.996063	0.00390692	2.97508e-05
Cell_842	2.42424e-29	1.64499e-07	1
Cell_843	1.40118e-30	0.992451	0.0075488
Cell_844	3.29944e-97	0.992451	0.00754862
Cell_845	1.29621e-41	0.992451	0.00754899
Cell_846	3.10967e-27	0.99244	0.00756025
Cell_847	6.42484e-90	0.992452	0.00754848
Cell_848	0.997689	0.00229367	1.74557e-05
Cell_849	5.35807e-70	2.84053e-07	1
Cell_850	2.04677e-12	0.992427	0.00757298
Cell_851	1.48954e-12	0.992448	0.00755153
Cell_852	1.89893e-34	0.991781	0.00821897
Cell_853	2.10071e-47	0.992418	0.00758218
Cell_854	0.998923	0.00106907	8.13134e-06
Cell_855	6.84541e-54	0.99245	0.00754976
Cell_856	1.08711e-63	0.992452	0.00754849
Cell_857	5.61894e-25	0.99241	0.00759032
Cell_858	2.10392e-38	0.992449	0.00755131
Cell_859	2.48919e-39	0.992431	0.00756858
Cell_860	3.92008e-60	0.992438	0.00756181
Cell_861	1.84015e-93	2.67946e-11	1
Cell_862	0.996061	0.00390918	2.97767e-05
Cell_863	6.3344e-24	0.990567	0.00943273
Cell_864	4.75626e-41	0.992451	0.0075486
Cell_865	0.998449	0.00153753	1.3709e-05
Cell_866	8.32325e-59	1.73837e-14	1
Cell_867	5.04472e-55	0.992443	0.00755702
Cell_868	1.25467e-35	0.992452	0.00754849
Cell_869	1.58902e-53	0.992419	0.0075811
Cell_870	8.74166e-10	0.992448	0.00755172
Cell_871	4.35638e-19	0.816384	0.183616
Cell_872	3.21474e-66	0.992449	0.00755078
Cell_873	3.81728e-32	0.992439	0.00756083
Cell_874	3.57246e-23	0.992449	0.00755113
Cell_875	1.26667e-59	0.992452	0.00754849
Cell_876	3.63516e-41	0.992441	0.00755901
Cell_877	1.62184e-47	0.992449	0.00755072
Cell_878	1.37629e-06	0.992449	0.00754995
Cell_879	1.94035e-10	0.99227	0.00773002
Cell_880	3.41664e-22	0.992407	0.00759315
Cell_881	7.59565e-64	5.85008e-11	1
Cell_882	2.98344e-53	0.992449	0.00755105
Cell_883	1.92861e-24	0.991163	0.00883749
Cell_884	8.17924e-48	1.48908e-12	1
Cell_885	1.1097e-57	2.10934e-30	1
Cell_886	7.22028e-33	0.036294	0.963706
Cell_887	1.21088e-11	0.992451	0.00754862
Cell_888	4.8785e-41	0.988688	0.0113119
Cell_889	3.14743e-11	0.992407	0.00759315
Cell_890	4.97326e-25	0.992451	0.00754877
Cell_891	4.26212e-17	0.992235	0.00776528
Cell_892	4.21944e-38	0.99243	0.00757047
Cell_893	4.39631e-38	0.992451	0.00754851
Cell_894	1.0149e-24	0.992449	0.00755066
Cell_895	3.90458e-07	0.992358	0.00764116
Cell_896	4.56854e-75	0.928275	0.0717254
Cell_897	7.48817e-18	0.99245	0.00754961
Cell_898	4.21757e-73	0.99245	0.00754989
Cell_899	8.34808e-26	0.992419	0.0075811
Cell_900	9.75766e-12	0.992451	0.0075485
Cell_901	1.70097e-31	0.99245	0.00754974
Cell_902	8.98966e-32	0.992444	0.00755571
Cell_903	7.34824e-17	0.992451	0.0075493
Cell_904	1.00425e-40	0.992439	0.00756134
Cell_905	1.07743e-31	0.986685	0.0133152
Cell_906	8.2285e-13	0.992436	0.00756359
Cell_907	2.45578e-27	4.74756e-12	1
Cell_908	0.999285	0.000709664	5.39809e-06
Cell_909	1.13866e-28	0.992451	0.00754933
Cell_910	2.48147e-39	0.992445	0.00755491
Cell_911	2.73116e-51	0.000392317	0.999608
Cell_912	3.48629e-33	0.149182	0.850818
Cell_913	8.30682e-62	0.992424	0.00757587
Cell_914	8.42601e-48	9.36537e-06	0.999991
Cell_915	0.995721	0.00424662	3.23129e-05
Cell_916	2.11645e-33	0.00228456	0.997715
Cell_917	6.59443e-33	0.992451	0.00754929
Cell_918	3.44379e-56	2.62175e-14	1
Cell_919	2.89241e-112	0.992451	0.00754911
Cell_920	0.999067	0.000926018	7.05505e-06
Cell_921	5.29822e-63	0.99245	0.00754977
Cell_922	2.25519e-25	0.991948	0.0080525
Cell_923	6.16498e-34	0.992449	0.00755091
Cell_924	5.25206e-16	0.991163	0.00883749
Cell_925	3.5622e-37	0.992109	0.00789053
Cell_926	2.19592e-49	0.992451	0.00754896
Cell_927	3.56408e-50	0.000717861	0.999282
Cell_928	1.02928e-76	0.992452	0.00754845
Cell_929	4.11157e-20	0.992451	0.00754947
Cell_930	8.18309e-74	0.992443	0.00755736
Cell_931	2.43819e-30	0.992451	0.00754855
Cell_932	8.96392e-40	8.65845e-09	1
Cell_933	1.32792e-38	0.992451	0.00754886
Cell_934	1.96043e-14	0.992452	0.00754845
Cell_935	0.996229	0.00374218	2.86568e-05
Cell_936	8.05271e-47	7.15063e-08	1
Cell_937	2.52241e-73	0.992404	0.00759623
Cell_938	4.47696e-38	0.992331	0.00766927
Cell_939	3.16568e-39	0.992443	0.00755718
Cell_940	3.01547e-19	6.34038e-05	0.999937
Cell_941	2.73519e-17	0.991948	0.0080525
Cell_942	8.64577e-46	0.992448	0.00755211
Cell_943	1.11747e-21	0.992443	0.00755736
Cell_944	3.07652e-30	0.992451	0.00754867
Cell_945	6.83661e-19	0.99137	0.00863016
Cell_946	3.73634e-105	0.992306	0.00769363
Cell_947	1.86145e-91	0.992451	0.00754898
Cell_948	5.10051e-47	0.992386	0.00761434
Cell_949	7.17509e-42	0.000138055	0.999862
Cell_950	1.01993e-80	0.992363	0.00763657
Cell_951	3.40401e-24	1.27924e-13	1
Cell_952	9.47203e-35	0.992416	0.0075843
Cell_953	2.21688e-93	1.90365e-13	1
Cell_954	0.984854	0.0135865	0.00155908
Cell_955	4.27146e-42	1.37898e-17	1
Cell_956	6.79773e-39	0.992446	0.00755397
Cell_957	0.998767	0.00122414	9.31885e-06
Cell_958	4.85816e-21	0.991671	0.00832916
Cell_959	1.95149e-50	0.992436	0.00756376
Cell_960	4.74577e-24	0.99245	0.00754951
Cell_961	9.73965e-34	5.68773e-16	1
Cell_962	1.32656e-42	0.00496849	0.995032
Cell_963	1.1529e-84	0.99235	0.00764997
Cell_964	6.10939e-27	0.992451	0.0075493
Cell_965	7.86927e-38	0.992451	0.0075491
Cell_966	4.65482e-34	0.992451	0.0075492
Cell_967	3.08219e-46	6.55937e-16	1
Cell_968	7.57556e-134	0.992444	0.00755641
Cell_969	4.54706e-45	7.69729e-05	0.999923
Cell_970	2.93806e-05	0.694121	0.305849
Cell_971	1.51801e-25	0.992436	0.0075641
Cell_972	0.998798	0.00119264	9.07234e-06
Cell_973	2.21625e-34	0.990575	0.00942515
Cell_974	2.79863e-40	0.99245	0.00755004
Cell_975	1.00772e-27	0.437994	0.562006
Cell_976	1.99462e-41	0.992451	0.00754874
Cell_977	4.24224e-42	0.992449	0.00755087
Cell_978	6.70829e-38	0.992451	0.00754885
Cell_979	1.95077e-57	0.992326	0.00767381
Cell_980	4.29183e-20	0.992448	0.0075516
Cell_981	2.28326e-39	0.000112934	0.999887
Cell_982	8.21238e-44	0.992451	0.00754948
Cell_983	3.76235e-16	0.992451	0.00754855
Cell_984	9.48501e-32	0.99243	0.0075705
Cell_985	6.20287e-57	0.992443	0.00755702
Cell_986	1.0769e-36	0.00239288	0.997607
Cell_987	3.57503e-23	0.992439	0.00756134
Cell_988	3.98782e-24	0.985639	0.014361
Cell_989	2.15984e-30	0.992417	0.00758349
Cell_990	5.41134e-71	0.992417	0.00758349
Cell_991	3.47465e-33	1.06395e-05	0.999989
Cell_992	2.27083e-45	0.992451	0.00754863
Cell_993	3.36889e-21	0.992441	0.00755882
Cell_994	3.4169e-64	0.990953	0.0090468
Cell_995	5.94791e-40	0.992451	0.00754859
Cell_996	4.49225e-60	0.992452	0.0075484
Cell_997	2.34323e-53	0.99245	0.00755013
Cell_998	1.97886e-37	0.992442	0.00755768
Cell_999	9.33044e-45	1.39691e-05	0.999986
Cell_1000	1.19068e-31	0.992383	0.0076166
