cell	Node 0	Node 1	Node 2	Node 3	Node 4	Node 5	Node 6
Cell_0	1.14427e-41	3.81681e-14	8.27548e-41	6.82672e-12	1	1.55677e-13	1.08645e-12
Cell_1	5.6045e-31	2.3392e-14	4.72154e-29	4.18389e-12	1	9.54073e-14	2.12776e-13
Cell_2	2.46197e-28	0.00310101	4.24986e-21	0.554197	0.0132537	0.0772494	0.352199
Cell_3	1.54364e-30	1.13719e-06	1.50505e-25	0.000203383	3.67306e-06	0.999683	0.000108554
Cell_4	1.26702e-07	4.85983e-08	2.00852e-08	8.69161e-06	1.62881e-07	0.999989	2.07913e-06
Cell_5	3.33955e-25	1.51414e-12	1.6071e-15	2.70818e-10	1	6.18504e-12	4.79187e-11
Cell_6	4.86517e-72	0.912844	1.68861e-37	0.000172543	0.0869487	3.93469e-06	3.12105e-05
Cell_7	4.24373e-42	0.00425601	5.56821e-36	0.76123	0.0137329	0.0173587	0.203423
Cell_8	2.37362e-78	1.06338e-14	3.5109e-60	1.90195e-12	1	4.33713e-14	5.12421e-12
Cell_9	3.68893e-24	1.05676e-07	1.5093e-05	1.84167e-05	3.29772e-07	0.999964	2.02561e-06
Cell_10	4.99105e-51	0.00374182	2.15925e-30	0.669262	0.0119251	0.0152615	0.299809
Cell_11	9.90299e-40	0.00268375	2.59156e-25	0.479786	0.00867524	0.0109452	0.49791
Cell_12	1.96165e-28	5.39231e-06	7.20635e-27	0.000963834	0.998478	2.1991e-05	0.000530426
Cell_13	9.54506e-46	9.90613e-06	2.24743e-32	0.00177181	3.15889e-05	0.997283	0.000904103
Cell_14	6.94387e-27	0.00490886	2.80599e-24	0.877781	0.0163551	0.0200207	0.080934
Cell_15	1.21426e-21	6.82255e-05	6.81046e-18	0.0122028	0.974212	0.000278267	0.0132391
Cell_16	6.72899e-23	0.00189765	2.67861e-18	0.339376	0.00604814	0.00773978	0.644938
Cell_17	5.31452e-39	0.00371782	1.0349e-30	0.664685	0.0118454	0.0151571	0.304594
Cell_18	5.49224e-33	0.0023247	1.97801e-23	0.415797	0.0074227	0.0094819	0.564974
Cell_19	1.73222e-45	9.60257e-30	1.83541e-40	1.71717e-27	1	3.91643e-29	2.26933e-28
Cell_20	2.14705e-30	0.00171244	4.20575e-16	0.306288	0.00545771	0.00698473	0.679557
Cell_21	1.06738e-27	7.09539e-11	1.1797e-17	1.26907e-08	1	2.89395e-10	4.21049e-09
Cell_22	1.3973e-29	0.999989	1.11736e-14	7.55587e-06	1.34636e-07	1.72326e-07	2.90998e-06
Cell_23	0.981151	3.04859e-05	0.0119211	0.00545243	0.000105855	0.000124335	0.00121508
Cell_24	2.55763e-12	0.00319008	5.91759e-08	0.570555	0.0101732	0.0130111	0.40307
Cell_25	5.77636e-22	0.00400817	4.02774e-10	0.716901	0.0127746	0.0163478	0.249969
Cell_26	3.68209e-32	0.999971	6.88071e-16	8.80162e-06	1.68699e-05	2.00709e-07	2.86741e-06
Cell_27	3.41099e-21	0.00549626	3.0533e-14	0.769241	0.015383	0.0450153	0.164865
Cell_28	1.60424e-28	5.07328e-05	1.73903e-14	0.00907396	0.984921	0.00020705	0.00574763
Cell_29	6.05156e-30	3.80412e-09	2.71617e-29	5.52139e-10	9.83873e-12	1	9.9881e-11
Cell_30	6.84079e-26	0.000167971	6.46296e-22	0.029982	0.96042	0.00557985	0.00385047
Cell_31	2.81923e-23	0.00431818	4.52196e-21	0.772349	0.0138398	0.0176123	0.191881
Cell_32	1.41055e-23	1.25499e-06	4.28032e-21	0.000220321	0.999734	5.03809e-06	3.90751e-05
Cell_33	1.61987e-31	8.17471e-10	2.63797e-26	1.46213e-07	1	3.33442e-09	5.01986e-08
Cell_34	2.14114e-49	1	5.05215e-31	3.3081e-19	5.89497e-21	7.54363e-21	4.268e-19
Cell_35	6.5976e-25	0.00437812	1.22155e-16	0.782518	0.0475773	0.0198171	0.145709
Cell_36	2.65454e-41	0.00146138	8.92557e-29	0.261383	0.00465846	0.0059611	0.726536
Cell_37	2.16015e-45	0.00387508	1.9034e-36	0.692572	0.0125194	0.0763493	0.214684
Cell_38	4.15453e-49	1.32702e-11	6.34598e-42	2.37351e-09	1	5.41243e-11	1.52635e-08
Cell_39	8.57682e-30	0.00101408	7.68356e-15	0.181377	0.00323213	0.00413603	0.810241
Cell_40	7.26192e-49	0.00363162	9.22084e-16	0.649535	0.01159	0.014812	0.320431
Cell_41	5.64417e-59	0.00354788	4.63785e-48	0.634564	0.0113091	0.0144705	0.336108
Cell_42	9.26861e-58	0.00150496	2.98017e-38	0.269155	0.00479691	0.0061377	0.718406
Cell_43	4.40134e-18	0.0015339	2.99528e-10	0.274293	0.145763	0.535703	0.0427075
Cell_44	4.15938e-44	1	1.69102e-32	9.89126e-11	3.69228e-12	2.25555e-12	5.34517e-11
Cell_45	7.64963e-114	0.00106321	5.50888e-88	0.190166	0.00338843	0.00433646	0.801046
Cell_46	3.48808e-10	0.00526878	0.000175888	0.935794	0.017436	0.0214749	0.0198503
Cell_47	1.11999e-46	0.00378861	7.73486e-23	0.677628	0.0121169	0.0154523	0.291014
Cell_48	3.64468e-41	0.00385036	6.76966e-35	0.688626	0.0758994	0.0157032	0.215921
Cell_49	5.34367e-33	0.00319158	5.4964e-18	0.570665	0.0102851	0.0130169	0.402842
Cell_50	6.0359e-25	0.0037066	3.12641e-22	0.662963	0.0118248	0.0151179	0.306388
Cell_51	3.81484e-34	1.5851e-08	8.43629e-25	2.83171e-06	0.999997	6.46556e-08	5.66953e-08
Cell_52	1.80807e-44	0.924224	1.52013e-37	0.0482784	0.000860299	0.00110094	0.0255368
Cell_53	3.25285e-64	0.00243704	6.07933e-46	0.435888	0.00776697	0.00994001	0.543968
Cell_54	5.08628e-50	0.00410805	3.98749e-37	0.734145	0.0131224	0.0167411	0.231884
Cell_55	9.05042e-38	0.00262393	1.60622e-29	0.469316	0.136428	0.010702	0.38093
Cell_56	8.51799e-18	0.00150615	1.23665e-19	0.269388	0.00494265	0.00614302	0.71802
Cell_57	7.13175e-30	0.00327214	1.74581e-25	0.585254	0.010429	0.013346	0.387699
Cell_58	0.625319	0.00172723	0.011334	0.308879	0.00566304	0.0070436	0.0400343
Cell_59	2.1365e-52	0.00180285	1.18427e-34	0.322457	0.00574633	0.00735313	0.662641
Cell_60	0.984991	3.32109e-06	0.0130641	0.000594008	1.05843e-05	1.35455e-05	0.00132327
Cell_61	1.46591e-36	0.000499888	4.30837e-33	0.0866159	0.84515	0.00203269	0.0657013
Cell_62	4.35839e-51	0.0046519	1.73835e-29	0.828801	0.0867843	0.0189662	0.0607963
Cell_63	2.86585e-70	2.49991e-21	4.33619e-60	4.47127e-19	7.96988e-21	1	5.62187e-19
Cell_64	1.06105e-40	2.19817e-05	1.08183e-27	0.00393164	0.00458279	0.991133	0.000330147
Cell_65	8.90681e-92	0.000537832	1.0821e-93	0.0961967	0.832026	0.00219362	0.0690458
Cell_66	2.98122e-24	0.00226514	5.83932e-12	0.405142	0.00721896	0.00923866	0.576135
Cell_67	1.81156e-49	0.00443856	6.08467e-39	0.793882	0.0141465	0.0181033	0.16943
Cell_68	3.48296e-49	0.0035885	4.23193e-51	0.641831	0.0114405	0.0146361	0.328504
Cell_69	8.77502e-26	0.00162781	5.02192e-14	0.29115	0.00518893	0.581817	0.120216
Cell_70	7.90845e-22	0.00375113	3.22274e-23	0.670925	0.0119707	0.0152995	0.298054
Cell_71	8.85209e-37	0.00206533	2.19841e-33	0.369405	0.342945	0.00842371	0.277161
Cell_72	4.69981e-57	1.13587e-09	9.48516e-49	2.03162e-07	3.62003e-09	0.999999	3.01652e-07
Cell_73	4.55204e-61	0.00171801	4.70265e-41	0.307276	0.00547521	0.00700711	0.678524
Cell_74	3.5615e-53	0.000592515	5.64582e-54	0.105975	0.00189014	0.00241665	0.889125
Cell_75	9.1483e-29	5.82756e-05	1.32887e-30	0.0104158	0.985347	0.000237659	0.00394103
Cell_76	5.98808e-30	0.0022586	1.43939e-21	0.403969	0.00719823	0.0260117	0.560562
Cell_77	7.09839e-40	3.48592e-12	1.44964e-36	6.23491e-10	1	1.42178e-11	1.7316e-10
Cell_78	3.08998e-30	0.00427898	1.92288e-11	0.765337	0.0136447	0.0174915	0.199247
Cell_79	3.64789e-57	1.73375e-13	1.96559e-30	3.09334e-11	5.51211e-13	1	2.51881e-12
Cell_80	1.81923e-66	0.00409632	2.88527e-45	0.696716	0.0124464	0.0158894	0.270852
Cell_81	1.32016e-28	0.00212795	1.00613e-25	0.3806	0.00678942	0.00867912	0.601804
Cell_82	3.01031e-63	5.26007e-12	6.68329e-26	9.40817e-10	1	2.14539e-11	4.00254e-10
Cell_83	9.16784e-49	2.16756e-10	1.77816e-41	3.87688e-08	0.999999	1.12e-06	1.63546e-08
Cell_84	3.38253e-11	0.00253805	2.14708e-09	0.453893	0.00808823	0.0103517	0.525129
Cell_85	5.82337e-19	5.247e-05	2.40373e-16	0.00938247	0.000221133	0.988897	0.00144685
Cell_86	2.0304e-38	0.00498037	4.97155e-31	0.890789	0.0158994	0.0203131	0.0680182
Cell_87	8.17912e-28	0.00158927	2.80902e-26	0.283191	0.00505936	0.0064578	0.703702
Cell_88	2.54617e-13	0.00350785	3.47755e-15	0.627266	0.119307	0.0143066	0.235612
Cell_89	1.20502e-13	0.00458848	1.91025e-14	0.79925	0.0144049	0.0182439	0.163513
Cell_90	3.55618e-22	0.0047367	4.15942e-12	0.847192	0.0153621	0.0193192	0.11339
Cell_91	1.07355e-40	0.00159996	2.81557e-31	0.286166	0.00509907	0.0065256	0.700609
Cell_92	7.21491e-41	1.2269e-09	4.00039e-30	2.19434e-07	1	5.00405e-09	1.90933e-08
Cell_93	5.857e-63	3.7507e-13	6.92818e-44	6.70844e-11	1.20585e-12	1	2.13298e-12
Cell_94	1.90936e-30	0.0050781	2.15747e-15	0.907945	0.0509349	0.0215927	0.0144494
Cell_95	1.24759e-32	0.00519585	2.06417e-29	0.929272	0.0165591	0.0211919	0.0277809
Cell_96	2.67982e-34	0.00243217	1.14178e-29	0.435019	0.00775146	0.00991994	0.544878
Cell_97	7.12168e-55	2.70434e-17	4.19194e-55	4.83697e-15	1	1.10303e-16	2.28656e-16
Cell_98	1.27702e-56	1.91354e-05	1.86165e-15	0.00342237	6.11345e-05	0.995982	0.000515679
Cell_99	3.98401e-44	0.00297258	1.07258e-30	0.531673	0.00947357	0.0121241	0.443757
Cell_100	1.06124e-49	1.88662e-08	3.28049e-30	3.37442e-06	0.999996	7.69485e-08	8.06855e-07
Cell_101	1.36248e-50	0.0028547	0.878079	0.0191656	0.000341534	0.0106008	0.0889578
Cell_102	1.11968e-33	0.00211968	9.18605e-22	0.379125	0.103412	0.00864541	0.506698
Cell_103	0.000231739	0.00349366	0.116989	0.624877	0.0111365	0.0142494	0.229023
Cell_104	6.01857e-28	0.00404193	1.49547e-22	0.532947	0.340515	0.0284673	0.0940281
Cell_105	2.04939e-32	0.984299	9.1706e-21	0.00900089	0.000160389	0.000205252	0.00633478
Cell_106	2.66406e-46	0.00304777	1.14332e-30	0.545122	0.00978448	0.0124307	0.429615
Cell_107	0.986366	2.30573e-06	0.0119882	0.000412371	7.39463e-06	9.40409e-06	0.00121443
Cell_108	4.4393e-57	0.0047768	7.951e-37	0.854377	0.0152238	0.0194828	0.10614
Cell_109	4.00284e-27	0.001533	2.26935e-25	0.27407	0.655743	0.0521564	0.0164972
Cell_110	2.11177e-70	1	1.51169e-53	2.80195e-07	4.99414e-09	6.38948e-09	5.34765e-08
Cell_111	1.28711e-35	0.0021294	5.19526e-16	0.380864	0.0067864	0.00868503	0.601535
Cell_112	4.05494e-51	1.21512e-26	3.07015e-46	2.17335e-24	3.99749e-26	1	1.95385e-26
Cell_113	1.30457e-51	6.76214e-14	1.18223e-43	1.20948e-11	2.15507e-13	1	1.03415e-11
Cell_114	3.45849e-69	1.41876e-20	6.26209e-60	2.53759e-18	4.52359e-20	1	2.74933e-19
Cell_115	2.42041e-24	0.000377383	5.78255e-20	0.0672362	0.00178291	0.917067	0.0135367
Cell_116	7.29443e-46	5.16733e-18	8.73973e-45	9.24218e-16	1	2.10754e-17	1.85809e-15
Cell_117	9.24201e-24	0.00408122	4.10549e-23	0.729967	0.0130433	0.0166458	0.236263
Cell_118	4.68251e-31	0.0150504	1.42395e-17	0.640436	0.011476	0.0146042	0.318433
Cell_119	7.78583e-51	1	9.68223e-53	1.86211e-08	3.31859e-10	4.26547e-10	7.48292e-09
Cell_120	3.2947e-67	2.13835e-07	1.10395e-54	3.82465e-05	0.999946	8.72154e-07	1.46483e-05
Cell_121	3.94172e-61	0.00253049	1.20187e-28	0.452603	0.00806608	0.0103209	0.52648
Cell_122	2.5514e-40	0.0040509	1.73548e-16	0.724542	0.0129108	0.0165221	0.241974
Cell_123	1.70165e-14	0.00270638	4.24729e-12	0.484045	0.00868375	0.0110383	0.493527
Cell_124	2.24606e-18	0.00422408	6.00055e-15	0.755464	0.0136158	0.0172284	0.209468
Cell_125	3.78963e-25	0.00376554	7.68789e-23	0.673483	0.0120059	0.0153582	0.295387
Cell_126	1.40169e-33	0.00508486	1.39895e-23	0.909317	0.0202691	0.0207391	0.0445903
Cell_127	1.31045e-31	3.44309e-06	1.79565e-19	0.000612764	1.15611e-05	0.999336	3.65644e-05
Cell_128	2.7713e-93	4.78178e-11	1.78479e-61	8.55269e-09	1.52487e-08	1	3.19872e-09
Cell_129	6.90199e-31	0.00314267	1.9738e-17	0.562097	0.0100174	0.0128178	0.411925
Cell_130	2.946e-40	0.00407199	4.58971e-38	0.728315	0.0129926	0.0166081	0.238013
Cell_131	1.80968e-41	0.0845555	0.00999078	0.567681	0.0101161	0.313994	0.0136627
Cell_132	3.76759e-87	0.00107158	7.05041e-87	0.191662	0.00341514	0.00437056	0.799481
Cell_133	1.72086e-47	1.00943e-15	2.03815e-39	1.80547e-13	3.21772e-15	1	1.97262e-13
Cell_134	6.9216e-08	0.00193275	0.00269533	0.345411	0.00619667	0.00788236	0.635882
Cell_135	7.99847e-29	0.00225243	6.54483e-19	0.40287	0.00750268	0.00918685	0.578188
Cell_136	2.11175e-50	0.000984223	2.38282e-44	0.176038	0.00313689	0.00401429	0.815827
Cell_137	1.51768e-24	0.00243575	1.36563e-11	0.435653	0.342349	0.00993452	0.209628
Cell_138	1.44243e-26	0.274015	2.15089e-18	0.562071	0.0100156	0.0128172	0.141081
Cell_139	0.984135	1.43965e-05	0.0119565	0.00257464	4.59039e-05	5.87173e-05	0.00121521
Cell_140	3.48763e-42	0.00337743	3.5888e-26	0.603884	0.0107728	0.0137754	0.36819
Cell_141	1.80614e-45	0.00173672	7.96079e-23	0.310627	0.596072	0.00708343	0.0844804
Cell_142	9.77627e-27	0.00198987	1.59312e-12	0.355859	0.00634549	0.00811584	0.62769
Cell_143	2.01769e-43	0.00286874	7.0521e-36	0.513102	0.009143	0.0117005	0.463186
Cell_144	5.1677e-32	0.00284257	0.00039505	0.508422	0.0090845	0.0115938	0.467663
Cell_145	1.12399e-30	0.00230376	7.06701e-22	0.412047	0.015042	0.00939612	0.561211
Cell_146	7.69451e-113	0.0029886	1.19644e-79	0.534541	0.00952561	0.0121894	0.440755
Cell_147	2.80708e-25	0.00219231	9.98676e-16	0.392101	0.00698808	0.00894135	0.589777
Cell_148	6.44152e-62	1.40841e-19	4.40367e-40	2.51909e-17	1	5.7444e-19	6.13091e-17
Cell_149	1.74257e-37	0.00500725	3.71034e-29	0.89559	0.0160136	0.0204227	0.0629664
Cell_150	1.03188e-29	0.00426632	8.01307e-21	0.763072	0.013614	0.0174008	0.201647
Cell_151	3.02356e-37	0.00476357	6.58384e-39	0.852012	0.0151863	0.0194288	0.10861
Cell_152	2.85055e-30	0.00119536	3.51325e-32	0.213794	0.00381077	0.00487543	0.776325
Cell_153	6.48857e-09	0.00328317	3.27125e-08	0.587211	0.0104674	0.0133908	0.385647
Cell_154	1.03349e-41	0.00378293	1.63832e-42	0.676554	0.0120778	0.015429	0.292156
Cell_155	5.14998e-79	3.60059e-16	1.0789e-74	6.44e-14	1.14764e-15	1	9.03932e-15
Cell_156	3.05908e-42	0.00428177	5.04692e-24	0.765835	0.0137149	0.0174638	0.198704
Cell_157	4.87023e-43	3.70535e-08	2.37992e-21	6.62733e-06	0.999992	1.51127e-07	6.88952e-07
Cell_158	0.969532	5.63445e-06	0.026708	0.00100778	1.79774e-05	2.29809e-05	0.00270589
Cell_159	6.8341e-46	8.168e-08	1.98242e-42	1.46093e-05	2.60384e-07	0.999985	4.26762e-07
Cell_160	4.88404e-47	7.02661e-15	4.80275e-35	1.24964e-12	2.32837e-14	1	3.04947e-13
Cell_161	3.16821e-45	1	1.04571e-39	2.32465e-07	4.14229e-09	5.3063e-09	9.55997e-08
Cell_162	3.6643e-57	0.00208241	4.85291e-37	0.372416	0.00663741	0.00849319	0.610371
Cell_163	0.977624	7.12195e-06	0.0190873	0.00127383	2.29168e-05	2.90478e-05	0.0019558
Cell_164	0.986537	1.40587e-06	0.0119856	0.000251453	4.48084e-06	5.73404e-06	0.00121416
Cell_165	1.8578e-44	3.8296e-05	1.75848e-15	0.00684953	0.000122257	0.991288	0.00170225
Cell_166	2.09208e-59	0.00436129	8.22334e-08	0.780059	0.0139644	0.0177881	0.183827
Cell_167	1.04574e-10	0.00414141	1.29649e-07	0.740035	0.0132089	0.0168898	0.225725
Cell_168	5.51875e-47	0.00504913	2.06562e-35	0.903052	0.0167216	0.0205935	0.0545834
Cell_169	5.82921e-30	0.00397822	1.43107e-12	0.711446	0.0127057	0.0162236	0.255646
Cell_170	0.984711	1.12305e-05	0.0119635	0.00200863	4.68829e-05	4.58049e-05	0.00121289
Cell_171	5.10786e-38	0.00496941	1.49554e-37	0.888817	0.0158607	0.0202684	0.0700841
Cell_172	4.5638e-74	5.48054e-13	2.1611e-40	9.80175e-11	1	2.23517e-12	1.54509e-11
Cell_173	4.14975e-42	0.00347787	7.06407e-39	0.622052	0.0110844	0.0141849	0.349201
Cell_174	5.52325e-79	1.628e-37	1.48858e-52	2.91185e-35	5.19052e-37	1	1.02568e-35
Cell_175	8.21499e-37	0.00164688	3.01648e-28	0.29456	0.00525129	0.00671701	0.691824
Cell_176	3.77593e-53	0.00103144	1.00274e-42	0.184483	0.0080014	0.64421	0.162274
Cell_177	3.31264e-49	0.0040189	2.14372e-42	0.718776	0.0135612	0.0163915	0.247252
Cell_178	4.82953e-29	0.00359965	1.15328e-26	0.643832	0.011473	0.0146816	0.326413
Cell_179	2.96233e-18	2.01743e-11	3.60196e-20	3.60817e-09	6.43806e-11	1	4.38613e-09
Cell_180	5.47225e-34	1	7.35181e-27	2.21782e-14	3.95207e-16	5.05815e-16	6.59584e-15
Cell_181	6.96399e-29	2.85196e-10	2.07757e-18	5.10102e-08	9.08937e-10	1	5.71439e-08
Cell_182	1.70878e-53	0.00200979	4.51134e-39	0.359466	0.00649968	0.00819826	0.623826
Cell_183	5.7544e-36	0.00278134	6.18843e-16	0.497468	0.00900742	0.0378383	0.452905
Cell_184	0.986387	2.20172e-06	0.0119867	0.000393797	7.01698e-06	8.98002e-06	0.00121413
Cell_185	7.29315e-21	0.002428	3.01042e-18	0.434256	0.0077645	0.00990287	0.545649
Cell_186	2.83151e-21	0.00209658	2.9124e-22	0.374858	0.00668295	0.00855089	0.607812
Cell_187	2.69033e-58	1.23924e-35	6.03528e-54	2.21651e-33	1	5.05442e-35	3.99109e-34
Cell_188	2.9028e-72	1	7.99644e-74	1.19848e-42	2.13606e-44	2.73297e-44	1.75928e-43
Cell_189	1.14637e-24	0.00470206	3.73899e-22	0.841003	0.014991	0.0191779	0.120126
Cell_190	8.05299e-77	4.91348e-31	3.03547e-56	8.7882e-29	1.64888e-30	1	1.70646e-29
Cell_191	4.59953e-44	3.88932e-11	3.37374e-19	6.95644e-09	1.2396e-10	1	2.42589e-09
Cell_192	0.837188	8.59176e-05	0.132714	0.0153672	0.000276939	0.000350426	0.0140169
Cell_193	0.986326	2.4636e-06	0.0119906	0.000440629	7.85408e-06	1.00481e-05	0.001222
Cell_194	1.83844e-31	0.00362859	9.78791e-28	0.648989	0.0168391	0.0147996	0.315743
Cell_195	7.97511e-46	6.2857e-08	4.48273e-25	1.12426e-05	0.999918	6.71247e-05	3.72012e-06
Cell_196	4.56749e-09	8.18867e-07	2.74346e-08	5.15708e-05	1.00121e-06	0.999936	1.06858e-05
Cell_197	4.13841e-34	0.00206743	5.59781e-20	0.369781	0.00658892	0.00843231	0.61313
Cell_198	1.26867e-55	1	3.20334e-46	2.75791e-07	2.34264e-08	6.28982e-09	1.84744e-07
Cell_199	2.21879e-18	0.00528783	6.36236e-14	0.945725	0.0169096	0.0215659	0.0105115
Cell_200	1.7841e-57	6.56332e-35	1.70241e-46	1.17387e-32	2.09177e-34	1	4.02276e-33
Cell_201	9.26102e-23	0.0024074	8.13532e-10	0.430588	0.0077011	0.00981892	0.549485
Cell_202	3.53091e-48	0.00357993	7.00948e-50	0.640285	0.0114114	0.0146012	0.330122
Cell_203	3.46385e-42	0.00435253	8.30285e-36	0.778493	0.0138717	0.0177524	0.185531
Cell_204	3.24219e-67	1.3674e-19	1.87927e-47	2.44572e-17	1	5.57719e-19	4.42683e-17
Cell_205	1.17741e-52	3.1156e-07	1.78887e-47	5.57242e-05	0.999893	3.0822e-05	2.01204e-05
Cell_206	1.40834e-39	0.00148499	1.64832e-27	0.265605	0.00473711	0.00605674	0.722116
Cell_207	2.65405e-64	0.00304323	1.12136e-59	0.544311	0.00969871	0.0124122	0.430535
Cell_208	1.1247e-42	0.00257894	7.19875e-29	0.461153	0.0153907	0.0105183	0.510359
Cell_209	1.08697e-21	0.00322998	3.78811e-14	0.577651	0.0102998	0.0131738	0.395645
Cell_210	9.99712e-15	0.00476079	3.47035e-11	0.851154	0.0167479	0.0194172	0.10792
Cell_211	3.45429e-40	0.00437046	4.29604e-24	0.781698	0.0139322	0.0178255	0.182174
Cell_212	4.92584e-10	8.205e-13	4.7716e-11	1.46754e-10	2.61495e-12	1	1.32985e-11
Cell_213	2.7067e-43	0.00345209	2.29911e-32	0.603866	0.0107979	0.0302723	0.351612
Cell_214	1.88615e-28	2.06791e-15	8.67315e-18	3.69818e-13	6.63157e-15	1	3.93903e-14
Cell_215	2.95238e-31	7.83993e-08	4.36365e-28	1.40225e-05	2.49859e-07	0.999959	2.70536e-05
Cell_216	1.50415e-44	0.0697993	3.45124e-37	0.468612	0.00843848	0.259197	0.193953
Cell_217	1.07737e-82	1.5e-30	5.82642e-80	2.68289e-28	1	6.11792e-30	1.41333e-27
Cell_218	2.09076e-50	0.0051392	3.76984e-08	0.919194	0.0163803	0.0209611	0.0383256
Cell_219	3.19913e-35	0.00291841	3.05019e-32	0.521987	0.00930531	0.0119032	0.453886
Cell_220	9.02067e-32	0.00289215	1.81596e-09	0.517287	0.00923379	0.011796	0.458791
Cell_221	3.42071e-33	0.00372459	1.82193e-12	0.666133	0.0119243	0.0151912	0.303027
Cell_222	4.62615e-47	1.25578e-16	7.37706e-45	2.24608e-14	1	5.39748e-16	4.455e-15
Cell_223	2.23394e-36	0.00392639	6.74351e-22	0.702254	0.0734421	0.0162898	0.204088
Cell_224	8.01388e-50	2.64446e-18	5.19308e-30	4.72985e-16	8.42785e-18	1	3.02945e-16
Cell_225	5.97477e-45	4.23981e-15	1.95505e-29	7.58334e-13	1	1.72927e-14	5.84371e-13
Cell_226	7.91957e-33	0.00268866	2.69751e-33	0.48083	0.00857082	0.0109647	0.496946
Cell_227	6.92296e-77	0.00320816	5.67153e-69	0.573804	0.0102739	0.0130869	0.399627
Cell_228	4.46097e-21	5.91824e-06	3.04461e-16	0.001058	0.998668	2.58083e-05	0.000242003
Cell_229	3.45996e-53	0.00465011	3.6369e-42	0.83166	0.0225829	0.0189659	0.122141
Cell_230	2.03156e-27	2.20484e-08	5.65417e-15	3.94313e-06	7.04202e-08	0.999995	1.10412e-06
Cell_231	1.24857e-75	7.79479e-42	1.47258e-68	1.39368e-39	2.50026e-41	1	7.94791e-40
Cell_232	3.75911e-60	0.001826	6.03992e-62	0.326598	0.00582276	0.00744758	0.658306
Cell_233	3.35438e-21	0.000283397	0.859659	0.0506882	0.000904715	0.00116395	0.0873003
Cell_234	6.47147e-43	0.00089275	3.45502e-23	0.159677	0.00287021	0.0036412	0.832919
Cell_235	1.02245e-27	0.00298309	1.62083e-28	0.533268	0.00951188	0.0121663	0.442071
Cell_236	6.14614e-35	0.00178483	1.42093e-26	0.319093	0.00568785	0.00727645	0.666158
Cell_237	7.89319e-55	0.00324128	1.06956e-44	0.570991	0.0107492	0.0168839	0.398134
Cell_238	2.30468e-27	2.98475e-05	4.40479e-17	0.00533449	0.000508378	0.993773	0.000353896
Cell_239	2.41371e-41	1.18444e-05	3.11734e-43	0.00211778	3.79894e-05	0.995937	0.00189502
Cell_240	1.10564e-64	4.62769e-09	2.04296e-57	8.27709e-07	0.999998	1.88747e-08	8.05584e-07
Cell_241	2.59222e-78	0.00382673	5.72372e-51	0.684444	0.0121981	0.0156078	0.283923
Cell_242	7.90496e-41	1.53113e-05	1.0798e-30	0.00273846	0.996652	6.26056e-05	0.000532029
Cell_243	1.48537e-41	8.14488e-11	2.16263e-24	1.45635e-08	2.60469e-10	1	9.56874e-09
Cell_244	4.72971e-15	0.00545794	5.79082e-17	0.951578	0.0184742	0.0221119	0.00237796
Cell_245	3.95232e-22	0.00390856	1.94083e-20	0.699086	0.0124857	0.0159416	0.268578
Cell_246	1.38753e-10	0.0339655	2.01551e-12	0.228035	0.00406684	0.12613	0.607803
Cell_247	8.43364e-45	0.00254283	1.31196e-21	0.454803	0.0081056	0.0103713	0.524177
Cell_248	0.986529	1.42478e-06	0.0119874	0.000254831	4.54815e-06	7.88467e-06	0.00121475
Cell_249	2.45114e-21	0.00615726	3.35869e-09	0.824757	0.0173015	0.0188336	0.132951
Cell_250	9.99081e-34	0.00184114	1.21381e-35	0.329306	0.00586777	0.00750934	0.655475
Cell_251	4.21599e-41	0.000930181	1.10018e-28	0.166357	0.00296953	0.00379383	0.82595
Cell_252	1.66949e-50	0.00295091	3.19197e-19	0.527799	0.00940447	0.0120357	0.44781
Cell_253	5.65669e-53	9.81549e-28	7.79337e-35	1.75559e-25	3.15329e-27	1	9.05859e-26
Cell_254	1.93948e-100	0.00276369	1.11491e-83	0.494315	0.00880817	0.0112721	0.482842
Cell_255	1.42019e-56	0.0030068	1.84308e-52	0.537787	0.00961533	0.0122634	0.437328
Cell_256	5.10891e-36	0.00108162	2.72673e-35	0.185632	0.00330838	0.00423307	0.805745
Cell_257	5.33128e-71	1	6.65473e-73	6.45499e-46	1.16063e-47	1.47197e-47	5.42982e-46
Cell_258	1.37029e-33	0.00308802	7.96628e-20	0.552315	0.00984833	0.0125949	0.422154
Cell_259	7.92499e-65	0.00396272	1.70057e-36	0.708759	0.0128983	0.0161624	0.258218
Cell_260	0.00644261	0.000337047	0.844905	0.060284	0.00107537	0.00137475	0.0855814
Cell_261	6.60635e-42	0.00460163	1.32216e-43	0.823047	0.0147038	0.0187684	0.138879
Cell_262	1.39696e-21	0.00484502	1.9401e-16	0.863901	0.0157217	0.0197494	0.0957829
Cell_263	1.19679e-19	0.00480318	1.06992e-11	0.850357	0.0350202	0.0195711	0.0902483
Cell_264	2.20962e-46	0.001527	1.06772e-37	0.273097	0.00486694	0.00622798	0.714281
Cell_265	1.99576e-30	0.997231	1.08726e-26	0.00179472	3.22602e-05	4.09702e-05	0.000900628
Cell_266	4.31813e-28	0.00417287	0.0274186	0.746349	0.024235	0.0170196	0.180805
Cell_267	1.98806e-41	0.00398368	3.70562e-27	0.712515	0.158055	0.016248	0.109198
Cell_268	8.69842e-20	0.00612702	0.000933665	0.637391	0.0121218	0.0147623	0.328665
Cell_269	7.1159e-24	0.00438863	3.58821e-18	0.784817	0.0141737	0.0178993	0.178722
Cell_270	3.68576e-30	3.09837e-08	3.27548e-27	5.5417e-06	0.999992	1.26371e-07	1.81588e-06
Cell_271	6.65648e-19	9.72492e-05	3.00348e-18	0.0173933	0.976457	0.000396641	0.00565631
Cell_272	1.68073e-23	0.00371455	3.50991e-20	0.590926	0.0105333	0.0134783	0.381348
Cell_273	4.49378e-60	1	9.37892e-44	5.59472e-08	9.96907e-10	1.2758e-09	6.85271e-09
Cell_274	1.85662e-10	0.000396657	0.840644	0.0709052	0.00128054	0.00161773	0.085156
Cell_275	2.80216e-31	0.00241258	8.87224e-19	0.428277	0.00844037	0.00983289	0.551037
Cell_276	0.984823	1.01421e-05	0.0120577	0.00181401	3.23288e-05	4.13658e-05	0.00122194
Cell_277	2.14258e-23	0.00263671	1.59788e-19	0.471538	0.0084635	0.010754	0.506608
Cell_278	3.34818e-37	0.00351547	7.5623e-19	0.628762	0.0112136	0.0143383	0.342171
Cell_279	5.7538e-46	0.00500884	2.63342e-15	0.895609	0.0401332	0.0204286	0.0388199
Cell_280	2.99688e-29	0.000194225	1.0553e-20	0.034739	0.000654124	0.902864	0.0615491
Cell_281	4.55052e-57	0.00505295	1.06708e-48	0.903728	0.0161583	0.020609	0.0544515
Cell_282	7.49631e-49	1.5571e-16	1.33708e-35	2.78504e-14	4.96252e-16	1	1.2387e-14
Cell_283	1.73361e-56	0.00223864	1.30334e-32	0.400403	0.00713509	0.00913061	0.581092
Cell_284	2.68889e-43	0.00447046	5.4861e-37	0.799579	0.0142474	0.0182333	0.16347
Cell_285	5.37349e-16	0.00063327	3.65412e-12	0.0109845	0.986097	0.0002506	0.0020343
Cell_286	4.62598e-45	1.40167e-05	2.19197e-31	0.00250679	0.000376169	0.99443	0.00267277
Cell_287	7.17103e-52	8.8421e-30	2.30631e-27	1.58141e-27	2.81796e-29	1	5.9316e-28
Cell_288	3.16242e-25	0.0011715	4.96817e-20	0.209534	0.00373569	0.00477813	0.780781
Cell_289	1.1653e-14	0.00166692	5.02634e-12	0.298127	0.00533272	0.00680026	0.688073
Cell_290	3.86912e-53	0.00127208	1.89618e-24	0.227523	0.637821	0.00518832	0.128196
Cell_291	1.64198e-15	0.00214419	2.71231e-09	0.383506	0.00684575	0.00874535	0.598758
Cell_292	2.05933e-38	0.00439027	7.25313e-40	0.785231	0.0142601	0.0179063	0.178212
Cell_293	1.13288e-59	4.62967e-32	2.74383e-57	8.28061e-30	1	1.88827e-31	4.59871e-30
Cell_294	7.54296e-08	0.00369909	2.01291e-05	0.657655	0.0117464	0.0150785	0.311801
Cell_295	3.1415e-74	1	3.22108e-65	7.30432e-14	1.30157e-15	1.66564e-15	1.6267e-14
Cell_296	2.28867e-17	2.68755e-07	8.81513e-13	4.80695e-05	8.5662e-07	0.999915	3.59479e-05
Cell_297	5.13976e-35	0.999638	5.02745e-23	0.000218769	6.49385e-05	4.98869e-06	7.37602e-05
Cell_298	1.02266e-32	0.000842995	1.39532e-24	0.150744	0.0042628	0.787659	0.0564909
Cell_299	3.80749e-57	5.23339e-25	1.13861e-47	9.36043e-23	1.66786e-24	1	8.10441e-23
Cell_300	6.55996e-49	0.00409651	9.95714e-31	0.732674	0.0130576	0.0167075	0.233465
Cell_301	3.0825e-83	4.68097e-19	3.3407e-78	8.36827e-17	1	1.91082e-18	8.66767e-18
Cell_302	0.986273	2.83824e-06	0.0119823	0.000507647	9.061e-06	1.15762e-05	0.00121377
Cell_303	1.30025e-36	0.00225981	4.97516e-25	0.404174	0.00721984	0.0092169	0.57713
Cell_304	1.02646e-12	2.20072e-05	1.74951e-10	0.00308239	0.00107826	0.99464	0.00117773
Cell_305	9.52582e-36	0.0048072	1.16122e-37	0.859815	0.0153385	0.0196068	0.100432
Cell_306	1.72793e-43	0.00486609	4.22885e-36	0.870321	0.015701	0.0198469	0.0892651
Cell_307	1.83164e-28	0.0027657	1.36673e-25	0.494611	0.00938053	0.01128	0.481963
Cell_308	8.0394e-36	6.41111e-08	6.9533e-27	1.14665e-05	0.999988	2.61521e-07	3.02723e-08
Cell_309	9.28655e-44	3.97428e-10	2.54554e-42	7.10832e-08	1.27585e-09	1	8.98676e-09
Cell_310	1.56908e-68	0.971429	7.52403e-61	0.018807	0.000335133	0.000428868	0.00899991
Cell_311	8.27644e-43	6.09215e-05	1.74229e-31	0.0108964	0.000194515	0.978149	0.0106993
Cell_312	5.77936e-16	0.000799073	1.40958e-12	0.142905	0.83904	0.00325909	0.0139969
Cell_313	3.2819e-22	1.19605e-05	1.7431e-16	0.00213926	3.81199e-05	0.993679	0.00413212
Cell_314	9.47252e-70	0.00336387	6.73684e-62	0.601657	0.0107212	0.0137199	0.370538
Cell_315	2.20018e-31	8.47293e-07	1.02275e-21	0.000151546	0.999815	3.45579e-06	2.88807e-05
Cell_316	4.3554e-48	1.08999e-14	5.02883e-38	1.94954e-12	1	4.44567e-14	4.14362e-13
Cell_317	2.60059e-19	0.00240673	4.13725e-09	0.000961858	0.996431	3.63667e-05	0.00016453
Cell_318	3.50548e-30	0.00430196	1.15359e-16	0.768824	0.0139647	0.0949795	0.11793
Cell_319	2.69703e-41	7.76695e-12	1.00511e-15	1.38919e-09	1	3.16794e-11	1.34527e-10
Cell_320	7.89402e-57	0.00321366	1.60838e-16	0.574792	0.0102458	0.0131075	0.398642
Cell_321	1.55544e-115	4.78692e-15	1.20663e-51	8.56131e-13	1.52548e-14	1	4.15293e-13
Cell_322	1.58244e-49	2.79164e-14	3.72356e-30	4.99313e-12	8.89835e-14	1	1.74729e-12
Cell_323	9.46329e-50	0.0032021	3.67157e-24	0.572726	0.0102062	0.0130602	0.400805
Cell_324	1.16258e-76	2.29904e-33	2.17986e-65	4.11204e-31	7.3274e-33	1	4.84094e-32
Cell_325	4.06057e-18	0.00164799	0.590292	0.294755	0.00526925	0.00672147	0.101314
Cell_326	0.986515	1.5276e-06	0.0119853	0.000273223	4.86985e-06	6.2305e-06	0.00121399
Cell_327	8.50371e-22	0.00154242	4.33333e-15	0.275876	0.00512965	0.00629095	0.711161
Cell_328	2.25927e-119	2.56109e-32	2.8314e-109	4.58073e-30	1	1.04457e-31	2.97357e-29
Cell_329	5.00264e-20	0.00342011	9.36348e-15	0.56788	0.0138465	0.332802	0.0820513
Cell_330	8.17472e-34	1.25598e-13	1.04684e-23	2.24643e-11	1	5.12267e-13	6.02214e-11
Cell_331	3.481e-44	4.78373e-19	1.19511e-35	8.55618e-17	1	1.95111e-18	5.36751e-17
Cell_332	3.11013e-59	1	1.58182e-60	6.56378e-36	1.17187e-37	1.49677e-37	9.04607e-37
Cell_333	2.70183e-10	0.00430534	2.3319e-07	0.767388	0.014594	0.0199039	0.193809
Cell_334	3.68987e-40	3.36256e-19	5.32805e-41	6.01424e-17	1.07215e-18	1	1.18172e-17
Cell_335	1.49666e-59	0.00495891	2.60537e-56	0.886946	0.0158131	0.0202255	0.0720563
Cell_336	4.05002e-51	0.00390579	4.9222e-53	0.69849	0.0124585	0.0159282	0.269218
Cell_337	1.81505e-51	0.000299841	1.58964e-28	0.0536295	0.778944	0.00122294	0.165903
Cell_338	4.15184e-57	0.00193554	5.73108e-47	0.346178	0.00620765	0.00789436	0.637785
Cell_339	1.78576e-24	0.000941653	1.46382e-16	0.168424	0.397288	0.278722	0.154625
Cell_340	1.77483e-89	0.00381762	2.15142e-64	0.682811	0.0121748	0.0155727	0.285624
Cell_341	1.98244e-15	0.00025362	8.89681e-15	0.0453408	0.000828956	0.946435	0.00714195
Cell_342	7.46186e-28	1.22694e-09	6.37549e-20	2.19434e-07	0.999998	5.00421e-09	1.41387e-06
Cell_343	0.978105	3.76425e-05	0.0133589	0.00673034	0.000123792	0.000153522	0.00149104
Cell_344	6.59181e-62	6.86961e-10	1.07239e-46	1.22868e-07	1	2.80183e-09	8.39466e-08
Cell_345	1.75497e-42	0.00393025	2.90285e-13	0.702964	0.012541	0.0160301	0.264534
Cell_346	0.986104	3.75228e-06	0.0119803	0.000671133	1.19592e-05	1.53042e-05	0.0012138
Cell_347	5.93273e-17	0.00412785	5.62437e-12	0.735752	0.0153686	0.0168303	0.227921
Cell_348	1.09938e-49	0.00196846	5.24828e-33	0.352079	0.00627351	0.00802862	0.631651
Cell_349	0.000595176	0.000758029	0.00910252	0.135581	0.00241585	0.635133	0.216415
Cell_350	1.24238e-18	0.00432614	3.31098e-19	0.773356	0.0137938	0.0176438	0.190881
Cell_351	8.38542e-37	3.13267e-16	2.41377e-25	5.60244e-14	1	1.44123e-15	4.78324e-15
Cell_352	3.09951e-50	0.00109001	2.20623e-48	0.194958	0.00396817	0.00444582	0.795538
Cell_353	2.08988e-43	0.0020679	3.3935e-24	0.369832	0.00772516	0.363621	0.256754
Cell_354	0.986493	1.46259e-06	0.0120157	0.000261593	4.66885e-06	5.96536e-06	0.0012174
Cell_355	4.26625e-34	0.00355897	1.47624e-35	0.636525	0.0113424	0.0145151	0.334058
Cell_356	0.985211	6.40238e-06	0.0123408	0.00114498	2.04685e-05	2.61126e-05	0.00125028
Cell_357	9.84426e-22	0.00241034	1.14213e-13	0.431107	0.00784549	0.00983237	0.548804
Cell_358	5.51952e-35	1.76204e-11	8.02647e-24	3.15152e-09	1	7.18669e-11	3.06355e-10
Cell_359	2.46894e-62	0.0044009	4.64168e-40	0.787142	0.0140266	0.0179497	0.176481
Cell_360	5.78126e-23	0.00497033	0.000374553	0.888853	0.0158579	0.0202692	0.0696754
Cell_361	4.07809e-47	1	1.65142e-36	2.21717e-12	3.97955e-14	5.05647e-14	8.0116e-13
Cell_362	9.77972e-91	0.000154655	7.35731e-79	0.0276587	0.000493188	0.948842	0.0228513
Cell_363	1.76032e-64	2.33162e-13	4.76508e-24	4.16945e-11	7.43571e-13	1	1.03746e-10
Cell_364	3.93907e-35	0.00267373	2.44663e-27	0.478213	0.0085239	0.0109051	0.499684
Cell_365	4.79795e-37	0.00365605	1.31203e-29	0.653915	0.0116632	0.0149117	0.315854
Cell_366	0.985271	7.94437e-06	0.0120148	0.00142087	2.53245e-05	3.24009e-05	0.00122756
Cell_367	2.15786e-79	0.00422753	5.06833e-66	0.756134	0.013487	0.0172536	0.208898
Cell_368	3.6604e-25	0.0019583	1.72466e-16	0.350262	0.00624148	0.00798719	0.633551
Cell_369	0.986423	1.81607e-06	0.0120193	0.000324822	5.85253e-06	7.40718e-06	0.00121759
Cell_370	0.000191221	0.00147037	2.37796e-06	0.262975	0.00468616	0.00599706	0.724678
Cell_371	1.11842e-24	0.00291815	6.45179e-24	0.521639	0.00931074	0.011901	0.454231
Cell_372	4.99617e-20	0.000888262	6.14034e-22	0.158864	0.00284049	0.00362287	0.833784
Cell_373	5.37924e-53	0.0022628	8.30208e-37	0.404724	0.00721218	0.00922914	0.576572
Cell_374	4.80139e-24	0.00322668	4.68137e-19	0.567488	0.299014	0.0129496	0.117322
Cell_375	4.44358e-44	3.41902e-05	2.04817e-42	0.00609433	0.992663	0.000139093	0.00106943
Cell_376	4.38676e-25	0.088999	5.19795e-16	0.542523	0.00966684	0.0123714	0.34644
Cell_377	6.47542e-46	4.69218e-09	1.04206e-32	8.39239e-07	0.999999	1.91377e-08	1.13886e-07
Cell_378	2.23391e-57	0.00267833	1.88739e-50	0.47655	0.00850021	0.0108671	0.501404
Cell_379	8.02677e-31	0.00507252	9.52191e-21	0.907267	0.0161943	0.0206889	0.050777
Cell_380	1.21949e-31	0.00280831	1.15536e-16	0.502294	0.00895022	0.0115848	0.474363
Cell_381	1.09961e-56	0.00421816	1.33633e-58	0.754452	0.0134432	0.0172042	0.210682
Cell_382	2.32075e-12	0.00375652	1.21258e-07	0.671766	0.0119719	0.0153212	0.297184
Cell_383	1.81794e-44	0.00203152	2.41451e-31	0.363338	0.0465992	0.0474092	0.540622
Cell_384	6.92385e-55	0.00292578	1.2376e-39	0.523138	0.316391	0.011933	0.145613
Cell_385	5.76446e-53	3.53522e-12	3.44646e-33	6.3231e-10	0.0104849	0.989515	2.45672e-10
Cell_386	1.26723e-35	0.00305274	2.93366e-34	0.546012	0.00973883	0.0124519	0.428744
Cell_387	2.17444e-27	0.00197644	3.04458e-22	0.353505	0.00629962	0.00806116	0.630157
Cell_388	3.77115e-37	0.00480448	1.57923e-30	0.858672	0.0153006	0.0592814	0.0619416
Cell_389	2.20631e-16	0.00155566	0.00367207	0.278227	0.0050145	0.00634492	0.705185
Cell_390	3.66422e-22	0.0030246	2.99315e-13	0.540825	0.00980677	0.0123359	0.434008
Cell_391	2.93507e-60	1	2.46293e-25	5.39829e-18	9.62539e-20	1.231e-19	1.93527e-18
Cell_392	2.21432e-26	5.26672e-08	5.23106e-14	9.42007e-06	0.999979	2.14811e-07	1.11525e-05
Cell_393	1.13268e-91	0.00182018	1.37432e-62	0.325489	0.00581419	0.00742371	0.659453
Cell_394	9.61141e-38	0.00469261	1.04144e-21	0.839311	0.0149552	0.0191394	0.121902
Cell_395	6.58004e-21	0.00513281	8.51806e-15	0.91805	0.0163759	0.0209348	0.0395066
Cell_396	2.03818e-38	0.00171822	7.35223e-22	0.30732	0.00547735	0.00700797	0.678477
Cell_397	3.57555e-32	0.00500999	3.24533e-32	0.896083	0.0159871	0.0204339	0.0624856
Cell_398	0.98631	2.60516e-06	0.0119871	0.00046569	8.46678e-06	1.06249e-05	0.00121574
Cell_399	5.77097e-31	0.00300864	1.41985e-23	0.538108	0.0100842	0.0122711	0.436528
Cell_400	5.306e-38	0.00225863	3.54626e-29	0.403967	0.00719798	0.0092121	0.577364
Cell_401	2.83181e-66	3.15172e-10	4.96069e-50	5.63716e-08	1.00448e-09	1	9.50645e-09
Cell_402	2.62774e-36	0.00382799	6.80644e-33	0.684672	0.0122052	0.0156132	0.283682
Cell_403	5.59073e-27	2.21413e-22	4.16943e-23	3.96011e-20	7.06645e-22	1	9.95692e-20
Cell_404	5.86543e-49	1.0838e-09	7.12605e-51	1.93849e-07	1	4.42046e-09	1.92122e-07
Cell_405	1.30701e-31	0.000762304	9.90647e-23	0.136344	0.151117	0.00310915	0.708668
Cell_406	6.29022e-36	0.00337949	4.24995e-26	0.604453	0.0107707	0.0137837	0.367613
Cell_407	1.1718e-21	0.00378053	6.7848e-15	0.676185	0.0120484	0.0154194	0.292567
Cell_408	4.96764e-54	0.00428721	1.36576e-21	0.7668	0.0142167	0.0174859	0.197211
Cell_409	0.985462	6.97599e-06	0.0120131	0.00124769	2.23042e-05	2.84524e-05	0.00121972
Cell_410	7.27618e-56	1.73919e-10	8.83991e-58	3.11071e-08	1	7.0935e-10	2.38209e-08
Cell_411	0.00346675	0.00517	0.000549562	0.923278	0.0164596	0.0210809	0.0299952
Cell_412	7.02337e-56	1.40529e-35	1.84861e-50	1.30725e-33	2.33064e-35	1	1.16282e-33
Cell_413	2.14874e-46	0.00292613	8.16961e-35	0.523363	0.00932636	0.0119346	0.452449
Cell_414	0.985158	8.87754e-06	0.0119689	0.00158784	2.82951e-05	3.62082e-05	0.00121234
Cell_415	3.29699e-141	9.40343e-20	1.70158e-138	1.68157e-17	2.99644e-19	1	1.87153e-18
Cell_416	6.84377e-46	1.26429e-12	3.90992e-27	2.26122e-10	4.03596e-12	1	9.67016e-12
Cell_417	1.84796e-46	0.00246179	3.87718e-47	0.440315	0.0078518	0.0100407	0.53933
Cell_418	1.38313e-08	0.00450007	1.22197e-08	0.804854	0.0143427	0.0183535	0.15795
Cell_419	2.16938e-37	0.00190943	4.04176e-27	0.341517	0.00608902	0.00778787	0.642697
Cell_420	1.66293e-41	0.00295273	2.022e-43	0.528125	0.00941709	0.0120431	0.447462
Cell_421	2.06703e-62	0.00266437	1.35247e-26	0.476549	0.00849156	0.233713	0.278582
Cell_422	1.82345e-45	1.82456e-09	1.29563e-39	3.26339e-07	5.81511e-09	0.999999	1.87348e-07
Cell_423	6.07237e-43	0.00170643	5.85767e-41	0.305212	0.00553442	0.00695991	0.680587
Cell_424	9.34184e-61	0.000124613	1.64296e-44	0.0222868	0.000397117	0.929759	0.0474325
Cell_425	9.13376e-23	6.26725e-05	6.33078e-23	0.0112088	0.000199747	0.981912	0.00661642
Cell_426	6.13514e-27	0.00119192	4.1752e-19	0.209554	0.00427364	0.00485337	0.780127
Cell_427	1.8529e-14	0.00172448	5.11137e-16	0.30844	0.00549859	0.00703352	0.677303
Cell_428	8.91624e-34	0.00243958	1.01738e-32	0.436287	0.0077743	0.00994887	0.54355
Cell_429	4.46481e-34	3.75381e-07	1.06124e-21	6.71407e-05	0.999873	1.53105e-06	5.83817e-05
Cell_430	1.86666e-32	1.35793e-18	6.71357e-24	2.428e-16	4.38022e-18	1	2.20485e-16
Cell_431	8.71981e-36	0.00217253	7.79983e-34	0.388579	0.00692394	0.00886095	0.593464
Cell_432	1.29544e-45	2.25702e-14	9.89401e-29	4.03674e-12	7.19296e-14	1	5.4009e-13
Cell_433	5.91752e-48	2.20176e-15	2.74194e-45	3.93765e-13	1	8.98004e-15	8.14002e-15
Cell_434	7.11012e-22	1.737e-05	1.99304e-19	0.00310611	5.53457e-05	0.994303	0.00251836
Cell_435	2.01416e-11	0.00469771	6.68464e-13	0.840231	0.0149827	0.0191602	0.120928
Cell_436	3.48626e-33	0.398215	7.25763e-15	0.516733	0.00920792	0.0117835	0.0640612
Cell_437	0.000745785	0.000493757	0.803786	0.0883122	0.0016146	0.0020153	0.103032
Cell_438	6.62302e-22	0.00263171	5.23407e-16	0.4707	0.0083881	0.0107338	0.507547
Cell_439	1.84919e-29	0.00362841	8.191e-29	0.648677	0.0125753	0.0147933	0.320326
Cell_440	1.0011e-68	0.00302978	3.4703e-52	0.53706	0.00956953	0.0123467	0.437994
Cell_441	3.43816e-25	0.00406355	4.64772e-21	0.726807	0.0901096	0.0165737	0.162446
Cell_442	9.15676e-40	3.45535e-22	1.13799e-34	6.17443e-20	1.10948e-21	1	1.54588e-20
Cell_443	0.594529	0.0012005	0.0303006	0.214721	0.113138	0.00489644	0.0412137
Cell_444	0.983472	1.80033e-05	0.0119484	0.00322002	5.74133e-05	7.34278e-05	0.00121073
Cell_445	2.69701e-16	0.00052539	0.765749	0.0939712	0.00167455	0.00214287	0.135937
Cell_446	6.62122e-51	0.0035325	1.1302e-33	0.631653	0.0112549	0.0149228	0.338637
Cell_447	3.24326e-45	0.00117201	9.39702e-25	0.209618	0.00373609	0.00478005	0.780694
Cell_448	1.51979e-35	0.00354693	8.11223e-22	0.634373	0.011471	0.0144666	0.336143
Cell_449	1.41383e-86	5.39645e-42	6.99026e-57	9.64866e-40	1.73487e-41	1	5.18887e-40
Cell_450	6.91031e-92	0.0012739	8.74631e-94	0.22785	0.00406019	0.0051958	0.76162
Cell_451	5.41188e-73	2.6771e-27	1.10141e-65	4.78826e-25	1	1.09189e-26	4.63919e-25
Cell_452	3.51497e-51	0.0032714	6.03498e-48	0.584971	0.0104254	0.0133425	0.38799
Cell_453	9.28485e-11	0.00229132	5.2382e-09	0.385068	0.0068742	0.0087809	0.596986
Cell_454	9.0213e-63	0.00140974	0.00234616	0.252107	0.00449352	0.00574976	0.733894
Cell_455	3.57965e-60	0.00285464	1.39419e-39	0.510581	0.342652	0.011643	0.132269
Cell_456	2.2963e-46	0.00181777	4.02292e-25	0.325126	0.00581117	0.00741403	0.659831
Cell_457	2.24808e-37	0.00421017	1.29815e-25	0.750298	0.0133718	0.0171095	0.21501
Cell_458	6.52406e-25	0.00133958	2.66144e-26	0.239577	0.00439245	0.00546328	0.749228
Cell_459	0.985701	5.71322e-06	0.0119769	0.00102187	1.821e-05	2.33021e-05	0.00125274
Cell_460	7.28734e-06	3.14218e-09	1.05855e-07	5.61981e-07	0.999992	1.28157e-08	1.48916e-07
Cell_461	4.99672e-40	0.00439138	5.00499e-30	0.785387	0.0140137	0.0179275	0.17828
Cell_462	2.71561e-22	0.00242467	4.58297e-15	0.433673	0.00772955	0.00988934	0.546283
Cell_463	3.54985e-67	7.35901e-14	2.80731e-67	1.31622e-11	2.34664e-13	1	1.67804e-11
Cell_464	0.98601	4.15909e-06	0.0119792	0.000743894	1.32554e-05	1.69634e-05	0.00123287
Cell_465	8.57533e-28	6.95829e-05	7.59475e-24	0.0124451	0.985301	0.000283802	0.00190073
Cell_466	1.25909e-22	2.87464e-16	1.54157e-24	5.14128e-14	1	1.17245e-15	9.76728e-16
Cell_467	1.38697e-32	0.000192609	9.53551e-20	0.0344494	0.909858	0.000785582	0.0547143
Cell_468	2.83343e-40	0.00125911	1.23022e-27	0.225205	0.611598	0.0267526	0.135186
Cell_469	8.468e-05	0.00272672	0.00138447	0.487702	0.00869031	0.0111213	0.488291
Cell_470	1.37037e-65	0.00319027	1.26658e-28	0.570594	0.0144459	0.0130119	0.398758
Cell_471	1.36659e-50	0.00296428	3.78236e-29	0.530186	0.00944812	0.0120901	0.445311
Cell_472	0.986633	7.58287e-07	0.0119877	0.000135627	2.44849e-06	3.09277e-06	0.00123784
Cell_473	7.73712e-21	5.73127e-05	5.20836e-08	0.0102508	0.000182654	0.986388	0.00312163
Cell_474	1.49264e-33	1.74203e-05	1.12257e-31	0.00311579	0.99505	7.1051e-05	0.00174584
Cell_475	1.69786e-23	0.00388808	5.4074e-19	0.69542	0.0123921	0.015858	0.272442
Cell_476	3.2051e-38	1.07165e-19	2.77839e-24	1.91674e-17	3.41797e-19	1	2.83454e-17
Cell_477	1.21584e-37	0.028006	7.6009e-14	0.0012	2.13826e-05	0.970605	0.000167264
Cell_478	2.41161e-37	0.00212971	2.93012e-39	0.380885	0.00696365	0.00868622	0.601335
Cell_479	3.09165e-58	0.00316614	2.5912e-40	0.566296	0.0100909	0.0145225	0.405925
Cell_480	2.24917e-51	1.80798e-10	1.52953e-32	3.23376e-08	1	7.37409e-10	6.39457e-09
