cell	Node 0	Node 1	Node 2	Node 3	Node 4	Node 5	Node 6
Cell_0	1.11917e-41	1.55681e-13	8.08011e-41	1	3.81668e-14	6.81821e-12	1.06462e-12
Cell_1	5.49718e-31	9.54101e-14	4.62321e-29	1	2.33912e-14	4.17868e-12	2.09095e-13
Cell_2	2.45562e-28	0.0773633	4.23165e-21	0.0132729	0.00310539	0.554306	0.351952
Cell_3	1.5607e-30	0.999682	1.51909e-25	3.67295e-06	1.13712e-06	0.000203123	0.000109961
Cell_4	1.23847e-07	0.999989	1.95991e-08	1.62876e-07	4.85952e-08	8.68052e-06	2.03611e-06
Cell_5	3.31577e-25	6.18523e-12	1.59293e-15	1	1.51409e-12	2.70481e-10	4.76671e-11
Cell_6	4.98024e-72	3.93492e-06	1.72559e-37	0.0869513	0.91284	0.000172334	3.20089e-05
Cell_7	4.25301e-42	0.0173618	5.57084e-36	0.013735	0.0042565	0.760395	0.204252
Cell_8	2.35114e-78	4.33726e-14	3.47169e-60	1	1.06334e-14	1.89958e-12	5.08523e-12
Cell_9	3.62094e-24	0.999964	1.47895e-05	3.29762e-07	1.0567e-07	1.83933e-05	1.99202e-06
Cell_10	4.97947e-51	0.015283	2.15056e-30	0.0119416	0.00374686	0.669351	0.299678
Cell_11	9.88175e-40	0.0109615	2.58158e-25	0.00868786	0.00268756	0.479885	0.497778
Cell_12	2.0082e-28	2.19914e-05	7.36472e-27	0.998466	5.39206e-06	0.000962622	0.000544035
Cell_13	9.60938e-46	0.997277	2.2587e-32	3.15878e-05	9.90544e-06	0.00176954	0.00091191
Cell_14	6.9103e-27	0.0200504	2.78765e-24	0.0163788	0.00491581	0.877961	0.0806944
Cell_15	1.20575e-21	0.000278299	6.75118e-18	0.974294	6.82289e-05	0.0121886	0.0131711
Cell_16	6.76197e-23	0.0076536	2.68714e-18	0.00598062	0.0018764	0.335169	0.64932
Cell_17	5.32337e-39	0.0151521	1.03485e-30	0.0118411	0.00371634	0.663615	0.305676
Cell_18	5.47535e-33	0.00950826	1.96855e-23	0.00744311	0.00233102	0.416421	0.564297
Cell_19	1.6975e-45	3.91654e-29	1.79554e-40	1	9.60224e-30	1.71503e-27	2.22803e-28
Cell_20	2.14099e-30	0.00700731	4.1867e-16	0.00547518	0.00171787	0.306886	0.678914
Cell_21	1.06089e-27	2.89403e-10	1.17052e-17	1	7.09515e-11	1.26749e-08	4.19276e-09
Cell_22	1.39301e-29	1.72338e-07	1.11202e-14	1.3464e-07	0.999989	7.54672e-06	2.9065e-06
Cell_23	0.981126	0.000125422	0.0119004	0.000106777	3.07505e-05	0.0054931	0.00121733
Cell_24	2.54196e-12	0.0130645	5.87127e-08	0.0102146	0.00320295	0.572163	0.401355
Cell_25	5.79888e-22	0.0163362	4.03653e-10	0.0127652	0.00400506	0.715478	0.251416
Cell_26	3.6962e-32	2.00722e-07	6.89525e-16	1.68705e-05	0.999971	8.79096e-06	2.88382e-06
Cell_27	3.39945e-21	0.0450817	3.03776e-14	0.0154053	0.00550401	0.769393	0.164616
Cell_28	1.59248e-28	0.000207065	1.72333e-14	0.984963	5.07332e-05	0.00906304	0.00571625
Cell_29	6.07349e-30	1	2.72135e-29	9.83844e-12	3.80387e-09	5.51435e-10	1.00432e-10
Cell_30	6.79591e-26	0.00558033	6.40957e-22	0.960473	0.000167975	0.0299463	0.00383241
Cell_31	2.86962e-23	0.017551	4.59491e-21	0.0137912	0.00430286	0.768677	0.195678
Cell_32	1.38979e-23	5.03825e-06	4.21012e-21	0.999735	1.25495e-06	0.000220047	3.85726e-05
Cell_33	1.60745e-31	3.33452e-09	2.61325e-26	1	8.17443e-10	1.46031e-07	4.99073e-08
Cell_34	2.16432e-49	7.54411e-21	5.0981e-31	5.89517e-21	1	3.30409e-19	4.32233e-19
Cell_35	6.62675e-25	0.019819	1.22485e-16	0.0475803	0.00437825	0.781594	0.146629
Cell_36	2.64249e-41	0.00601065	8.86985e-29	0.00469704	0.00147344	0.26322	0.724599
Cell_37	2.27249e-45	0.0753073	1.99896e-36	0.0123481	0.00382195	0.682249	0.226274
Cell_38	4.148e-49	5.41259e-11	6.32517e-42	1	1.32697e-11	2.37055e-09	1.52682e-08
Cell_39	8.59273e-30	0.00407494	7.68464e-15	0.00318429	0.000999034	0.17847	0.813272
Cell_40	7.09177e-49	0.0149811	8.98939e-16	0.0117219	0.00367284	0.656112	0.313512
Cell_41	5.59002e-59	0.0145448	4.5855e-48	0.0113668	0.00356588	0.637012	0.33351
Cell_42	9.26362e-58	0.00612413	2.97347e-38	0.00478616	0.00150154	0.268217	0.719371
Cell_43	4.3815e-18	0.535964	2.97668e-10	0.14583	0.00153455	0.274076	0.042595
Cell_44	4.09208e-44	2.2557e-12	1.66081e-32	3.69241e-12	1	9.87927e-11	5.26859e-11
Cell_45	7.63029e-114	0.0043531	5.48555e-88	0.00340134	0.00106723	0.190653	0.800526
Cell_46	3.44561e-10	0.0215056	0.000173449	0.0174604	0.00527598	0.935939	0.0196455
Cell_47	1.10613e-46	0.015538	7.62608e-23	0.0121837	0.00380936	0.680515	0.287954
Cell_48	3.63326e-41	0.0157262	6.73691e-35	0.0760087	0.00385578	0.688759	0.21565
Cell_49	5.39287e-33	0.0129351	5.53752e-18	0.0102202	0.00317133	0.566357	0.407316
Cell_50	6.06502e-25	0.0150914	3.13612e-22	0.0118038	0.00369988	0.660959	0.308445
Cell_51	3.77694e-34	6.46575e-08	8.33819e-25	0.999997	1.58504e-08	2.82819e-06	5.62377e-08
Cell_52	1.78856e-44	0.00110133	1.50115e-37	0.000860581	0.924495	0.0482341	0.0253087
Cell_53	3.25444e-64	0.00992398	6.0719e-46	0.00775422	0.00243295	0.43463	0.545259
Cell_54	5.20906e-50	0.0166296	4.07676e-37	0.0130347	0.00408043	0.728327	0.237929
Cell_55	9.27666e-38	0.010535	1.64356e-29	0.134294	0.00258281	0.4614	0.391188
Cell_56	8.56422e-18	0.00603586	1.24123e-19	0.00485629	0.00147978	0.264352	0.723276
Cell_57	7.08274e-30	0.0134046	1.73085e-25	0.0104745	0.0032863	0.587075	0.38576
Cell_58	0.623928	0.00708382	0.0112894	0.00569521	0.00173698	0.310246	0.0400204
Cell_59	2.11903e-52	0.00745341	1.17257e-34	0.00582452	0.00182732	0.326437	0.658458
Cell_60	0.985015	1.34622e-05	0.0130421	1.0519e-05	3.30048e-06	0.000589606	0.0013258
Cell_61	1.44604e-36	0.00203466	4.24271e-33	0.845943	0.00050034	0.0865891	0.0649328
Cell_62	4.33712e-51	0.0189914	1.7269e-29	0.0868966	0.00465776	0.828841	0.0606134
Cell_63	3.09909e-70	1	4.68108e-60	7.96964e-21	2.49975e-21	4.46557e-19	6.09087e-19
Cell_64	1.04907e-40	0.991142	1.06779e-27	0.00458269	2.19805e-05	0.00392666	0.000327035
Cell_65	9.17769e-92	0.0021887	1.1131e-93	0.830136	0.000536592	0.0958586	0.0712796
Cell_66	2.97232e-24	0.00926391	5.81191e-12	0.00723848	0.00227119	0.405731	0.575495
Cell_67	1.81227e-49	0.018117	6.07663e-39	0.0141568	0.00444164	0.793469	0.169815
Cell_68	3.41427e-49	0.0147822	4.14137e-51	0.0115543	0.00362407	0.647408	0.322631
Cell_69	8.7513e-26	0.582129	4.99978e-14	0.00519155	0.00162858	0.290935	0.120116
Cell_70	8.30379e-22	0.0149802	3.37806e-23	0.0117205	0.00367261	0.656084	0.313542
Cell_71	8.9102e-37	0.00840199	2.20905e-33	0.34205	0.00205988	0.367982	0.279506
Cell_72	4.64073e-57	0.999999	9.3499e-49	3.61992e-09	1.1358e-09	2.02903e-07	2.98421e-07
Cell_73	4.53841e-61	0.0070322	4.68054e-41	0.00549466	0.00172405	0.307983	0.677766
Cell_74	3.55034e-53	0.00244395	5.61851e-54	0.00191143	0.000599171	0.107036	0.888009
Cell_75	9.01448e-29	0.000237681	1.30719e-30	0.98541	5.82774e-05	0.0104035	0.00389069
Cell_76	5.97319e-30	0.0260625	1.43336e-21	0.00721205	0.00226286	0.404241	0.560222
Cell_77	7.02287e-40	1.42182e-11	1.43177e-36	1	3.48581e-12	6.22714e-10	1.71641e-10
Cell_78	3.12574e-30	0.0174541	1.94181e-11	0.0136151	0.00426957	0.762728	0.201933
Cell_79	3.54146e-57	1	1.90498e-30	5.51194e-13	1.73364e-13	3.08939e-11	2.44993e-12
Cell_80	1.82057e-66	0.0158934	2.88245e-45	0.0124491	0.00409707	0.695999	0.271562
Cell_81	1.31238e-28	0.00874258	9.98488e-26	0.00683886	0.00214338	0.382894	0.599381
Cell_82	3.03172e-63	2.14546e-11	6.71929e-26	1	5.25989e-12	9.39645e-10	4.03858e-10
Cell_83	9.05896e-49	1.12003e-06	1.75404e-41	0.999999	2.16749e-10	3.87206e-08	1.61907e-08
Cell_84	3.4314e-11	0.0101769	2.17437e-09	0.00795139	0.00249502	0.445658	0.533719
Cell_85	5.77839e-19	0.988917	2.38109e-16	0.000221131	5.24677e-05	0.00937069	0.00143838
Cell_86	2.00841e-38	0.0203512	4.9093e-31	0.0159287	0.0049894	0.891322	0.0674083
Cell_87	8.15788e-28	0.00647672	2.79693e-26	0.00507404	0.00159382	0.283659	0.703197
Cell_88	2.52434e-13	0.0143513	3.44183e-15	0.119676	0.00351857	0.628422	0.234032
Cell_89	1.19877e-13	0.018278	1.89708e-14	0.0144314	0.00459677	0.799724	0.16297
Cell_90	3.57026e-22	0.0193284	4.16875e-12	0.0153689	0.00473864	0.846511	0.114053
Cell_91	1.06482e-40	0.00662928	2.78791e-31	0.00517993	0.00162528	0.290342	0.696223
Cell_92	7.08344e-41	5.00419e-09	3.92078e-30	1	1.22686e-09	2.19161e-07	1.87807e-08
Cell_93	5.73982e-63	1	6.77795e-44	1.20581e-12	3.75046e-13	6.69988e-11	2.09424e-12
Cell_94	1.9147e-30	0.0216166	2.15979e-15	0.0509898	0.00508341	0.907793	0.014517
Cell_95	1.24232e-32	0.0212192	2.05194e-29	0.0165799	0.00520221	0.929283	0.0277157
Cell_96	2.68092e-34	0.0099048	1.14029e-29	0.0077394	0.0024283	0.433801	0.546127
Cell_97	6.91656e-55	1.10306e-16	4.06425e-55	1	2.70425e-17	4.83095e-15	2.22489e-16
Cell_98	1.30168e-56	0.995975	1.89436e-15	6.11323e-05	1.9134e-05	0.00341798	0.000526628
Cell_99	4.00791e-44	0.0120624	1.07717e-30	0.00942512	0.00295728	0.528295	0.44726
Cell_100	1.05271e-49	7.69508e-08	3.24855e-30	0.999996	1.88656e-08	3.37021e-06	8.01875e-07
Cell_101	1.36414e-50	0.0106591	0.877647	0.000343401	0.00287021	0.0192464	0.089234
Cell_102	1.12974e-33	0.00855718	9.25274e-22	0.102354	0.00209792	0.374778	0.512214
Cell_103	0.00022993	0.0143207	0.115877	0.011192	0.00351094	0.627206	0.227663
Cell_104	6.00062e-28	0.0284923	1.48845e-22	0.340804	0.00404522	0.532735	0.0939241
Cell_105	2.03224e-32	0.000205276	9.07831e-21	0.000160403	0.98435	0.00899045	0.0062936
Cell_106	2.65651e-46	0.0124549	1.13813e-30	0.0098032	0.00305349	0.545484	0.429204
Cell_107	0.986387	9.34627e-06	0.0119679	7.34895e-06	2.29141e-06	0.000409313	0.00121674
Cell_108	4.39921e-57	0.0195232	7.86571e-37	0.0152549	0.0047864	0.855056	0.105379
Cell_109	3.94498e-27	0.052187	2.23272e-25	0.656109	0.00153381	0.273881	0.0162893
Cell_110	2.06871e-70	6.38988e-09	1.47833e-53	4.99431e-09	1	2.79856e-07	5.24848e-08
Cell_111	1.28508e-35	0.00869172	5.17817e-16	0.00679143	0.0021309	0.380671	0.601714
Cell_112	4.13127e-51	1	3.12259e-46	3.99737e-26	1.21504e-26	2.17058e-24	1.99437e-26
Cell_113	1.30777e-51	1	1.1831e-43	2.15501e-13	6.76171e-14	1.20793e-11	1.03863e-11
Cell_114	3.66609e-69	1	6.62663e-60	4.52345e-20	1.41867e-20	2.53435e-18	2.91985e-19
Cell_115	2.38941e-24	0.917284	5.69872e-20	0.00178328	0.000377448	0.0671663	0.0133885
Cell_116	7.23264e-46	2.1076e-17	8.65089e-45	1	5.16716e-18	9.23067e-16	1.84582e-15
Cell_117	9.26936e-24	0.0166411	4.11059e-23	0.0130393	0.00407981	0.728832	0.237408
Cell_118	4.62642e-31	0.0146908	1.40449e-17	0.0115438	0.0151387	0.643415	0.315212
Cell_119	7.81981e-51	4.26574e-10	9.70785e-53	3.3187e-10	1	1.85986e-08	7.52973e-09
Cell_120	3.38602e-67	8.7218e-07	1.13261e-54	0.999946	2.13828e-07	3.81988e-05	1.50826e-05
Cell_121	4.05163e-61	0.00999095	1.23327e-28	0.00780796	0.00244943	0.437574	0.542178
Cell_122	2.54439e-40	0.0165469	1.72775e-16	0.0129298	0.00405671	0.724703	0.241763
Cell_123	1.69623e-14	0.0110658	4.22653e-12	0.00870516	0.00271296	0.484633	0.492883
Cell_124	2.26147e-18	0.0172094	6.03138e-15	0.0136004	0.00421916	0.753669	0.211302
Cell_125	3.7361e-25	0.0154561	7.56633e-23	0.012082	0.00378929	0.67691	0.291763
Cell_126	1.38642e-33	0.0207731	1.38134e-23	0.0203017	0.00509287	0.909645	0.0441874
Cell_127	1.31495e-31	0.999336	1.79873e-19	1.15608e-05	3.44287e-06	0.000611983	3.67589e-05
Cell_128	2.75829e-93	1	1.77337e-61	1.52483e-08	4.78147e-11	8.54178e-09	3.18969e-09
Cell_129	6.85107e-31	0.0128829	1.95588e-17	0.010068	0.00315844	0.564234	0.409656
Cell_130	2.9564e-40	0.0166003	4.59804e-38	0.0129861	0.0040698	0.727041	0.239303
Cell_131	1.79785e-41	0.314276	0.0099085	0.0101248	0.084626	0.567466	0.0135989
Cell_132	3.75205e-87	0.00441516	7.00931e-87	0.00344989	0.00108244	0.193371	0.797682
Cell_133	1.70244e-47	1	2.01288e-39	3.21763e-15	1.00937e-15	1.80317e-13	1.95518e-13
Cell_134	6.88467e-08	0.00794048	0.00267636	0.00624217	0.00194688	0.347514	0.63368
Cell_135	7.94108e-29	0.00926496	6.48675e-19	0.00756625	0.00227144	0.405777	0.57512
Cell_136	2.10392e-50	0.00405176	2.36992e-44	0.00316607	0.000993348	0.177454	0.814335
Cell_137	1.49059e-24	0.00998383	1.33896e-11	0.344038	0.00244768	0.437257	0.206274
Cell_138	1.44587e-26	0.0128192	2.15234e-18	0.0100168	0.274039	0.561441	0.141684
Cell_139	0.984369	5.39988e-05	0.0119389	4.22139e-05	1.32388e-05	0.00236472	0.00121779
Cell_140	3.47709e-42	0.0138014	3.57183e-26	0.0107928	0.0033836	0.604254	0.367768
Cell_141	1.80579e-45	0.00708553	7.9456e-23	0.596231	0.00173712	0.310323	0.0846227
Cell_142	9.72088e-27	0.00817772	1.58139e-12	0.00639367	0.00200491	0.358115	0.625309
Cell_143	2.02704e-43	0.0116489	7.07265e-36	0.00910236	0.00285589	0.510185	0.466207
Cell_144	5.25526e-32	0.0114154	0.000401057	0.00894442	0.00279864	0.499958	0.476482
Cell_145	1.1403e-30	0.00920985	7.15728e-22	0.0147434	0.00225794	0.403364	0.570425
Cell_146	7.61987e-113	0.0122797	1.18281e-79	0.00959585	0.00301054	0.537812	0.437302
Cell_147	2.80471e-25	0.00893893	9.96125e-16	0.00698598	0.00219158	0.391495	0.590388
Cell_148	6.58394e-62	5.74458e-19	4.49333e-40	1	1.40837e-19	2.51595e-17	6.27826e-17
Cell_149	1.73584e-37	0.0204504	3.68968e-29	0.0160349	0.00501371	0.89566	0.0628411
Cell_150	1.03099e-29	0.0174175	7.9925e-21	0.0136267	0.00427015	0.762832	0.201854
Cell_151	2.95202e-37	0.0195043	6.41706e-39	0.0152449	0.00478176	0.85423	0.106239
Cell_152	2.8432e-30	0.00489325	3.4982e-32	0.00382459	0.00119966	0.214302	0.775781
Cell_153	6.54714e-09	0.0133152	3.29514e-08	0.010408	0.00326442	0.583151	0.389862
Cell_154	1.08763e-41	0.0151012	1.72121e-42	0.0118208	0.00370231	0.661334	0.308042
Cell_155	5.10434e-79	1	1.06751e-74	1.1476e-15	3.60036e-16	6.43179e-14	8.97608e-15
Cell_156	3.01477e-42	0.0175398	4.96531e-24	0.0137742	0.00430015	0.768191	0.196195
Cell_157	4.72164e-43	1.51132e-07	2.30336e-21	0.999993	3.70522e-08	6.61907e-06	6.6919e-07
Cell_158	0.969584	2.27297e-05	0.0266637	1.77804e-05	5.57252e-06	0.000995492	0.00271113
Cell_159	7.59803e-46	0.999985	2.20024e-42	2.60376e-07	8.16748e-08	1.45907e-05	4.7536e-07
Cell_160	4.79633e-47	1	4.70843e-35	2.3283e-14	7.02616e-15	1.24805e-12	3.00034e-13
Cell_161	3.26459e-45	5.30664e-09	1.07568e-39	4.14243e-09	1	2.32183e-07	9.86935e-08
Cell_162	3.6436e-57	0.00855389	4.81723e-37	0.00668464	0.00209716	0.374599	0.608065
Cell_163	0.977621	2.97838e-05	0.0190545	2.34968e-05	7.30194e-06	0.00130444	0.00195947
Cell_164	0.986556	5.71829e-06	0.0119653	4.46839e-06	1.40192e-06	0.000250443	0.00121647
Cell_165	1.87878e-44	0.991274	1.77529e-15	0.000122252	3.8293e-05	0.0068407	0.00172471
Cell_166	2.04789e-59	0.0178872	8.03587e-08	0.0140417	0.0043853	0.783403	0.180283
Cell_167	1.05095e-10	0.0168765	1.30071e-07	0.0131981	0.00413791	0.738512	0.227275
Cell_168	5.61389e-47	0.0205958	2.09763e-35	0.016723	0.00504938	0.902003	0.055629
Cell_169	5.72146e-30	0.0163362	1.40221e-12	0.0127935	0.00400558	0.715471	0.251393
Cell_170	0.984696	4.65837e-05	0.0119428	4.76785e-05	1.14207e-05	0.00204018	0.00121515
Cell_171	5.00729e-38	0.0203204	1.46358e-37	0.015901	0.00498185	0.889963	0.0688336
Cell_172	4.50479e-74	2.23524e-12	2.12951e-40	1	5.48035e-13	9.78954e-11	1.52798e-11
Cell_173	4.20963e-42	0.0140778	7.15374e-39	0.0110004	0.00345137	0.616564	0.354907
Cell_174	5.49895e-79	1	1.47949e-52	5.19036e-37	1.6279e-37	2.90813e-35	1.02308e-35
Cell_175	8.19492e-37	0.00673373	3.00396e-28	0.0052642	0.00165087	0.294917	0.691434
Cell_176	3.71099e-53	0.646307	9.83808e-43	0.00802721	0.00103473	0.184847	0.159783
Cell_177	3.27637e-49	0.0164604	2.11662e-42	0.0136179	0.00403555	0.720881	0.245005
Cell_178	4.78774e-29	0.0147479	1.14135e-26	0.0115245	0.00361566	0.645914	0.324198
Cell_179	2.95922e-18	1	3.59203e-20	6.43787e-11	2.0173e-11	3.60357e-09	4.38978e-09
Cell_180	5.40365e-34	5.05848e-16	7.24724e-27	3.9522e-16	1	2.21514e-14	6.52543e-15
Cell_181	7.03417e-29	1	2.09491e-18	9.0891e-10	2.85178e-10	5.09452e-08	5.78284e-08
Cell_182	1.70199e-53	0.0082368	4.48574e-39	0.00653004	0.00201911	0.360695	0.622519
Cell_183	5.74258e-36	0.0378878	6.16515e-16	0.00901893	0.00278479	0.497483	0.452826
Cell_184	0.986422	8.61325e-06	0.0119666	6.73019e-06	2.11167e-06	0.000377232	0.00121646
Cell_185	7.23035e-21	0.00999527	2.97939e-18	0.00783671	0.0024505	0.437749	0.541969
Cell_186	2.83481e-21	0.00852087	2.9108e-22	0.00665929	0.00208909	0.373065	0.609666
Cell_187	2.64724e-58	5.05457e-35	5.92847e-54	1	1.2392e-35	2.21375e-33	3.93456e-34
Cell_188	2.84613e-72	2.73315e-44	7.82692e-74	2.13614e-44	1	1.19703e-42	1.72819e-43
Cell_189	1.12035e-24	0.019256	3.64789e-22	0.0150516	0.0047209	0.843351	0.117621
Cell_190	7.93179e-77	1	2.98467e-56	1.64883e-30	4.91317e-31	8.777e-29	1.68394e-29
Cell_191	4.59816e-44	1	3.36697e-19	1.23956e-10	3.88907e-11	6.94756e-09	2.42973e-09
Cell_192	0.837264	0.000353293	0.132499	0.000279197	8.6615e-05	0.0154732	0.0140445
Cell_193	0.986333	1.03226e-05	0.0119702	8.06836e-06	2.53073e-06	0.000452087	0.00122431
Cell_194	1.89737e-31	0.0145851	1.00844e-27	0.0165945	0.00357576	0.638767	0.326478
Cell_195	7.85919e-46	6.71267e-05	4.41001e-25	0.999918	6.28549e-08	1.12286e-05	3.67295e-06
Cell_196	4.50014e-09	0.999936	2.69838e-08	1.00118e-06	8.18815e-07	5.1505e-05	1.05481e-05
Cell_197	4.11329e-34	0.00849878	5.55432e-20	0.00664066	0.0020836	0.372221	0.610556
Cell_198	1.26428e-55	6.29022e-09	3.18681e-46	2.34272e-08	1	2.75457e-07	1.84452e-07
Cell_199	2.24278e-18	0.0215893	6.42014e-14	0.0169274	0.00529323	0.945545	0.0106452
Cell_200	1.75851e-57	1	1.67513e-46	2.09171e-34	6.5629e-35	1.17237e-32	3.97255e-33
Cell_201	9.2095e-23	0.00987516	8.07623e-10	0.00774498	0.00242103	0.432502	0.547457
Cell_202	3.56882e-48	0.0145279	7.07262e-50	0.0113538	0.00356175	0.636262	0.334295
Cell_203	3.41284e-42	0.0178262	8.16658e-36	0.0139289	0.00437035	0.780732	0.183143
Cell_204	3.20179e-67	5.57736e-19	1.85268e-47	1	1.36735e-19	2.44268e-17	4.3799e-17
Cell_205	1.16058e-52	3.08229e-05	1.76028e-47	0.999893	3.1155e-07	5.56548e-05	1.987e-05
Cell_206	1.42802e-39	0.00581389	1.66849e-27	0.00454704	0.00142536	0.254631	0.733583
Cell_207	2.61958e-64	0.0125319	1.10491e-59	0.00979197	0.00307239	0.548861	0.425743
Cell_208	1.1325e-42	0.010434	7.23631e-29	0.0152669	0.0025581	0.456872	0.514869
Cell_209	1.07605e-21	0.0132605	3.74363e-14	0.0103673	0.00325105	0.580714	0.392407
Cell_210	9.9085e-15	0.0194573	3.43371e-11	0.016782	0.00477032	0.851826	0.107164
Cell_211	3.37494e-40	0.0179313	4.19017e-24	0.0140144	0.00439611	0.785334	0.178324
Cell_212	5.15688e-10	1	4.98686e-11	2.61488e-12	8.20448e-13	1.46567e-10	1.39485e-11
Cell_213	2.69639e-43	0.0303401	2.28644e-32	0.0108218	0.00345959	0.604445	0.350933
Cell_214	1.83688e-28	1	8.43211e-18	6.63138e-15	2.06778e-15	3.69347e-13	3.84335e-14
Cell_215	3.1211e-31	0.999957	4.60513e-28	2.49851e-07	7.83942e-08	1.40046e-05	2.86535e-05
Cell_216	1.55308e-44	0.25724	3.55741e-37	0.00837449	0.0692677	0.46448	0.200639
Cell_217	1.06921e-82	6.1181e-30	5.77238e-80	1	1.49995e-30	2.67955e-28	1.40527e-27
Cell_218	2.02858e-50	0.0210101	3.65146e-08	0.016418	0.00515087	0.920165	0.0372558
Cell_219	3.22542e-35	0.0118175	3.07e-32	0.00923804	0.00289722	0.517569	0.458478
Cell_220	8.93433e-32	0.0118876	1.7955e-09	0.00930518	0.00291442	0.520637	0.455256
Cell_221	3.3975e-33	0.0152422	1.80648e-12	0.0119641	0.00373686	0.667519	0.301538
Cell_222	4.44145e-47	5.39764e-16	7.07042e-45	1	1.25573e-16	2.24328e-14	4.28519e-15
Cell_223	2.20525e-36	0.0163541	6.64552e-22	0.0737299	0.00394165	0.704128	0.201847
Cell_224	7.93943e-50	1	5.13603e-30	8.4276e-18	2.64429e-18	4.72381e-16	3.00695e-16
Cell_225	6.2561e-45	1.72932e-14	2.04361e-29	1	4.23967e-15	7.57389e-13	6.13039e-13
Cell_226	7.91008e-33	0.0109707	2.68967e-33	0.00857525	0.00268995	0.480479	0.497285
Cell_227	6.86004e-77	0.0131658	5.61037e-69	0.0103356	0.00322731	0.57653	0.396741
Cell_228	4.44428e-21	2.58091e-05	3.02803e-16	0.99867	5.91805e-06	0.00105668	0.000241552
Cell_229	3.49916e-53	0.0189539	3.67182e-42	0.0225679	0.00464687	0.830073	0.123758
Cell_230	2.01348e-27	0.999995	5.59425e-15	7.04181e-08	2.2047e-08	3.9381e-06	1.09635e-06
Cell_231	1.25991e-75	1	1.48342e-68	2.50019e-41	7.79429e-42	1.3919e-39	8.03523e-40
Cell_232	3.77387e-60	0.00737313	6.05326e-62	0.00576438	0.00180763	0.32292	0.662135
Cell_233	3.36107e-21	0.00115258	0.859902	0.000895856	0.000280612	0.0501293	0.0876393
Cell_234	6.45906e-43	0.00364635	3.4425e-23	0.00287418	0.000893954	0.159699	0.832887
Cell_235	1.01976e-27	0.0121884	1.6138e-28	0.0095289	0.00298833	0.533557	0.441738
Cell_236	6.1552e-35	0.00723651	1.42059e-26	0.00565646	0.00177492	0.316937	0.668396
Cell_237	7.9337e-55	0.0168258	1.07321e-44	0.0107119	0.00322992	0.568301	0.400931
Cell_238	2.26658e-27	0.993785	4.32458e-17	0.000508369	2.9846e-05	0.00532775	0.000348702
Cell_239	2.37796e-41	0.995965	3.06592e-43	3.79893e-05	1.1844e-05	0.00211514	0.00187046
Cell_240	1.09648e-64	1.88752e-08	2.02256e-57	0.999998	4.62753e-09	8.26678e-07	8.00411e-07
Cell_241	2.55837e-78	0.0156963	5.63931e-51	0.0122669	0.00384817	0.687446	0.280743
Cell_242	7.90962e-41	6.26076e-05	1.07859e-30	0.996654	1.53108e-05	0.00273506	0.000533345
Cell_243	1.50507e-41	1	2.18757e-24	2.60462e-10	8.14436e-11	1.45449e-08	9.71389e-09
Cell_244	4.55918e-15	0.0221407	5.57249e-17	0.0184976	0.00546469	0.9516	0.00229654
Cell_245	3.94116e-22	0.0159666	1.93204e-20	0.0125049	0.00391445	0.69929	0.268324
Cell_246	1.4169e-10	0.121708	2.05464e-12	0.00392415	0.0327727	0.21976	0.621836
Cell_247	8.42989e-45	0.0103675	1.30913e-21	0.0081024	0.00254174	0.454058	0.524931
Cell_248	0.986541	8.06538e-06	0.011967	4.65225e-06	1.45734e-06	0.00026034	0.00121706
Cell_249	2.43073e-21	0.0188752	3.32503e-09	0.0173391	0.00617045	0.825523	0.132093
Cell_250	9.94529e-34	0.00755688	1.20622e-35	0.00590474	0.00185268	0.330969	0.653717
Cell_251	4.19793e-41	0.00384192	1.09359e-28	0.00300708	0.00094191	0.16825	0.823959
Cell_252	1.67451e-50	0.0120025	3.19609e-19	0.00937831	0.00294261	0.525675	0.450001
Cell_253	5.66069e-53	1	7.78554e-35	3.15319e-27	9.81486e-28	1.75335e-25	9.08207e-26
Cell_254	1.94859e-100	0.0112164	1.11824e-83	0.00876438	0.00274986	0.491245	0.486025
Cell_255	1.42575e-56	0.012223	1.84713e-52	0.00958336	0.0029967	0.535331	0.439866
Cell_256	5.08803e-36	0.00427711	2.71095e-35	0.0033427	0.0010928	0.187324	0.803964
Cell_257	5.34645e-71	1.47206e-47	6.66225e-73	1.16067e-47	1	6.44717e-46	5.45552e-46
Cell_258	1.35811e-33	0.0126749	7.882e-20	0.00991062	0.00310745	0.555116	0.419191
Cell_259	7.81265e-65	0.0162516	1.67359e-36	0.0129691	0.00398432	0.711758	0.255037
Cell_260	0.00644075	0.00141036	0.843215	0.00110319	0.000345757	0.0617669	0.0857177
Cell_261	6.46808e-42	0.0188492	1.29227e-43	0.0147667	0.00462113	0.825535	0.136228
Cell_262	1.38452e-21	0.0197883	1.91954e-16	0.0157521	0.00485424	0.864497	0.0951088
Cell_263	1.18802e-19	0.0196051	1.06026e-11	0.03508	0.00481122	0.850749	0.0897551
Cell_264	2.21095e-46	0.00619683	1.06654e-37	0.00484245	0.00151926	0.271385	0.716057
Cell_265	1.97429e-30	4.09732e-05	1.07373e-26	3.22617e-05	0.997242	0.00179257	0.000892617
Cell_266	4.38777e-28	0.0169614	0.0278131	0.0241515	0.00415834	0.742849	0.184067
Cell_267	2.0566e-41	0.016192	3.82682e-27	0.157506	0.00396971	0.709156	0.113176
Cell_268	8.84031e-20	0.0146478	0.000947272	0.0120275	0.00607914	0.631643	0.334655
Cell_269	7.32314e-24	0.0178	3.6864e-18	0.0140946	0.00436401	0.779468	0.184273
Cell_270	3.63274e-30	1.26375e-07	3.22284e-27	0.999993	3.09827e-08	5.5348e-06	1.79313e-06
Cell_271	6.60422e-19	0.000396675	2.9748e-18	0.976511	9.72513e-05	0.0173726	0.00562246
Cell_272	1.66774e-23	0.0135435	3.47682e-20	0.0105839	0.00373228	0.593028	0.379113
Cell_273	4.49529e-60	1.27588e-09	9.36602e-44	9.96941e-10	1	5.58794e-08	6.86792e-09
Cell_274	1.8574e-10	0.00163908	0.83956	0.0012974	0.000401867	0.0717495	0.0853523
Cell_275	2.80632e-31	0.00980418	8.87019e-19	0.00841548	0.00240538	0.426482	0.552893
Cell_276	0.984874	4.06848e-05	0.0120377	3.17956e-05	9.97447e-06	0.00178187	0.00122431
Cell_277	2.15322e-23	0.0106914	1.60307e-19	0.00841393	0.00262118	0.468192	0.510082
Cell_278	3.29293e-37	0.0144652	7.42479e-19	0.0113125	0.00354636	0.633518	0.337158
Cell_279	5.70737e-46	0.0204581	2.6077e-15	0.0401899	0.00501574	0.895757	0.0385791
Cell_280	2.97309e-29	0.903266	1.04514e-20	0.000654396	0.000194299	0.0347102	0.0611756
Cell_281	4.45578e-57	0.0206568	1.04308e-48	0.0161953	0.00506432	0.904665	0.0534182
Cell_282	7.5706e-49	1	1.34802e-35	4.96237e-16	1.557e-16	2.78148e-14	1.25333e-14
Cell_283	1.73165e-56	0.0091322	1.29964e-32	0.00713612	0.00223889	0.399962	0.58153
Cell_284	2.69207e-43	0.0182447	5.48319e-37	0.0142559	0.00447295	0.799055	0.163972
Cell_285	5.3928e-16	0.000250608	3.66098e-12	0.9861	0.00063325	0.0109709	0.00204545
Cell_286	4.57323e-45	0.994459	2.16327e-31	0.000376169	1.40162e-05	0.00250367	0.00264727
Cell_287	7.37172e-52	1	2.3668e-27	2.81788e-29	8.84153e-30	1.57939e-27	6.10909e-28
Cell_288	3.16482e-25	0.0047389	4.96345e-20	0.00370491	0.00116181	0.207548	0.782846
Cell_289	1.17462e-14	0.00665995	5.05788e-12	0.00522253	0.00163243	0.291603	0.694882
Cell_290	3.93065e-53	0.00517656	1.92304e-24	0.636357	0.00126912	0.226718	0.13048
Cell_291	1.66243e-15	0.00856835	2.7414e-09	0.00670699	0.00210066	0.375265	0.607359
Cell_292	2.03736e-38	0.0179624	7.16346e-40	0.0143043	0.00440375	0.786687	0.176642
Cell_293	1.10634e-59	1.88832e-31	2.67498e-57	1	4.62951e-32	8.2703e-30	4.49945e-30
Cell_294	7.59147e-08	0.0150399	2.02239e-05	0.011716	0.0036894	0.655137	0.314397
Cell_295	3.0657e-74	1.66575e-15	3.13798e-65	1.30161e-15	1	7.29547e-14	1.59044e-14
Cell_296	2.42124e-17	0.999913	9.30979e-13	8.56593e-07	2.68737e-07	4.80081e-05	3.81018e-05
Cell_297	5.07477e-35	4.98901e-06	4.95539e-23	6.49408e-05	0.999639	0.000218504	7.29647e-05
Cell_298	1.01578e-32	0.788049	1.38356e-24	0.00426479	0.000843358	0.150627	0.0562162
Cell_299	3.9529e-57	1	1.18007e-47	1.66781e-24	5.23305e-25	9.34849e-23	8.42976e-23
Cell_300	6.45775e-49	0.0167979	9.78522e-31	0.0131279	0.00411839	0.735696	0.23026
Cell_301	3.03789e-83	1.91088e-18	3.28673e-78	1	4.68081e-19	8.35784e-17	8.55833e-18
Cell_302	0.986288	1.16477e-05	0.011962	9.11668e-06	2.85558e-06	0.000510131	0.00121607
Cell_303	1.28618e-36	0.00934103	4.91289e-25	0.00731685	0.00229009	0.409095	0.571958
Cell_304	1.01614e-12	0.994653	1.72896e-10	0.00107824	2.20061e-05	0.0030785	0.00116809
Cell_305	9.75332e-36	0.0195742	1.18692e-37	0.0153125	0.0047989	0.85729	0.103024
Cell_306	1.74581e-43	0.0198473	4.2653e-36	0.0157008	0.00486587	0.869227	0.0903586
Cell_307	1.82573e-28	0.011308	1.35999e-25	0.00940347	0.00277237	0.495203	0.481313
Cell_308	7.89114e-36	2.61529e-07	6.8134e-27	0.999988	6.4109e-08	1.14522e-05	2.977e-08
Cell_309	9.10472e-44	1	2.49143e-42	1.27581e-09	3.97403e-10	7.09925e-08	8.8274e-09
Cell_310	1.56435e-68	0.00042891	7.48853e-61	0.000335156	0.971461	0.0187849	0.00898968
Cell_311	8.15801e-43	0.978294	1.71442e-31	0.000194538	6.09267e-05	0.0108841	0.0105661
Cell_312	5.81498e-16	0.0032594	1.41584e-12	0.839096	0.000799099	0.142736	0.0141097
Cell_313	3.46563e-22	0.993442	1.83753e-16	3.81097e-05	1.19569e-05	0.00213602	0.00437167
Cell_314	9.37981e-70	0.0138007	6.65949e-62	0.010784	0.00338346	0.604429	0.367603
Cell_315	2.17046e-31	3.4559e-06	1.00721e-21	0.999816	8.47264e-07	0.000151357	2.85442e-05
Cell_316	4.31142e-48	4.4458e-14	4.96953e-38	1	1.08995e-14	1.94711e-12	4.1095e-13
Cell_317	2.57609e-19	3.63679e-05	4.09127e-09	0.996433	0.00240666	0.000960662	0.000163287
Cell_318	3.63357e-30	0.0945959	1.1937e-16	0.0139079	0.00428432	0.764743	0.122469
Cell_319	2.67597e-41	3.16803e-11	9.95557e-16	1	7.76669e-12	1.38746e-09	1.33728e-10
Cell_320	7.89595e-57	0.013105	1.60602e-16	0.0102435	0.00321284	0.573949	0.39949
Cell_321	1.57882e-115	1	1.22268e-51	1.52544e-14	4.78661e-15	8.5504e-13	4.22329e-13
Cell_322	1.6324e-49	1	3.83453e-30	8.89808e-14	2.79146e-14	4.98676e-12	1.80584e-12
Cell_323	9.59214e-50	0.0129403	3.7152e-24	0.0101122	0.00317251	0.566747	0.407028
Cell_324	1.21812e-76	1	2.28008e-65	7.32718e-33	2.29889e-33	4.1068e-31	5.08174e-32
Cell_325	4.04474e-18	0.00680635	0.586984	0.00533563	0.00166869	0.298097	0.101109
Cell_326	0.986535	6.19003e-06	0.0119651	4.83807e-06	1.51758e-06	0.000271102	0.0012163
Cell_327	8.46949e-22	0.00633194	4.30851e-15	0.00516292	0.00155237	0.27732	0.709633
Cell_328	2.25541e-119	1.0446e-31	2.82173e-109	1	2.561e-32	4.57503e-30	2.97408e-29
Cell_329	4.98892e-20	0.333091	9.32182e-15	0.0138581	0.00342286	0.567648	0.0819804
Cell_330	8.43052e-34	5.12282e-13	1.07775e-23	1	1.25593e-13	2.24363e-11	6.22227e-11
Cell_331	3.5362e-44	1.95116e-18	1.21198e-35	1	4.78357e-19	8.54552e-17	5.46289e-17
Cell_332	3.31548e-59	1.49687e-37	1.68338e-60	1.17191e-37	1	6.55582e-36	9.66151e-37
Cell_333	2.70619e-10	0.0199113	2.33167e-07	0.0145991	0.00430667	0.766695	0.194487
Cell_334	3.70519e-40	1	5.34101e-41	1.07212e-18	3.36235e-19	6.00657e-17	1.18886e-17
Cell_335	1.4763e-59	0.0202687	2.56553e-56	0.0158464	0.00496918	0.887706	0.0712098
Cell_336	4.01961e-51	0.0159808	4.87687e-53	0.0124992	0.00391844	0.699902	0.267699
Cell_337	1.83184e-51	0.00122036	1.6016e-28	0.777279	0.00029919	0.0534482	0.167753
Cell_338	4.16484e-57	0.00783411	5.73919e-47	0.0061601	0.00192065	0.343098	0.640987
Cell_339	1.76811e-24	0.279205	1.44688e-16	0.397966	0.000943226	0.168501	0.153385
Cell_340	1.87822e-89	0.0152162	2.27285e-64	0.0118957	0.00372997	0.666327	0.302832
Cell_341	1.95056e-15	0.946587	8.73877e-15	0.000829065	0.000253644	0.0452902	0.00704033
Cell_342	7.46386e-28	5.00436e-09	6.36629e-20	0.999998	1.2269e-09	2.19161e-07	1.41691e-06
Cell_343	0.978025	0.000155918	0.013335	0.000125721	3.82276e-05	0.00682666	0.00149373
Cell_344	6.66433e-62	2.80191e-09	1.08233e-46	1	6.86938e-10	1.22715e-07	8.503e-08
Cell_345	1.73733e-42	0.0160969	2.86875e-13	0.0125929	0.00394639	0.704995	0.262368
Cell_346	0.986114	1.54864e-05	0.0119599	1.21012e-05	3.79671e-06	0.000678257	0.0012161
Cell_347	5.89758e-17	0.016871	5.58148e-12	0.0154053	0.00413756	0.736589	0.226998
Cell_348	1.09155e-49	0.00811085	5.20198e-33	0.00633758	0.00198849	0.355231	0.628332
Cell_349	0.000591423	0.636126	0.00902965	0.00241956	0.000759166	0.13562	0.215455
Cell_350	1.23297e-18	0.0176892	3.28026e-19	0.0138288	0.00433699	0.774355	0.18979
Cell_351	8.29752e-37	1.44127e-15	2.38438e-25	1	3.13257e-16	5.59547e-14	4.74202e-15
Cell_352	3.09673e-50	0.00443423	2.20048e-48	0.0039577	0.0010871	0.194202	0.796319
Cell_353	2.07243e-43	0.364666	3.35942e-24	0.00774714	0.00207371	0.370422	0.255091
Cell_354	0.986508	6.04313e-06	0.0119953	4.72958e-06	1.48156e-06	0.000264665	0.00121971
Cell_355	4.2549e-34	0.0145385	1.46979e-35	0.0113603	0.00356449	0.63674	0.333796
Cell_356	0.985334	2.38334e-05	0.0123212	1.86814e-05	5.84318e-06	0.00104371	0.00125279
Cell_357	1.00408e-21	0.00958227	1.16295e-13	0.0076457	0.00234888	0.419606	0.560817
Cell_358	5.48491e-35	7.18691e-11	7.9625e-24	1	1.76198e-11	3.14759e-09	3.05008e-10
Cell_359	2.43356e-62	0.0180196	4.56734e-40	0.0140809	0.00441778	0.789203	0.174279
Cell_360	5.82986e-23	0.0202782	0.000377056	0.0158645	0.00497222	0.888115	0.0703935
Cell_361	4.02461e-47	5.05679e-14	1.62698e-36	3.97968e-14	1	2.21449e-12	7.92144e-13
Cell_362	1.00357e-90	0.948253	7.53696e-79	0.000492867	0.000154549	0.0276063	0.0234935
Cell_363	1.92114e-64	1	5.1915e-24	7.43549e-13	2.33147e-13	4.16413e-11	1.13437e-10
Cell_364	3.92149e-35	0.0109467	2.43154e-27	0.00855611	0.00268374	0.479423	0.498391
Cell_365	4.76675e-37	0.0149618	1.30127e-29	0.0117021	0.00366811	0.655277	0.314391
Cell_366	0.985281	3.26114e-05	0.0119944	2.54882e-05	7.99547e-06	0.00142828	0.00122988
Cell_367	2.17059e-79	0.0172391	5.0895e-66	0.0134753	0.00422372	0.754536	0.210525
Cell_368	3.64914e-25	0.00801352	1.71642e-16	0.00626187	0.00196463	0.350968	0.632792
Cell_369	0.986437	7.50266e-06	0.011999	5.92779e-06	1.83937e-06	0.000328589	0.0012199
Cell_370	0.000191581	0.0059447	2.37837e-06	0.00464511	0.00145744	0.260347	0.727412
Cell_371	1.11245e-24	0.0119499	6.40639e-24	0.00934869	0.00292994	0.523113	0.452658
Cell_372	4.98406e-20	0.00363724	6.11498e-22	0.00285167	0.000891727	0.159291	0.833329
Cell_373	5.41536e-53	0.00913208	8.34352e-37	0.00713612	0.00223886	0.399957	0.581536
Cell_374	4.7692e-24	0.0129686	4.64203e-19	0.299446	0.00323123	0.5676	0.116754
Cell_375	4.59609e-44	0.000139093	2.11484e-42	0.992632	3.4188e-05	0.00608655	0.00110822
Cell_376	4.32556e-25	0.012464	5.11667e-16	0.00973892	0.0896595	0.545887	0.34225
Cell_377	6.58889e-46	1.91382e-08	1.0585e-32	0.999999	4.69202e-09	8.38194e-07	1.16099e-07
Cell_378	2.23613e-57	0.0108488	1.88603e-50	0.00848571	0.00267367	0.475144	0.502847
Cell_379	7.9229e-31	0.0207265	9.38261e-21	0.0162232	0.0050814	0.907755	0.0502143
Cell_380	1.22376e-31	0.0115425	1.15742e-16	0.00891731	0.00279789	0.499823	0.476919
Cell_381	1.0905e-56	0.0172547	1.323e-58	0.0134823	0.00423028	0.755703	0.20933
Cell_382	2.30072e-12	0.0153838	1.20005e-07	0.0120205	0.00377163	0.67365	0.295174
Cell_383	1.80738e-44	0.0476769	2.39639e-31	0.0468609	0.00204286	0.364924	0.538496
Cell_384	6.86467e-55	0.0119561	1.22493e-39	0.316992	0.00293125	0.52348	0.14464
Cell_385	5.6965e-53	0.989515	3.40001e-33	0.0104846	3.535e-12	6.31504e-10	2.43233e-10
Cell_386	1.26571e-35	0.0124608	2.92512e-34	0.00974548	0.00305472	0.545705	0.429034
Cell_387	2.16009e-27	0.00813605	3.01931e-22	0.00635796	0.00199467	0.356334	0.627177
Cell_388	3.75621e-37	0.0593589	1.57028e-30	0.0153201	0.00481046	0.858698	0.0618124
Cell_389	2.21668e-16	0.00625104	0.00368301	0.00494016	0.00153254	0.273761	0.709832
Cell_390	3.6961e-22	0.0122506	3.01403e-13	0.00973864	0.00300349	0.536398	0.438609
Cell_391	2.89359e-60	1.23108e-19	2.42396e-25	9.62572e-20	1	5.39175e-18	1.91151e-18
Cell_392	2.25109e-26	2.14817e-07	5.30882e-14	0.999979	5.26654e-08	9.40833e-06	1.1359e-05
Cell_393	1.13493e-91	0.00737708	1.37468e-62	0.0057775	0.00180864	0.323032	0.662005
Cell_394	9.97201e-38	0.0190578	1.07866e-21	0.014891	0.0046723	0.834665	0.126714
Cell_395	6.74275e-21	0.0209374	8.71375e-15	0.0163774	0.00513311	0.916992	0.0405598
Cell_396	2.03042e-38	0.00704513	7.3117e-22	0.00550623	0.00172722	0.308556	0.677166
Cell_397	3.50202e-32	0.0204844	3.17316e-32	0.0160261	0.00502205	0.897152	0.0613158
Cell_398	0.986335	1.04818e-05	0.0119669	8.35253e-06	2.56992e-06	0.000458834	0.00121806
Cell_399	5.76098e-31	0.0122847	1.41496e-23	0.010095	0.00301177	0.538016	0.436593
Cell_400	5.29376e-38	0.00922874	3.53203e-29	0.00721077	0.00226256	0.404181	0.577117
Cell_401	2.85917e-66	1	5.00005e-50	1.00445e-09	3.15152e-10	5.62997e-08	9.61636e-09
Cell_402	2.6362e-36	0.0156006	6.81668e-33	0.012195	0.00382466	0.683248	0.285131
Cell_403	5.49809e-27	1	4.09332e-23	7.06624e-22	2.21399e-22	3.95506e-20	9.81037e-20
Cell_404	5.84225e-49	4.42059e-09	7.08574e-51	1	1.08377e-09	1.93607e-07	1.91723e-07
Cell_405	1.29897e-31	0.00314341	9.82873e-23	0.152777	0.000770654	0.13767	0.705638
Cell_406	6.47677e-36	0.0135471	4.36851e-26	0.0105855	0.00332126	0.593318	0.379228
Cell_407	1.16231e-21	0.015478	6.71834e-15	0.0120938	0.00379466	0.677889	0.290744
Cell_408	5.00519e-54	0.0174666	1.37373e-21	0.0142005	0.00428219	0.764975	0.199076
Cell_409	0.985471	2.86901e-05	0.0119926	2.24898e-05	7.03381e-06	0.00125651	0.00122203
Cell_410	7.64609e-56	7.09371e-10	9.27343e-58	1	1.73913e-10	3.10683e-08	2.5079e-08
Cell_411	0.00341741	0.021116	0.000540814	0.0164866	0.00517828	0.923637	0.029624
Cell_412	6.97054e-56	1	1.83157e-50	2.33057e-35	1.4052e-35	1.30559e-33	1.15625e-33
Cell_413	2.12269e-46	0.0120505	8.05677e-35	0.00941665	0.00295435	0.527772	0.447807
Cell_414	0.985172	3.63387e-05	0.0119486	2.83962e-05	8.90897e-06	0.00159153	0.00121464
Cell_415	3.26542e-141	1	1.6824e-138	2.99635e-19	9.40283e-20	1.67943e-17	1.8571e-18
Cell_416	7.39308e-46	1	4.21651e-27	4.03584e-12	1.26421e-12	2.25833e-10	1.0466e-11
Cell_417	1.83111e-46	0.0101383	3.83526e-47	0.00792789	0.00248556	0.444029	0.53542
Cell_418	1.36584e-08	0.0184126	1.20463e-08	0.0143884	0.00451427	0.806415	0.156269
Cell_419	2.15953e-37	0.00783478	4.01652e-27	0.00612551	0.00192081	0.343135	0.640984
Cell_420	1.6503e-41	0.0121138	2.00321e-43	0.00947204	0.00296986	0.530545	0.444899
Cell_421	2.04656e-62	0.234636	1.33678e-26	0.00852486	0.00267473	0.477822	0.276342
Cell_422	1.7863e-45	0.999999	1.26706e-39	5.81494e-09	1.82445e-09	3.25922e-07	1.83877e-07
Cell_423	6.04999e-43	0.00699526	5.82611e-41	0.00556236	0.00171499	0.306371	0.679356
Cell_424	9.44739e-61	0.929175	1.65868e-44	0.000396856	0.000124527	0.0222444	0.0480587
Cell_425	9.26938e-23	0.981817	6.4138e-23	0.000199721	6.26624e-05	0.0111935	0.0067273
Cell_426	6.11435e-27	0.00488534	4.15394e-19	0.00430167	0.00119969	0.210666	0.778948
Cell_427	1.84113e-14	0.00710839	5.0702e-16	0.00555696	0.00174273	0.311326	0.674266
Cell_428	8.84263e-34	0.0100368	1.00725e-32	0.00784277	0.00246098	0.439581	0.540078
Cell_429	4.43197e-34	1.5311e-06	1.05163e-21	0.999873	3.75368e-07	6.70571e-05	5.80614e-05
Cell_430	1.8281e-32	1	6.56364e-24	4.38009e-18	1.35785e-18	2.4249e-16	2.16338e-16
Cell_431	8.6725e-36	0.00891778	7.74424e-34	0.00696813	0.00218632	0.390572	0.591356
Cell_432	1.26673e-45	1	9.65819e-29	7.19274e-14	2.25688e-14	4.03159e-12	5.29116e-13
Cell_433	5.97474e-48	8.9803e-15	2.76372e-45	1	2.20168e-15	3.93275e-13	8.2342e-15
Cell_434	6.93789e-22	0.994363	1.94144e-19	5.53474e-05	1.73699e-05	0.00310234	0.00246199
Cell_435	1.98002e-11	0.0192235	6.56008e-13	0.0150317	0.00471292	0.84193	0.119102
Cell_436	3.48399e-33	0.0117912	7.24049e-15	0.00921361	0.398447	0.516408	0.0641399
Cell_437	0.000746734	0.00201837	0.803432	0.001617	0.000494476	0.0883337	0.103358
Cell_438	6.57177e-22	0.0108119	5.18467e-16	0.00844891	0.0026507	0.473522	0.504567
Cell_439	1.82249e-29	0.0148992	8.05892e-29	0.0126649	0.00365415	0.652486	0.316295
Cell_440	9.94016e-69	0.0124119	3.43985e-52	0.0096198	0.00304559	0.539209	0.435714
Cell_441	3.58962e-25	0.0164441	4.84416e-21	0.089402	0.0040315	0.720201	0.169921
Cell_442	9.117e-40	1	1.13111e-34	1.10944e-21	3.45513e-22	6.16656e-20	1.54207e-20
Cell_443	0.628284	0.00434521	0.0319662	0.100399	0.00106528	0.190305	0.0436356
Cell_444	0.983718	6.84672e-05	0.0119309	5.35331e-05	1.6786e-05	0.00299866	0.00121331
Cell_445	2.71005e-16	0.00207352	0.768133	0.00162031	0.000508353	0.090814	0.136851
Cell_446	6.5553e-51	0.015003	1.11703e-33	0.011315	0.00355124	0.634234	0.335897
Cell_447	3.2426e-45	0.00475727	9.37904e-25	0.00371817	0.00116635	0.208353	0.782005
Cell_448	1.52111e-35	0.014464	8.10538e-22	0.0114686	0.00354609	0.633454	0.337068
Cell_449	1.41887e-86	1	7.00316e-57	1.73482e-41	5.39611e-42	9.63635e-40	5.21716e-40
Cell_450	6.85729e-92	0.00529863	8.66435e-94	0.00414042	0.00129903	0.232063	0.757199
Cell_451	5.34434e-73	1.09192e-26	1.0858e-65	1	2.67701e-27	4.7823e-25	4.58992e-25
Cell_452	3.60555e-51	0.0131242	6.1799e-48	0.0102545	0.00321767	0.574666	0.398737
Cell_453	9.30197e-11	0.00874305	5.23888e-09	0.00684436	0.0022813	0.382919	0.599212
Cell_454	9.0137e-63	0.00574029	0.00234018	0.00448598	0.00140733	0.25137	0.734656
Cell_455	3.59365e-60	0.0116416	1.39725e-39	0.3426	0.00285411	0.509868	0.133037
Cell_456	2.33926e-46	0.00712609	4.09118e-25	0.00558531	0.00174706	0.3121	0.673441
Cell_457	2.23751e-37	0.0171437	1.28983e-25	0.0133981	0.00421831	0.750838	0.214402
Cell_458	6.56509e-25	0.0053362	2.6736e-26	0.00429014	0.00130834	0.233705	0.75536
Cell_459	0.985709	2.35592e-05	0.0119565	1.84104e-05	5.77587e-06	0.00103182	0.00125511
Cell_460	7.30105e-06	1.28161e-08	1.05873e-07	0.999992	3.14207e-09	5.61281e-07	1.49477e-07
Cell_461	4.96263e-40	0.0179687	4.96233e-30	0.0140454	0.00440118	0.786187	0.177397
Cell_462	2.69044e-22	0.00998967	4.53272e-15	0.00780774	0.00244911	0.437515	0.542239
Cell_463	3.60944e-67	1	2.84955e-67	2.34657e-13	7.35854e-14	1.31455e-11	1.70942e-11
Cell_464	0.986045	1.65956e-05	0.0119592	1.29677e-05	4.06867e-06	0.000726839	0.00123524
Cell_465	8.56792e-28	0.000283814	7.57521e-24	0.985314	6.95815e-05	0.0124297	0.00190266
Cell_466	1.24689e-22	1.17249e-15	1.52402e-24	1	2.87455e-16	5.13488e-14	9.69086e-16
Cell_467	1.37788e-32	0.000785854	9.45682e-20	0.910146	0.000192664	0.0344174	0.0544582
Cell_468	2.83362e-40	0.0267539	1.2282e-27	0.611609	0.00125909	0.224928	0.135449
Cell_469	8.47125e-05	0.0111108	0.00138263	0.00868182	0.00272397	0.486618	0.489398
Cell_470	1.36168e-65	0.0130663	1.2564e-28	0.0145058	0.00320341	0.572248	0.396976
Cell_471	1.36863e-50	0.012072	3.78155e-29	0.00943367	0.00295965	0.528716	0.446818
Cell_472	0.986648	3.15283e-06	0.0119674	2.49596e-06	7.72962e-07	0.000138084	0.00124019
Cell_473	7.70968e-21	0.986406	5.18101e-08	0.000182652	5.731e-05	0.0102379	0.00311641
Cell_474	1.47961e-33	7.10542e-05	1.11087e-31	0.995066	1.742e-05	0.00311196	0.00173386
Cell_475	1.69961e-23	0.0158601	5.40372e-19	0.0123933	0.00388833	0.694622	0.273237
Cell_476	3.52753e-38	1	3.05267e-24	3.41786e-19	1.07158e-19	1.91429e-17	3.12557e-17
Cell_477	1.20857e-37	0.970609	7.54249e-14	2.13821e-05	0.0280043	0.00119847	0.000166576
Cell_478	2.4031e-37	0.00871847	2.91479e-39	0.00698929	0.00213748	0.381812	0.600343
Cell_479	3.10158e-58	0.0144895	2.59509e-40	0.0100677	0.00315874	0.564288	0.407997
Cell_480	2.20774e-51	7.37431e-10	1.49879e-32	1	1.80792e-10	3.22973e-08	6.28861e-09
