cell	Node 0	Node 1	Node 2	Node 3	Node 4	Node 5
Cell_0	1.19641e-41	1.10719e-12	1.5572e-13	1	3.81727e-14	6.9571e-12
Cell_1	5.54541e-31	2.16103e-13	9.54338e-14	1	2.33947e-14	4.2638e-12
Cell_2	2.4831e-28	0.34575	0.0767831	0.01317	0.0030818	0.561216
Cell_3	1.61878e-30	0.000110803	0.999677	3.67202e-06	1.137e-06	0.000207208
Cell_4	1.2402e-07	2.08473e-06	0.999989	1.62836e-07	4.85905e-08	8.85514e-06
Cell_5	3.42002e-25	4.77826e-11	6.18677e-12	1	1.51432e-12	2.75991e-10
Cell_6	5.20924e-72	3.25265e-05	3.93534e-06	0.0869388	0.912849	0.000175819
Cell_7	4.33556e-42	0.202304	0.0170761	0.0135056	0.00418606	0.762928
Cell_8	2.36683e-78	4.98487e-12	4.33834e-14	1	1.0635e-14	1.93828e-12
Cell_9	3.44905e-24	2.03644e-06	0.999979	3.29685e-07	1.05661e-07	1.87635e-05
Cell_10	5.05086e-51	0.298042	0.0150298	0.0117408	0.00368443	0.671503
Cell_11	1.00935e-39	0.493955	0.0108367	0.00858679	0.0026567	0.483964
Cell_12	1.98165e-28	0.000551674	2.19963e-05	0.998439	5.39274e-06	0.000982204
Cell_13	9.98836e-46	0.000920963	0.997232	3.15785e-05	9.90405e-06	0.00180506
Cell_14	6.86259e-27	0.0821876	0.0196406	0.01604	0.00481488	0.877317
Cell_15	1.23054e-21	0.0132712	0.00027827	0.97395	6.82153e-05	0.0124325
Cell_16	6.55371e-23	0.643117	0.00764209	0.00597014	0.0018734	0.341397
Cell_17	5.42945e-39	0.302882	0.0149261	0.0116616	0.00366057	0.66687
Cell_18	5.5988e-33	0.560576	0.00940862	0.00736327	0.00230637	0.420346
Cell_19	1.78744e-45	2.27925e-28	3.91752e-29	1	9.60371e-30	1.74996e-27
Cell_20	2.17649e-30	0.670504	0.00705522	0.00551125	0.00172945	0.3152
Cell_21	1.10234e-27	4.23252e-09	2.89476e-10	1	7.09624e-11	1.29331e-08
Cell_22	1.44503e-29	2.92914e-06	1.72354e-07	1.3462e-07	0.999989	7.69927e-06
Cell_23	0.992169	0.00133962	0.000138771	0.000118112	3.40199e-05	0.00619998
Cell_24	2.57811e-12	0.39552	0.012943	0.0101172	0.00317287	0.578247
Cell_25	5.58717e-22	0.25005	0.0160574	0.0125441	0.00393632	0.717412
Cell_26	3.79276e-32	2.91314e-06	2.00741e-07	1.68679e-05	0.999971	8.96866e-06
Cell_27	3.50709e-21	0.164989	0.0442421	0.0151146	0.00540099	0.770253
Cell_28	1.55523e-28	0.00576254	0.000207068	0.984734	5.07292e-05	0.00924551
Cell_29	6.36006e-30	1.02173e-10	1	9.83599e-12	3.80351e-09	5.62528e-10
Cell_30	7.1995e-26	0.0039443	0.00557767	0.959776	0.000167878	0.0305341
Cell_31	2.92756e-23	0.193941	0.0172572	0.0135569	0.00423043	0.771015
Cell_32	1.45384e-23	3.92005e-05	5.03948e-06	0.99973	1.25513e-06	0.000224529
Cell_33	1.65779e-31	5.00034e-08	3.33535e-09	1	8.17568e-10	1.49005e-07
Cell_34	2.22276e-49	4.31253e-19	7.54483e-21	5.89427e-21	1	3.37088e-19
Cell_35	6.84842e-25	0.147216	0.0194473	0.0466764	0.00429573	0.782365
Cell_36	2.68488e-41	0.715333	0.00609572	0.00476234	0.00149415	0.272315
Cell_37	2.30954e-45	0.223661	0.0742449	0.0121709	0.00376767	0.686156
Cell_38	4.21691e-49	1.50796e-08	5.41393e-11	1	1.32718e-11	2.41884e-09
Cell_39	8.27659e-30	0.808546	0.00409928	0.00320252	0.00100491	0.183148
Cell_40	7.21669e-49	0.309964	0.0147745	0.0115574	0.00362185	0.660083
Cell_41	5.50982e-59	0.330519	0.0143346	0.0111997	0.003514	0.640433
Cell_42	9.23793e-58	0.7138	0.00612792	0.00478792	0.00150232	0.273782
Cell_43	4.57406e-18	0.0432123	0.532572	0.144871	0.00152469	0.27782
Cell_44	4.22853e-44	5.28916e-11	2.25591e-12	3.69184e-12	1	1.0079e-10
Cell_45	7.40562e-114	0.796014	0.00436761	0.00341182	0.00107068	0.195136
Cell_46	3.47812e-10	0.0204636	0.0210866	0.0171159	0.00517267	0.936161
Cell_47	1.12381e-46	0.286619	0.0152735	0.0119734	0.00374417	0.68239
Cell_48	3.71779e-41	0.214379	0.0154787	0.0747936	0.00379472	0.691554
Cell_49	5.52549e-33	0.40544	0.0127314	0.0100567	0.00312109	0.568651
Cell_50	6.22425e-25	0.307523	0.0148266	0.0115937	0.0036346	0.662422
Cell_51	4.038e-34	5.91572e-08	6.46736e-08	0.999997	1.58528e-08	2.8858e-06
Cell_52	1.8557e-44	0.0255105	0.00110011	0.000859412	0.92338	0.0491498
Cell_53	3.31993e-64	0.540382	0.00984124	0.00768766	0.00241244	0.439677
Cell_54	5.37735e-50	0.238665	0.0163002	0.0127733	0.00399923	0.728262
Cell_55	9.48264e-38	0.388478	0.0104235	0.13284	0.00255524	0.465703
Cell_56	8.72522e-18	0.715874	0.00608049	0.00489098	0.00149058	0.271664
Cell_57	7.23177e-30	0.382652	0.0132183	0.0103264	0.00324032	0.590563
Cell_58	0.630213	0.0409412	0.00703767	0.0056567	0.0017255	0.314426
Cell_59	2.16091e-52	0.652338	0.00744388	0.00581562	0.0018248	0.332578
Cell_60	0.997839	0.00146206	1.49571e-05	1.16841e-05	3.66662e-06	0.000668255
Cell_61	1.49632e-36	0.0652755	0.00203059	0.84404	0.000499291	0.0881543
Cell_62	4.44534e-51	0.0603602	0.0186656	0.0853849	0.00457743	0.831012
Cell_63	3.19669e-70	6.10367e-19	1	7.96766e-21	2.49951e-21	4.5554e-19
Cell_64	1.1003e-40	0.00033323	0.991058	0.00458116	2.19765e-05	0.00400531
Cell_65	8.79204e-92	0.070487	0.00218652	0.829101	0.000536005	0.0976893
Cell_66	3.01857e-24	0.567795	0.00925406	0.00722899	0.00226856	0.413453
Cell_67	1.84795e-49	0.168224	0.0178094	0.0139129	0.00436581	0.795688
Cell_68	3.26818e-49	0.320128	0.014557	0.0113754	0.00356852	0.650371
Cell_69	8.98576e-26	0.119836	0.578467	0.00515762	0.00161818	0.29492
Cell_70	8.50064e-22	0.311828	0.0147344	0.0115253	0.003612	0.6583
Cell_71	9.11592e-37	0.27781	0.00833709	0.339324	0.00204377	0.372485
Cell_72	4.75712e-57	2.97188e-07	0.999999	3.61902e-09	1.13569e-09	2.06985e-07
Cell_73	4.6445e-61	0.673844	0.00698356	0.00545529	0.00171196	0.312005
Cell_74	3.44874e-53	0.883758	0.00248888	0.00194609	0.000610128	0.111197
Cell_75	9.50832e-29	0.00402202	0.000237658	0.98507	5.82662e-05	0.0106118
Cell_76	6.06168e-30	0.55232	0.0260492	0.00720659	0.00226149	0.412163
Cell_77	7.34373e-40	1.74638e-10	1.42218e-11	1	3.48634e-12	6.35399e-10
Cell_78	3.1985e-30	0.200787	0.0171495	0.0133742	0.00419466	0.764494
Cell_79	3.72458e-57	2.50322e-12	1	5.51057e-13	1.73347e-13	3.15154e-11
Cell_80	1.71732e-66	0.267181	0.0156875	0.0122848	0.00404361	0.700803
Cell_81	1.33903e-28	0.594128	0.00869018	0.00679617	0.00213032	0.388255
Cell_82	3.12483e-63	4.04401e-10	2.14599e-11	1	5.2607e-12	9.58786e-10
Cell_83	9.39997e-49	1.63215e-08	1.12031e-06	0.999999	2.16782e-10	3.95093e-08
Cell_84	3.47752e-11	0.528511	0.0100965	0.00788661	0.00247507	0.451031
Cell_85	5.87794e-19	0.00147251	0.988697	0.000221027	5.2451e-05	0.00955707
Cell_86	2.0058e-38	0.0675727	0.0199639	0.0156217	0.00489397	0.891948
Cell_87	8.30774e-28	0.695708	0.00651491	0.00510268	0.00160307	0.291071
Cell_88	2.46949e-13	0.235942	0.0140836	0.117415	0.00345261	0.629106
Cell_89	1.22447e-13	0.163026	0.0179322	0.0141549	0.00450937	0.800377
Cell_90	3.7004e-22	0.114843	0.018947	0.015062	0.00464471	0.846504
Cell_91	1.06392e-40	0.690775	0.00662092	0.00517211	0.00162307	0.295809
Cell_92	7.01268e-41	1.91032e-08	5.00544e-09	1	1.22704e-09	2.23625e-07
Cell_93	6.16208e-63	2.18484e-12	1	1.20551e-12	3.7501e-13	6.83466e-11
Cell_94	1.88928e-30	0.0146696	0.0212203	0.0500426	0.00498974	0.909078
Cell_95	1.28059e-32	0.0277552	0.0208181	0.0162625	0.0051034	0.930061
Cell_96	2.72672e-34	0.539627	0.00985716	0.00770026	0.00241639	0.440399
Cell_97	7.31416e-55	2.28627e-16	1.10333e-16	1	2.70466e-17	4.92936e-15
Cell_98	1.34152e-56	0.000540084	0.995893	6.1112e-05	1.91306e-05	0.00348646
Cell_99	4.10471e-44	0.445028	0.0118827	0.0092824	0.00291294	0.530894
Cell_100	1.0813e-49	8.00187e-07	7.69699e-08	0.999996	1.88685e-08	3.43887e-06
Cell_101	1.00943e-49	0.718807	0.0894548	0.00288122	0.0240854	0.164771
Cell_102	1.14913e-33	0.506157	0.00853202	0.102027	0.00209155	0.381192
Cell_103	0.000250737	0.255179	0.0159422	0.012456	0.00390807	0.712264
Cell_104	5.91679e-28	0.0954425	0.0281146	0.336203	0.00399122	0.536248
Cell_105	2.0785e-32	0.00625342	0.000205266	0.000160356	0.98421	0.00917088
Cell_106	2.70967e-46	0.425321	0.0123031	0.00968137	0.00301601	0.549679
Cell_107	0.998177	0.00134037	1.03403e-05	8.12856e-06	2.53488e-06	0.000461957
Cell_108	4.48842e-57	0.105478	0.0191529	0.0149618	0.00469516	0.855712
Cell_109	4.1429e-27	0.0166193	0.0518875	0.652181	0.00152486	0.277787
Cell_110	2.13871e-70	5.27398e-08	6.3905e-09	4.99355e-09	1	2.85513e-07
Cell_111	1.31013e-35	0.595963	0.00865095	0.00675789	0.0021207	0.386508
Cell_112	4.29344e-51	2.10582e-26	1	3.99638e-26	1.21493e-26	2.21425e-24
Cell_113	1.34655e-51	1.03896e-11	1	2.15447e-13	6.76106e-14	1.23223e-11
Cell_114	3.69399e-69	3.03648e-19	1	4.52233e-20	1.41854e-20	2.58533e-18
Cell_115	2.52013e-24	0.0137185	0.915724	0.0017798	0.00037677	0.0684009
Cell_116	7.44736e-46	1.84646e-15	2.10813e-17	1	5.16795e-18	9.4187e-16
Cell_117	8.5315e-24	0.237193	0.0163319	0.0127938	0.00400362	0.729677
Cell_118	4.70484e-31	0.31142	0.0144983	0.0113896	0.0149388	0.647754
Cell_119	7.6571e-51	7.58793e-09	4.26615e-10	3.31819e-10	1	1.89745e-08
Cell_120	3.50365e-67	1.5162e-05	8.72396e-07	0.999945	2.1386e-07	3.89769e-05
Cell_121	4.11478e-61	0.534937	0.00995757	0.00777994	0.00244101	0.444885
Cell_122	2.60296e-40	0.240305	0.016266	0.0127071	0.00398748	0.726734
Cell_123	1.72568e-14	0.487213	0.0109785	0.00863435	0.0026913	0.490483
Cell_124	2.31456e-18	0.210099	0.0169106	0.0133609	0.00414552	0.755484
Cell_125	3.56888e-25	0.287327	0.0152596	0.0119255	0.00374075	0.681748
Cell_126	1.44961e-33	0.0448882	0.020368	0.0199009	0.00499308	0.90985
Cell_127	1.39535e-31	3.78955e-05	0.999323	1.15577e-05	3.4425e-06	0.000624286
Cell_128	2.8425e-93	3.19437e-09	1	1.52445e-08	4.78101e-11	8.71361e-09
Cell_129	6.96785e-31	0.404778	0.0127444	0.00995729	0.00312418	0.569396
Cell_130	3.0538e-40	0.240144	0.0162692	0.0127239	0.00398825	0.726875
Cell_131	1.78927e-41	0.0140835	0.313646	0.010102	0.0844482	0.577721
Cell_132	3.53223e-87	0.790634	0.00448279	0.00350187	0.00109892	0.200282
Cell_133	1.73e-47	1.9302e-13	1	3.21683e-15	1.00927e-15	1.83944e-13
Cell_134	7.00617e-08	0.631773	0.00788895	0.00620012	0.00193406	0.352204
Cell_135	8.0991e-29	0.569849	0.00920313	0.00751389	0.00225606	0.411178
Cell_136	2.14351e-50	0.809845	0.00407147	0.00318069	0.000998085	0.181905
Cell_137	1.43501e-24	0.202065	0.00992783	0.342023	0.00243372	0.44355
Cell_138	1.48458e-26	0.141331	0.0126583	0.00988868	0.270575	0.565548
Cell_139	0.995931	0.00134099	5.8414e-05	4.56541e-05	1.43198e-05	0.00260953
Cell_140	3.54478e-42	0.364243	0.0136166	0.0106456	0.00333798	0.608156
Cell_141	1.87358e-45	0.0852978	0.00703348	0.591704	0.0017242	0.31424
Cell_142	9.94581e-27	0.621546	0.00810405	0.0063345	0.00198666	0.362028
Cell_143	1.97455e-43	0.463361	0.0114901	0.00897609	0.0028167	0.513356
Cell_144	5.09968e-32	0.477285	0.0111915	0.00876681	0.00274349	0.500013
Cell_145	1.16191e-30	0.564672	0.00916025	0.0146604	0.00224557	0.409262
Cell_146	7.40183e-113	0.43521	0.0120929	0.00944753	0.00296446	0.540286
Cell_147	2.77111e-25	0.582115	0.00894749	0.00699093	0.00219346	0.399753
Cell_148	6.79668e-62	6.29791e-17	5.746e-19	1	1.40858e-19	2.5672e-17
Cell_149	1.7701e-37	0.0622904	0.0200765	0.0157378	0.00492158	0.896974
Cell_150	1.06007e-29	0.201633	0.0170938	0.0133701	0.00419038	0.763713
Cell_151	3.03971e-37	0.106278	0.0191356	0.014953	0.00469092	0.854942
Cell_152	2.59571e-30	0.77096	0.0049042	0.00383219	0.00120222	0.219102
Cell_153	6.5842e-09	0.385079	0.0131665	0.0102892	0.00322766	0.588238
Cell_154	1.05529e-41	0.306317	0.0148533	0.0116239	0.0036412	0.663564
Cell_155	5.23467e-79	9.01636e-15	1	1.14732e-15	3.60001e-16	6.56118e-14
Cell_156	3.09122e-42	0.195438	0.0172253	0.0135239	0.00422263	0.769591
Cell_157	4.94001e-43	6.80186e-07	1.5117e-07	0.999992	3.70579e-08	6.75391e-06
Cell_158	0.995777	0.00303103	2.55163e-05	1.99553e-05	6.2551e-06	0.00114002
Cell_159	8.0855e-46	4.91442e-07	0.999984	2.60312e-07	8.16669e-08	1.48842e-05
Cell_160	5.00356e-47	3.04079e-13	1	2.32772e-14	7.02548e-15	1.27316e-12
Cell_161	3.38006e-45	9.93333e-08	5.30715e-09	4.1418e-09	1	2.36877e-07
Cell_162	3.71191e-57	0.601812	0.00852646	0.00666155	0.00209023	0.38091
Cell_163	0.996286	0.00217234	3.29947e-05	2.60234e-05	8.08837e-06	0.00147413
Cell_164	0.998364	0.00134009	6.32943e-06	4.94472e-06	1.5516e-06	0.000282785
Cell_165	1.93693e-44	0.00172785	0.991134	0.000122204	3.8284e-05	0.00697733
Cell_166	1.99012e-59	0.180833	0.0175381	0.0137643	0.0042993	0.783566
Cell_167	1.05821e-10	0.222594	0.0166586	0.0130245	0.00408408	0.743639
Cell_168	5.726e-47	0.055123	0.0202184	0.0164125	0.00495639	0.90329
Cell_169	5.92169e-30	0.252777	0.0159985	0.0125259	0.0039224	0.714776
Cell_170	0.996256	0.00133828	5.1242e-05	5.24333e-05	1.25616e-05	0.00228934
Cell_171	4.82781e-38	0.0683165	0.0199482	0.0156059	0.00489014	0.891239
Cell_172	4.71693e-74	1.55434e-11	2.2358e-12	1	5.48119e-13	9.98895e-11
Cell_173	4.26206e-42	0.349087	0.0139369	0.0108876	0.0034165	0.622672
Cell_174	5.66386e-79	1.02384e-35	1	5.18907e-37	1.62774e-37	2.96664e-35
Cell_175	8.37306e-37	0.686332	0.00671599	0.00524903	0.00164636	0.300057
Cell_176	3.81234e-53	0.159469	0.643702	0.00799286	0.00103046	0.187806
Cell_177	3.2101e-49	0.245932	0.0161305	0.0133416	0.00395428	0.720642
Cell_178	4.90004e-29	0.322347	0.0145094	0.0113353	0.00355685	0.648252
Cell_179	3.03766e-18	4.39927e-09	1	6.43627e-11	2.01711e-11	3.67606e-09
Cell_180	5.59186e-34	6.56027e-15	5.05896e-16	3.9516e-16	1	2.25991e-14
Cell_181	7.1619e-29	5.77276e-08	1	9.08684e-10	2.85151e-10	5.197e-08
Cell_182	1.73222e-53	0.616449	0.00821144	0.00650831	0.0020127	0.366818
Cell_183	5.86277e-36	0.449129	0.0374589	0.0089146	0.002753	0.501745
Cell_184	0.998213	0.00134007	9.56761e-06	7.47404e-06	2.34541e-06	0.000427459
Cell_185	7.41313e-21	0.539834	0.00985248	0.00772284	0.00241526	0.440176
Cell_186	2.90188e-21	0.606307	0.00843211	0.00658828	0.00206713	0.376606
Cell_187	2.81447e-58	4.0639e-34	5.05582e-35	1	1.23939e-35	2.25884e-33
Cell_188	2.85284e-72	1.77446e-43	2.73341e-44	2.13581e-44	1	1.22123e-42
Cell_189	1.13563e-24	0.115827	0.0189313	0.0147941	0.00464084	0.845807
Cell_190	8.19374e-77	1.6994e-29	1	1.64842e-30	4.9127e-31	8.95356e-29
Cell_191	4.72735e-44	2.432e-09	1	1.23926e-10	3.8887e-11	7.08733e-09
Cell_192	0.961871	0.0175266	0.000441041	0.000348454	0.000108117	0.0197048
Cell_193	0.998114	0.00134822	1.15199e-05	9.00201e-06	2.82401e-06	0.000514676
Cell_194	1.88787e-31	0.318819	0.0144749	0.016465	0.0035484	0.646692
Cell_195	8.13153e-46	3.69192e-06	6.71434e-05	0.999918	6.28645e-08	1.14573e-05
Cell_196	4.46962e-09	1.07726e-05	0.999935	1.00093e-06	8.18735e-07	5.25411e-05
Cell_197	4.18706e-34	0.603795	0.00848326	0.00662688	0.00207959	0.379015
Cell_198	1.30102e-55	1.84403e-07	6.29082e-09	2.34236e-08	1	2.81025e-07
Cell_199	2.3779e-18	0.0110085	0.0211744	0.016598	0.00519101	0.946028
Cell_200	1.81904e-57	3.99218e-33	1	2.09119e-34	6.56227e-35	1.19595e-32
Cell_201	9.41262e-23	0.543642	0.00977062	0.00766108	0.00239517	0.436531
Cell_202	3.62e-48	0.333338	0.0142744	0.0111529	0.00349926	0.637736
Cell_203	3.45658e-42	0.180204	0.0175529	0.013712	0.00430294	0.784228
Cell_204	3.28178e-67	4.36138e-17	5.57875e-19	1	1.36756e-19	2.49244e-17
Cell_205	1.20397e-52	2.00263e-05	3.08306e-05	0.999892	3.11597e-07	5.67884e-05
Cell_206	1.45781e-39	0.727546	0.00583351	0.00456125	0.00143003	0.260629
Cell_207	2.66257e-64	0.420496	0.0124079	0.00969267	0.0030417	0.554362
Cell_208	1.15505e-42	0.510153	0.0103396	0.015125	0.00253472	0.461847
Cell_209	1.03871e-21	0.388074	0.0131032	0.0102418	0.00321217	0.585368
Cell_210	1.02164e-14	0.107346	0.0190871	0.0164587	0.00467912	0.852429
Cell_211	3.46779e-40	0.17801	0.0175998	0.013752	0.00431444	0.786324
Cell_212	4.93862e-10	1.39969e-11	1	2.61423e-12	8.20369e-13	1.49516e-10
Cell_213	2.73986e-43	0.346428	0.029989	0.0106939	0.00341924	0.60947
Cell_214	1.82683e-28	3.91604e-14	1	6.62973e-15	2.06758e-15	3.76777e-13
Cell_215	3.11317e-31	2.87895e-05	0.999957	2.49789e-07	7.83866e-08	1.42863e-05
Cell_216	1.51631e-44	0.201544	0.253982	0.00826639	0.068384	0.467823
Cell_217	1.08256e-82	1.38227e-27	6.11963e-30	1	1.50018e-30	2.73413e-28
Cell_218	2.09798e-50	0.0377142	0.020604	0.0160967	0.00505083	0.920534
Cell_219	3.28891e-35	0.454181	0.0116867	0.00913348	0.00286486	0.522134
Cell_220	9.11739e-32	0.451477	0.0117443	0.00919073	0.00287901	0.524709
Cell_221	3.34779e-33	0.297171	0.0150483	0.0118089	0.00368896	0.672283
Cell_222	4.59185e-47	4.30404e-15	5.39899e-16	1	1.25592e-16	2.28897e-14
Cell_223	2.26498e-36	0.201406	0.0160782	0.0724679	0.00387477	0.706173
Cell_224	8.30871e-50	3.05714e-16	1	8.42551e-18	2.64403e-18	4.81884e-16
Cell_225	6.45746e-45	6.14738e-13	1.72975e-14	1	4.24032e-15	7.72817e-13
Cell_226	8.07643e-33	0.493273	0.0108497	0.00847855	0.00266003	0.484738
Cell_227	6.5721e-77	0.390486	0.0130515	0.0102433	0.00319898	0.58302
Cell_228	4.66104e-21	0.000246118	2.58149e-05	0.998644	5.9188e-06	0.00107818
Cell_229	3.5734e-53	0.122863	0.0186186	0.0221631	0.00456423	0.831791
Cell_230	2.03579e-27	1.13001e-06	0.999995	7.04006e-08	2.20449e-08	4.01732e-06
Cell_231	1.25929e-75	8.07582e-40	1	2.49956e-41	7.79355e-42	1.4199e-39
Cell_232	3.63506e-60	0.653427	0.00742052	0.00579999	0.00181907	0.331534
Cell_233	2.17998e-20	0.618695	0.00821982	0.00638734	0.00200104	0.364697
Cell_234	6.60344e-43	0.827872	0.00368495	0.00290389	0.000903332	0.164636
Cell_235	9.81173e-28	0.438175	0.0120349	0.00940652	0.0029504	0.537433
Cell_236	6.26994e-35	0.661453	0.00724869	0.00566457	0.00177774	0.323856
Cell_237	8.09177e-55	0.397266	0.0166118	0.010573	0.00318854	0.572361
Cell_238	2.22596e-27	0.000353336	0.993674	0.000508186	2.98398e-05	0.00543432
Cell_239	2.19351e-41	0.00187475	0.995918	3.79781e-05	1.18423e-05	0.00215758
Cell_240	1.12155e-64	7.95393e-07	1.88799e-08	0.999998	4.62824e-09	8.43518e-07
Cell_241	2.47322e-78	0.278055	0.0154578	0.0120775	0.00378934	0.69062
Cell_242	8.36098e-41	0.000547714	6.26188e-05	0.996584	1.5312e-05	0.00279058
Cell_243	1.46731e-41	9.75229e-09	1	2.60397e-10	8.14358e-11	1.48375e-08
Cell_244	4.77079e-15	0.0023535	0.0217227	0.018144	0.00536102	0.952419
Cell_245	4.01311e-22	0.265822	0.0157191	0.0123079	0.00385339	0.702298
Cell_246	1.4381e-10	0.618113	0.121487	0.00391606	0.03271	0.223774
Cell_247	8.57565e-45	0.518789	0.0103035	0.00805036	0.0025258	0.460331
Cell_248	0.998348	0.00134071	8.97868e-06	5.17776e-06	1.62221e-06	0.00029565
Cell_249	2.50435e-21	0.13223	0.018518	0.0170068	0.00605309	0.826192
Cell_250	1.01507e-33	0.648205	0.00753238	0.00588414	0.0018465	0.336532
Cell_251	4.26149e-41	0.818836	0.00387915	0.00303547	0.000950948	0.173298
Cell_252	1.69549e-50	0.442656	0.0119334	0.00932201	0.00292539	0.533163
Cell_253	5.84367e-53	9.10899e-26	1	3.15241e-27	9.81392e-28	1.78863e-25
Cell_254	1.88238e-100	0.481028	0.0111118	0.00868052	0.00272397	0.496455
Cell_255	1.34768e-56	0.433452	0.0121298	0.00950793	0.00297357	0.541937
Cell_256	5.20977e-36	0.799821	0.00428514	0.00334814	0.00109475	0.191451
Cell_257	5.1234e-71	5.50512e-46	1.4722e-47	1.16049e-47	1	6.5775e-46
Cell_258	1.37377e-33	0.41194	0.0125911	0.00984266	0.00308661	0.56254
Cell_259	7.52123e-65	0.251586	0.016019	0.0127803	0.00392693	0.715688
Cell_260	0.0374213	0.542153	0.00900208	0.00703972	0.00220669	0.402178
Cell_261	6.33028e-42	0.136255	0.0184932	0.0144841	0.00453341	0.826234
Cell_262	1.43896e-21	0.0961355	0.0193932	0.0154338	0.00475687	0.864281
Cell_263	1.23517e-19	0.0906606	0.0192244	0.0343902	0.00471732	0.851008
Cell_264	2.25854e-46	0.710624	0.00619629	0.00484082	0.00151898	0.27682
Cell_265	2.02239e-30	0.00088852	4.09758e-05	3.22557e-05	0.99721	0.00182874
Cell_266	4.59015e-28	0.191029	0.0170863	0.0243233	0.00418856	0.763373
Cell_267	2.12753e-41	0.113747	0.0159261	0.154881	0.00390415	0.711541
Cell_268	8.59426e-20	0.333213	0.0144247	0.0118413	0.00598597	0.634535
Cell_269	7.50075e-24	0.183364	0.0174839	0.0138408	0.00428608	0.781025
Cell_270	3.79151e-30	1.81816e-06	1.26406e-07	0.999992	3.09874e-08	5.64755e-06
Cell_271	6.84119e-19	0.00565827	0.000396619	0.976128	9.72281e-05	0.0177195
Cell_272	1.69554e-23	0.374452	0.013388	0.0104598	0.00368908	0.598011
Cell_273	4.69287e-60	6.96547e-09	1.276e-09	9.96788e-10	1	5.7009e-08
Cell_274	1.05139e-09	0.525943	0.010153	0.00803452	0.00248906	0.45338
Cell_275	2.80118e-31	0.549315	0.00969662	0.00832108	0.00237877	0.430288
Cell_276	0.996554	0.00134855	4.49089e-05	3.5088e-05	1.1009e-05	0.00200644
Cell_277	2.17869e-23	0.501408	0.0106755	0.00839932	0.00261703	0.4769
Cell_278	3.15721e-37	0.333688	0.0142667	0.0111545	0.00349736	0.637394
Cell_279	5.82029e-46	0.0395938	0.0200607	0.0393995	0.00491785	0.896028
Cell_280	3.03031e-29	0.060576	0.903171	0.000654165	0.00019426	0.0354047
Cell_281	4.40176e-57	0.0541261	0.020252	0.015874	0.00496462	0.904783
Cell_282	7.79657e-49	1.25405e-14	1	4.96114e-16	1.55686e-16	2.83744e-14
Cell_283	1.75418e-56	0.572307	0.00915746	0.00715409	0.00224487	0.409137
Cell_284	2.74604e-43	0.162492	0.0179322	0.0140083	0.00439593	0.801171
Cell_285	5.69186e-16	0.00209743	0.000250602	0.985828	0.000633171	0.0111913
Cell_286	4.75273e-45	0.00267278	0.994383	0.000376046	1.40138e-05	0.00255384
Cell_287	7.17155e-52	6.20819e-28	1	2.81718e-29	8.84068e-30	1.61116e-27
Cell_288	3.24201e-25	0.779162	0.00472841	0.00369579	0.00115913	0.211255
Cell_289	1.12877e-14	0.688408	0.006673	0.00523147	0.00163547	0.298052
Cell_290	4.06837e-53	0.131203	0.0051462	0.632467	0.00126156	0.229922
Cell_291	1.69128e-15	0.601356	0.00853529	0.00667946	0.00209235	0.381337
Cell_292	1.95786e-38	0.175172	0.0176552	0.0140562	0.00432802	0.788789
Cell_293	1.06291e-59	4.44547e-30	1.88879e-31	1	4.63022e-32	8.43877e-30
Cell_294	7.25706e-08	0.307872	0.0148972	0.0116019	0.00365403	0.661974
Cell_295	3.21551e-74	1.62066e-14	1.66591e-15	1.30141e-15	1	7.44295e-14
Cell_296	2.36424e-17	3.80658e-05	0.999912	8.56379e-07	2.68711e-07	4.89738e-05
Cell_297	5.25482e-35	7.34003e-05	4.98946e-06	6.49305e-05	0.999634	0.00022292
Cell_298	1.04413e-32	0.056428	0.785352	0.00424913	0.000840391	0.153131
Cell_299	4.06032e-57	8.41207e-23	1	1.66739e-24	5.23255e-25	9.53655e-23
Cell_300	6.56969e-49	0.227576	0.0165385	0.012922	0.00405442	0.738909
Cell_301	2.83153e-83	8.6481e-18	1.91135e-18	1	4.68152e-19	8.5281e-17
Cell_302	0.998056	0.00133961	1.2946e-05	1.01303e-05	3.17358e-06	0.000578398
Cell_303	1.30882e-36	0.565438	0.00930445	0.00728639	0.00228091	0.41569
Cell_304	1.05753e-12	0.0011826	0.994577	0.00107789	2.20023e-05	0.00314019
Cell_305	9.96592e-36	0.102377	0.0192189	0.0150308	0.00471134	0.858662
Cell_306	1.73219e-43	0.0918282	0.0194416	0.015376	0.00476595	0.868588
Cell_307	1.86382e-28	0.477857	0.0111689	0.00928549	0.00273801	0.498951
Cell_308	8.46058e-36	3.10261e-08	2.61594e-07	0.999988	6.41187e-08	1.16855e-05
Cell_309	9.34419e-44	8.80156e-09	1	1.2755e-09	3.97364e-10	7.24206e-08
Cell_310	1.5559e-68	0.00901575	0.000428775	0.000334968	0.971064	0.0191567
Cell_311	8.26206e-43	0.0103971	0.978245	0.00019448	6.09177e-05	0.0111025
Cell_312	5.82492e-16	0.014533	0.00324923	0.836268	0.000796528	0.145153
Cell_313	3.56403e-22	0.00436771	0.993403	3.80987e-05	1.19553e-05	0.0021789
Cell_314	9.57736e-70	0.364709	0.0136024	0.0106264	0.00333452	0.607728
Cell_315	2.01823e-31	2.8839e-05	3.45675e-06	0.999812	8.47391e-07	0.00015444
Cell_316	4.48447e-48	4.15264e-13	4.44691e-14	1	1.09012e-14	1.98677e-12
Cell_317	2.55751e-19	0.000166979	3.63761e-05	0.996409	0.00240697	0.000980208
Cell_318	3.74541e-30	0.122668	0.0929454	0.0136618	0.00420916	0.766515
Cell_319	2.64094e-41	1.35202e-10	3.16882e-11	1	7.76787e-12	1.41573e-09
Cell_320	8.00921e-57	0.393785	0.01298	0.0101433	0.00318189	0.579909
Cell_321	1.62284e-115	4.21776e-13	1	1.52506e-14	4.78615e-15	8.7224e-13
Cell_322	1.6806e-49	1.80618e-12	1	8.89587e-14	2.79119e-14	5.08708e-12
Cell_323	9.6712e-50	0.398688	0.0128749	0.0100585	0.00315616	0.575223
Cell_324	1.29227e-76	5.23745e-32	1	7.32536e-33	2.29867e-33	4.18941e-31
Cell_325	9.16264e-18	0.244036	0.0161853	0.0126848	0.00396773	0.723126
Cell_326	0.998338	0.00133991	6.90577e-06	5.39614e-06	1.69289e-06	0.000308533
Cell_327	8.63875e-22	0.703187	0.00635052	0.00517678	0.00155677	0.283729
Cell_328	2.15381e-119	2.90978e-29	1.04486e-31	1	2.56139e-32	4.66822e-30
Cell_329	5.18506e-20	0.0827757	0.328715	0.0136726	0.00337756	0.571459
Cell_330	8.69338e-34	6.23344e-11	5.12409e-13	1	1.25613e-13	2.28934e-11
Cell_331	3.66175e-44	5.49564e-17	1.95165e-18	1	4.7843e-19	8.71959e-17
Cell_332	3.44733e-59	9.75967e-37	1.49701e-37	1.17173e-37	1	6.68835e-36
Cell_333	2.6248e-10	0.193966	0.01955	0.0143306	0.00422812	0.767926
Cell_334	3.85105e-40	1.20045e-17	1	1.07185e-18	3.36203e-19	6.1274e-17
Cell_335	1.50771e-59	0.0706676	0.019898	0.0155528	0.00487784	0.889004
Cell_336	4.07642e-51	0.26569	0.0157224	0.0122941	0.00385472	0.702439
Cell_337	1.86212e-51	0.165667	0.00122213	0.778209	0.000299593	0.0546023
Cell_338	3.78807e-57	0.634475	0.0078258	0.00615203	0.00191843	0.349628
Cell_339	1.8062e-24	0.152224	0.278506	0.39687	0.000940772	0.17146
Cell_340	1.83823e-89	0.302195	0.0149428	0.0116791	0.00366261	0.66752
Cell_341	2.05418e-15	0.00721175	0.945556	0.000827956	0.000253344	0.046151
Cell_342	7.62297e-28	1.40588e-06	5.00561e-09	0.999998	1.22709e-09	2.23625e-07
Cell_343	0.990436	0.00163775	0.000169676	0.00013678	4.15967e-05	0.00757848
Cell_344	6.86349e-62	8.50756e-08	2.80261e-09	1	6.87043e-10	1.25215e-07
Cell_345	1.74455e-42	0.259056	0.0158642	0.0124078	0.00388898	0.708783
Cell_346	0.997847	0.00133958	1.74082e-05	1.35996e-05	4.26747e-06	0.000777765
Cell_347	6.07199e-17	0.228581	0.0165199	0.0150809	0.00405106	0.735768
Cell_348	1.11306e-49	0.622452	0.00808378	0.00631486	0.00198167	0.361168
Cell_349	0.000575784	0.215169	0.641527	0.0024395	0.000765539	0.139523
Cell_350	1.26228e-18	0.188792	0.017377	0.0135814	0.00426003	0.77599
Cell_351	8.77361e-37	4.87123e-15	1.44163e-15	1	3.13305e-16	5.70945e-14
Cell_352	3.15274e-50	0.792095	0.00444104	0.00396279	0.00108866	0.198413
Cell_353	1.98747e-43	0.252108	0.362501	0.00769923	0.0020612	0.37563
Cell_354	0.998339	0.00134368	6.78339e-06	5.30762e-06	1.66289e-06	0.000303062
Cell_355	4.3505e-34	0.331607	0.0143112	0.0111799	0.00350842	0.639393
Cell_356	0.997396	0.00138046	2.61924e-05	2.05253e-05	6.4209e-06	0.00117009
Cell_357	1.02071e-21	0.558333	0.00945479	0.00754211	0.00231741	0.422352
Cell_358	5.85101e-35	3.16107e-10	7.18869e-11	1	1.76225e-11	3.21171e-09
Cell_359	2.46505e-62	0.171503	0.0177392	0.0138583	0.00434861	0.792551
Cell_360	5.88613e-23	0.0702355	0.0199072	0.0155704	0.00488079	0.889406
Cell_361	4.19604e-47	8.02769e-13	5.05727e-14	3.97907e-14	1	2.25925e-12
Cell_362	9.76107e-91	0.0234112	0.947794	0.000492506	0.000154459	0.028148
Cell_363	1.96253e-64	1.12579e-10	1	7.43364e-13	2.33125e-13	4.2479e-11
Cell_364	4.00402e-35	0.494377	0.0108262	0.00845981	0.00265394	0.483683
Cell_365	4.86931e-37	0.312003	0.0147308	0.0115185	0.00361112	0.658137
Cell_366	0.996947	0.00135402	3.63686e-05	2.84177e-05	8.91579e-06	0.00162487
Cell_367	2.0935e-79	0.207496	0.0169789	0.0132686	0.00415956	0.758097
Cell_368	3.71728e-25	0.626264	0.00800216	0.00625144	0.00196166	0.357521
Cell_369	0.998269	0.0013439	8.27892e-06	6.53948e-06	2.02948e-06	0.00036988
Cell_370	0.000190881	0.723214	0.00592253	0.00462664	0.00145186	0.264594
Cell_371	1.13182e-24	0.44744	0.0118363	0.00925753	0.00290182	0.528564
Cell_372	5.10028e-20	0.828605	0.00366979	0.00287648	0.000899621	0.16395
Cell_373	5.51643e-53	0.575943	0.00907961	0.00709336	0.00222579	0.405658
Cell_374	4.91394e-24	0.116932	0.0128016	0.295516	0.00318931	0.571561
Cell_375	4.78841e-44	0.00112169	0.000139109	0.992495	3.41885e-05	0.00620968
Cell_376	4.41422e-25	0.339325	0.0123141	0.00961935	0.0885723	0.550169
Cell_377	6.87828e-46	1.17745e-07	1.9143e-08	0.999999	4.69274e-09	8.55268e-07
Cell_378	2.18162e-57	0.4967	0.0107759	0.00842653	0.00265543	0.481442
Cell_379	8.18276e-31	0.0503833	0.020332	0.0159104	0.0049842	0.90839
Cell_380	1.24348e-31	0.470797	0.0114574	0.00884937	0.00277699	0.506119
Cell_381	1.04067e-56	0.206208	0.0169961	0.0132769	0.00416649	0.759352
Cell_382	2.34488e-12	0.292503	0.0151508	0.0118355	0.00371416	0.676796
Cell_383	1.76612e-44	0.531607	0.0476321	0.0468052	0.00204074	0.371915
Cell_384	6.64862e-55	0.141651	0.011853	0.314182	0.0029057	0.529408
Cell_385	5.89302e-53	2.44453e-10	0.989518	0.010482	3.53467e-12	6.44209e-10
Cell_386	1.28842e-35	0.424286	0.0123275	0.0096388	0.00302174	0.550726
Cell_387	2.20519e-27	0.622036	0.00809267	0.00632249	0.00198385	0.361565
Cell_388	3.90451e-37	0.0624218	0.0582482	0.0150297	0.00471999	0.85958
Cell_389	2.19162e-16	0.709346	0.00622243	0.00491633	0.00152538	0.27799
Cell_390	3.77157e-22	0.43481	0.0121009	0.0096173	0.00296651	0.540505
Cell_391	2.82032e-60	1.90882e-18	1.2312e-19	9.62425e-20	1	5.50074e-18
Cell_392	2.29502e-26	1.12507e-05	2.1487e-07	0.999979	5.26735e-08	9.59998e-06
Cell_393	1.08846e-91	0.651698	0.00745867	0.00583994	0.00182846	0.333175
Cell_394	1.02714e-37	0.126798	0.0186966	0.0146051	0.0045833	0.835317
Cell_395	6.96559e-21	0.0407064	0.0205394	0.0160621	0.00503506	0.917657
Cell_396	1.96445e-38	0.667259	0.00712439	0.00556679	0.00174648	0.318304
Cell_397	3.64609e-32	0.0622261	0.0200786	0.0157047	0.00492208	0.897069
Cell_398	0.998118	0.00134172	1.15675e-05	9.21533e-06	2.83582e-06	0.000516543
Cell_399	5.85362e-31	0.431464	0.0121629	0.00999249	0.00298164	0.543399
Cell_400	5.37695e-38	0.569482	0.00921819	0.00720073	0.00225976	0.41184
Cell_401	3.02081e-66	9.90321e-09	1	1.0042e-09	3.15122e-10	5.74323e-08
Cell_402	2.67165e-36	0.280731	0.0154006	0.0120357	0.00377527	0.688058
Cell_403	5.25115e-27	9.67167e-20	1	7.06448e-22	2.21377e-22	4.03462e-20
Cell_404	5.69918e-49	1.9219e-07	4.42169e-09	1	1.08393e-09	1.97551e-07
Cell_405	1.32539e-31	0.69947	0.00317978	0.154506	0.000779495	0.142064
Cell_406	6.60587e-36	0.375765	0.0133657	0.0104412	0.00327649	0.597152
Cell_407	1.17307e-21	0.285075	0.0153075	0.0119576	0.00375249	0.683908
Cell_408	5.18213e-54	0.200239	0.0171125	0.0139092	0.00419498	0.764544
Cell_409	0.997187	0.00134594	3.14055e-05	2.46123e-05	7.69879e-06	0.0014031
Cell_410	7.50356e-56	2.49917e-08	7.09548e-10	1	1.73939e-10	3.17012e-08
Cell_411	0.00337036	0.0301598	0.0207189	0.0161725	0.00508041	0.924498
Cell_412	7.18851e-56	1.15858e-33	1	2.32999e-35	1.40507e-35	1.33185e-33
Cell_413	2.15751e-46	0.443201	0.0119218	0.00931379	0.00292253	0.532641
Cell_414	0.996808	0.00133787	3.97003e-05	3.10153e-05	9.73217e-06	0.00177373
Cell_415	3.08908e-141	1.91247e-18	1	2.99561e-19	9.40193e-20	1.71321e-17
Cell_416	7.89792e-46	1.08717e-11	1	4.03484e-12	1.26409e-12	2.30376e-10
Cell_417	1.75906e-46	0.526971	0.010128	0.00791786	0.0024828	0.4525
Cell_418	1.31307e-08	0.153916	0.0181157	0.0141529	0.00444106	0.809374
Cell_419	2.19792e-37	0.633789	0.00784107	0.0061289	0.00192217	0.350319
Cell_420	1.49234e-41	0.437929	0.0120345	0.00940775	0.00295015	0.537678
Cell_421	2.10345e-62	0.27593	0.231693	0.00841583	0.00264092	0.48132
Cell_422	1.84648e-45	1.84655e-07	0.999999	5.81349e-09	1.82427e-09	3.32479e-07
Cell_423	5.87223e-43	0.672238	0.00701573	0.00557725	0.00171984	0.313449
Cell_424	9.52737e-61	0.0470844	0.92969	0.000396977	0.000124583	0.0227045
Cell_425	9.58997e-23	0.00676174	0.98156	0.000199619	6.26401e-05	0.0114156
Cell_426	6.25307e-27	0.773977	0.00490126	0.00431461	0.00120348	0.215603
Cell_427	1.86722e-14	0.669706	0.00707197	0.00552711	0.00173363	0.315961
Cell_428	9.00576e-34	0.534366	0.0099698	0.00778849	0.00244432	0.445431
Cell_429	4.51692e-34	5.7488e-05	1.53148e-06	0.999872	3.75425e-07	6.8423e-05
Cell_430	1.8656e-32	2.14486e-16	1	4.379e-18	1.35772e-18	2.47369e-16
Cell_431	8.84191e-36	0.585726	0.00887013	0.00692918	0.00217443	0.3963
Cell_432	1.31009e-45	5.31632e-13	1	7.19095e-14	2.25666e-14	4.11269e-12
Cell_433	6.34219e-48	8.49152e-15	8.98254e-15	1	2.20202e-15	4.01286e-13
Cell_434	6.91299e-22	0.00245276	0.99431	5.53307e-05	1.73673e-05	0.00316458
Cell_435	1.91076e-11	0.117743	0.01889	0.0147673	0.00463072	0.843969
Cell_436	3.58532e-33	0.0641244	0.0116624	0.00911073	0.394059	0.521044
Cell_437	0.00346863	0.516956	0.0102712	0.00822666	0.00251608	0.458561
Cell_438	6.70346e-22	0.500076	0.0107042	0.00836263	0.00262403	0.478233
Cell_439	1.88037e-29	0.317273	0.0145977	0.0124056	0.00357986	0.652144
Cell_440	1.00633e-68	0.429087	0.0123209	0.00954688	0.00302297	0.546022
Cell_441	3.67081e-25	0.168813	0.016184	0.0879662	0.00396736	0.72307
Cell_442	9.55574e-40	1.57022e-20	1	1.10917e-21	3.4548e-22	6.29061e-20
Cell_443	0.651211	0.0468762	0.00437413	0.101041	0.00107227	0.195425
Cell_444	0.995281	0.0013363	7.24326e-05	5.66195e-05	1.77565e-05	0.00323615
Cell_445	1.09138e-15	0.586573	0.00885199	0.00691548	0.00216999	0.39549
Cell_446	6.70615e-51	0.333834	0.014766	0.0111335	0.0034948	0.636772
Cell_447	3.31727e-45	0.777218	0.00477005	0.00372723	0.00116937	0.213115
Cell_448	1.54186e-35	0.331929	0.0143013	0.0113368	0.00350586	0.638927
Cell_449	1.44494e-86	5.16543e-40	1	1.73439e-41	5.39559e-42	9.8302e-40
Cell_450	6.26318e-92	0.752715	0.00529472	0.00413634	0.00129795	0.236556
Cell_451	5.51445e-73	4.6013e-25	1.0922e-26	1	2.67742e-27	4.87972e-25
Cell_452	3.5237e-51	0.395962	0.0129361	0.010105	0.00317126	0.577826
Cell_453	9.05331e-11	0.592923	0.00871283	0.00681901	0.00227319	0.389272
Cell_454	8.69933e-63	0.731852	0.00574218	0.00448635	0.00140766	0.256512
Cell_455	3.69723e-60	0.132971	0.0115075	0.338568	0.00282096	0.514132
Cell_456	2.38343e-46	0.666602	0.00713814	0.00559336	0.00174985	0.318917
Cell_457	2.27975e-37	0.212224	0.016867	0.0131786	0.00414983	0.753581
Cell_458	6.69562e-25	0.748424	0.00538405	0.00432754	0.00131994	0.240545
Cell_459	0.997398	0.00138025	2.61674e-05	2.04435e-05	6.41471e-06	0.00116911
Cell_460	7.05626e-06	1.50084e-07	1.28193e-08	0.999992	3.14255e-09	5.72715e-07
Cell_461	5.09019e-40	0.176835	0.0176419	0.0137866	0.00432072	0.787416
Cell_462	2.73869e-22	0.536234	0.00992985	0.00775905	0.00243421	0.443643
Cell_463	3.56809e-67	1.7313e-11	1	2.34599e-13	7.35783e-14	1.34099e-11
Cell_464	0.997789	0.00135947	1.82232e-05	1.42359e-05	4.46726e-06	0.000814176
Cell_465	8.9889e-28	0.00194028	0.000283802	0.985027	6.95718e-05	0.0126793
Cell_466	1.26573e-22	9.88077e-16	1.17278e-15	1	2.87499e-16	5.23948e-14
Cell_467	1.40587e-32	0.0539808	0.000785863	0.909931	0.000192648	0.0351101
Cell_468	2.91641e-40	0.135434	0.0266197	0.608391	0.00125266	0.228303
Cell_469	8.19096e-05	0.484607	0.0110335	0.00861928	0.00270476	0.492954
Cell_470	1.38218e-65	0.391468	0.0129387	0.0143606	0.00317183	0.578061
Cell_471	1.39452e-50	0.442295	0.0119412	0.00932913	0.0029273	0.533508
Cell_472	0.998472	0.00136477	3.48477e-06	2.75806e-06	8.54261e-07	0.000155692
Cell_473	7.59165e-21	0.00312529	0.986193	0.000182567	5.72922e-05	0.0104416
Cell_474	1.52562e-33	0.00173811	7.10671e-05	0.994998	1.74215e-05	0.00317514
Cell_475	1.7497e-23	0.273273	0.0155602	0.0121559	0.00381444	0.695196
Cell_476	3.69825e-38	3.18584e-17	1	3.41701e-19	1.07148e-19	1.9528e-17
Cell_477	1.2557e-37	0.000168144	0.970587	2.13763e-05	0.028001	0.00122256
Cell_478	2.40404e-37	0.593764	0.00869493	0.00696869	0.0021315	0.388441
Cell_479	3.15249e-58	0.402876	0.01434	0.00996125	0.00312583	0.569697
Cell_480	2.30406e-51	6.37596e-09	7.37615e-10	1	1.8082e-10	3.29552e-08
Cell_481	3.3339e-63	2.22147e-39	3.69444e-41	1	9.05664e-42	1.65048e-39
Cell_482	1.31512e-14	0.165029	0.0178767	0.0140158	0.00438232	0.798697
Cell_483	0.988253	0.0018291	0.000211679	0.00019958	5.18928e-05	0.00945483
Cell_484	8.7181e-28	0.0233182	0.909415	0.00143325	0.000359979	0.0654737
Cell_485	6.75083e-30	4.85503e-22	1.33493e-23	1.04282e-23	1	5.96421e-22
Cell_486	1.88974e-66	0.438208	0.0120283	0.00941278	0.00294864	0.537402
Cell_487	1.10704e-06	0.0998819	0.0192153	0.0179817	0.00471063	0.858209
Cell_488	8.8072e-18	0.685389	0.0067356	0.00529745	0.00165118	0.300927
Cell_489	5.58497e-54	0.0170754	0.000540141	0.95812	0.000132411	0.0241324
Cell_490	4.32892e-70	2.79989e-18	2.31456e-19	1	5.67393e-20	1.0341e-17
Cell_491	4.59486e-60	0.177975	0.0176003	0.0137661	0.00431456	0.786344
Cell_492	9.64529e-34	0.652262	0.00744507	0.00583862	0.00182509	0.332629
Cell_493	1.36006e-43	8.9155e-15	1	1.89475e-16	5.94585e-17	1.08366e-14
Cell_494	6.7505e-15	0.0506038	0.0203234	0.016091	0.00498212	0.908
Cell_495	5.50261e-26	0.240478	0.0162635	0.0127077	0.00398689	0.726564
Cell_496	1.49624e-29	0.910972	0.0019062	0.00148908	0.000467289	0.0851653
Cell_497	1.17308e-71	4.85017e-42	3.0123e-43	1	7.3844e-44	1.34578e-41
Cell_498	4.42258e-83	0.590571	0.00876653	0.00684812	0.002149	0.391665
Cell_499	8.34649e-79	1.44382e-20	1	8.83253e-22	2.77148e-22	5.05115e-20
Cell_500	3.73572e-19	0.382609	0.0132166	0.0105429	0.00323993	0.590392
Cell_501	0.99761	0.00153763	1.85444e-05	1.4253e-05	4.4717e-06	0.000814964
Cell_502	1.40159e-29	0.489396	0.0109325	0.00855537	0.00268	0.488436
Cell_503	1.79167e-76	6.39686e-25	2.5568e-25	1	6.26775e-26	1.14233e-23
Cell_504	1.67573e-33	1.89324e-07	1.05681e-08	0.999999	3.20085e-09	4.72159e-07
Cell_505	1.06843e-15	0.897162	0.00220184	0.00172661	0.000539763	0.09837
Cell_506	3.35976e-32	0.601933	0.00852319	0.00666548	0.00208939	0.380789
Cell_507	2.04463e-77	1.94051e-13	1.8874e-13	1	4.62678e-14	8.43249e-12
Cell_508	1.88427e-47	8.9288e-17	6.31377e-18	1	1.54776e-18	2.82085e-16
Cell_509	4.63243e-30	0.74473	0.00566147	0.00426868	0.00139315	0.243946
Cell_510	0.997854	0.00143516	1.52265e-05	1.18986e-05	3.73272e-06	0.000680286
Cell_511	3.16775e-36	1.22154e-17	4.34557e-19	1	1.06528e-19	1.94152e-17
Cell_512	6.46112e-46	0.343698	0.0345868	0.0106301	0.00333463	0.60775
Cell_513	3.03931e-40	0.0385954	0.0139292	0.321753	0.00341462	0.622307
Cell_514	7.45413e-22	0.234865	0.0163824	0.0128052	0.00401599	0.731931
Cell_515	0.997955	0.00133984	1.5107e-05	1.18033e-05	3.70335e-06	0.000674951
Cell_516	2.52972e-40	0.291139	0.0137478	0.0831123	0.00333963	0.608661
Cell_517	1.01581e-28	0.23835	0.0163081	0.0127393	0.00399778	0.728605
Cell_518	0.997954	0.00133953	1.51287e-05	1.18201e-05	3.70867e-06	0.00067592
Cell_519	5.83451e-18	0.586116	0.00886386	0.00693422	0.00217236	0.395913
Cell_520	2.00136e-20	0.0938628	0.00118767	0.851728	0.000291226	0.05293
Cell_521	6.56673e-120	4.54914e-13	1.32143e-14	1	3.24015e-15	5.90381e-13
Cell_522	2.79629e-18	0.689505	0.00664809	0.00519331	0.00162972	0.297024
Cell_523	2.09594e-22	0.594786	0.00868016	0.00678224	0.00212805	0.387623
Cell_524	5.16335e-19	0.000452487	3.14237e-05	0.998104	7.70298e-06	0.0014039
Cell_525	3.25115e-38	0.205615	0.0170085	0.0132993	0.00416949	0.759908
Cell_526	4.1927e-19	0.132308	0.0185877	0.0148484	0.00455672	0.8297
Cell_527	4.62891e-55	0.655068	0.00738543	0.00577016	0.00181047	0.329966
Cell_528	7.539e-28	0.000252844	1.81385e-05	0.998914	4.44616e-06	0.000810313
Cell_529	7.11446e-14	0.741331	0.00553833	0.00433349	0.00135767	0.24744
Cell_530	0.998246	0.00142941	6.94655e-06	5.44235e-06	1.70288e-06	0.000310357
Cell_531	0.996387	0.00133815	4.87061e-05	3.80509e-05	1.19406e-05	0.00217609
Cell_532	1.25768e-54	0.000175632	0.999198	1.0728e-05	3.36032e-06	0.000612423
Cell_533	9.42477e-91	3.40511e-13	8.40816e-15	6.85091e-15	1	3.75646e-13
Cell_534	6.76308e-51	0.339594	0.0141402	0.011046	0.00346633	0.631753
Cell_535	7.04302e-22	0.732414	0.00572933	0.00447641	0.00140449	0.255975
Cell_536	3.91951e-55	1.01179e-05	0.999829	2.74973e-06	8.62803e-07	0.00015725
Cell_537	8.04755e-39	0.556958	0.0094861	0.00741016	0.00232543	0.42382
Cell_538	1.59918e-67	0.041753	0.0216595	0.016008	0.00502352	0.915556
Cell_539	1.00393e-33	0.303917	0.074475	0.0189685	0.00328854	0.599351
Cell_540	2.75553e-06	0.230242	0.0164785	0.0130585	0.00422303	0.735995
Cell_541	1.02803e-46	0.0667901	0.0199809	0.0156258	0.00489813	0.892705
Cell_542	2.50354e-41	0.0050286	0.000193169	0.9861	4.73535e-05	0.0086304
Cell_543	3.24719e-44	0.106044	0.00198362	0.802861	0.000486267	0.0886245
Cell_544	1.07539e-20	0.680615	0.00683843	0.00534262	0.00167659	0.305527
Cell_545	3.59258e-51	0.433389	0.012132	0.00951312	0.00297407	0.541991
Cell_546	2.66105e-23	0.513718	0.010411	0.00817815	0.00255258	0.46514
Cell_547	2.37073e-63	0.0064355	0.988148	9.32435e-05	2.90485e-05	0.00529421
Cell_548	9.79451e-20	0.147543	0.0182506	0.0143855	0.00447399	0.815347
Cell_549	1.01028e-43	0.559922	0.00942296	0.0073614	0.00230997	0.420984
Cell_550	3.25062e-103	0.0934347	0.0194108	0.0151638	0.00475836	0.867232
Cell_551	2.87589e-25	0.0102625	0.960812	0.000497704	0.000155206	0.0282726
Cell_552	0.9978	0.00145461	1.59551e-05	1.2483e-05	3.91081e-06	0.000712738
Cell_553	1.7468e-31	0.770969	0.00490346	0.00384872	0.00120204	0.219076
Cell_554	6.63797e-47	0.000875498	3.50591e-05	0.997514	8.59473e-06	0.00156637
Cell_555	4.66029e-27	0.264379	0.0157522	0.0123246	0.0038616	0.703683
Cell_556	1.42445e-56	8.61577e-07	0.999997	3.88689e-08	1.15332e-08	2.10196e-06
Cell_557	0.000163997	0.656304	0.00735546	0.00574583	0.00180313	0.328627
Cell_558	5.8028e-69	1.46437e-06	4.26881e-08	0.999997	1.04646e-08	1.90721e-06
Cell_559	7.22723e-26	0.508729	0.0105187	0.0082169	0.00257858	0.469957
Cell_560	2.15684e-20	0.0843569	0.135557	0.0140089	0.00426086	0.761816
