cell	Node 0	Node 1	Node 2	Node 3	Node 4	Node 5	Node 6	Node 7
Cell_0	8.51558e-46	1.64714e-40	4.73641e-11	1.61458e-12	1.33549e-11	1	8.70906e-39	1.61694e-12
Cell_1	1.77196e-30	5.3001e-30	3.57786e-11	1.03643e-12	8.57274e-12	1	3.84031e-34	1.2214e-12
Cell_2	1.12828e-40	2.61914e-29	0.697438	0.0167548	0.138582	0.00168905	1.60302e-18	0.145536
Cell_3	1.03388e-30	2.23485e-30	0.00013584	3.21481e-05	0.00026591	2.48095e-06	9.95192e-27	0.999564
Cell_4	9.31674e-12	3.33563e-07	5.80583e-06	9.66063e-07	7.9907e-06	7.72065e-08	8.64e-12	0.999985
Cell_5	1.1211e-34	5.95697e-25	3.32026e-10	6.70868e-11	5.54904e-10	1	1.06158e-25	1.13519e-11
Cell_6	1.47427e-84	4.12273e-75	6.01503e-08	0.000491338	1.05827e-07	0.999508	1.7158e-62	2.05345e-09
Cell_7	1.33369e-45	2.7676e-42	0.432541	0.0591209	0.489014	0.00455789	5.83793e-17	0.014766
Cell_8	7.57892e-84	1.22709e-78	2.14129e-12	4.7115e-13	3.89708e-12	1	3.8814e-68	7.30992e-14
Cell_9	1.98499e-26	2.51708e-23	1.23016e-05	6.80995e-06	5.6268e-05	5.21316e-07	1.98364e-27	0.999924
Cell_10	5.0811e-56	7.06146e-51	0.254425	0.0788317	0.652051	0.00600681	1.09328e-54	0.00868549
Cell_11	1.81968e-43	1.68375e-39	0.0851395	0.0975504	0.806866	0.00753676	8.26464e-27	0.00290765
Cell_12	1.07417e-28	5.13881e-28	0.000734939	0.000238413	0.00197197	0.99703	6.71558e-09	2.51031e-05
Cell_13	5.39482e-54	1.23934e-45	0.00118276	0.000234564	0.00194018	1.7883e-05	2.684e-39	0.996625
Cell_14	5.21933e-27	3.43326e-26	0.160943	0.0891431	0.737333	0.00708541	3.93417e-20	0.00549539
Cell_15	1.77882e-26	2.66594e-21	0.01047	0.00298342	0.0246771	0.961512	1.88981e-10	0.000357423
Cell_16	1.33744e-23	3.57936e-23	0.561665	0.0448414	0.370901	0.00341736	6.92198e-28	0.019176
Cell_17	3.83628e-44	5.65247e-39	0.168544	0.0883341	0.730637	0.00673184	4.04841e-24	0.00575371
Cell_18	1.96437e-38	5.28142e-33	0.566499	0.0443059	0.366474	0.00338199	8.48902e-23	0.0193396
Cell_19	5.62292e-53	9.27682e-45	1.17103e-27	4.1278e-28	3.41425e-27	1	7.25171e-40	3.99835e-29
Cell_20	4.0023e-37	8.86055e-31	0.493311	0.0524034	0.433451	0.00399314	5.46828e-24	0.0168413
Cell_21	1.5949e-37	2.75452e-27	3.04694e-08	3.14373e-09	2.60031e-08	1	1.46397e-25	1.04017e-09
Cell_22	2.96051e-41	1.59956e-29	3.74032e-06	0.929185	8.0005e-06	0.0708032	8.26589e-30	1.27706e-07
Cell_23	5.43122e-07	0.982908	0.00408445	0.00136004	0.0112495	0.000112394	0.000145525	0.000139435
Cell_24	8.55862e-23	8.60653e-13	0.624856	0.0378503	0.313076	0.00288596	5.20304e-12	0.021332
Cell_25	3.54219e-35	5.31424e-22	0.395683	0.0632042	0.522789	0.00481624	1.18465e-16	0.0135077
Cell_26	1.11678e-43	6.42913e-33	3.42243e-06	0.114395	1.14738e-06	0.8856	1.02617e-36	1.16835e-07
Cell_27	3.26192e-22	6.7064e-21	0.260841	0.0773204	0.632416	0.00657189	7.26006e-18	0.0228511
Cell_28	9.9199e-30	2.51394e-28	0.342504	0.00144329	0.011938	0.632415	1.73981e-20	0.0116998
Cell_29	4.93014e-31	1.83715e-30	3.6882e-10	5.81494e-10	9.43654e-11	4.43109e-11	7.64007e-29	1
Cell_30	1.27757e-32	4.81982e-25	0.0258437	0.0069772	0.0577066	0.902272	4.10561e-17	0.00720032
Cell_31	1.3005e-29	2.35372e-23	0.287327	0.0751885	0.621916	0.00575977	1.25754e-13	0.00980872
Cell_32	1.49684e-25	5.01405e-23	0.000161941	5.45555e-05	0.000450908	0.999327	7.51909e-18	5.54369e-06
Cell_33	6.74673e-36	2.87007e-31	4.98892e-06	3.62195e-08	2.99587e-07	0.999995	4.54607e-22	1.70324e-07
Cell_34	5.55259e-52	1.46375e-49	5.37075e-19	0.929192	3.50276e-19	0.0708079	2.61474e-47	1.83346e-20
Cell_35	1.53045e-33	1.46699e-24	0.217058	0.0813696	0.673024	0.0203187	1.83937e-20	0.00822919
Cell_36	1.96795e-42	8.08453e-42	0.503183	0.051311	0.424416	0.00391062	4.22221e-20	0.0171794
Cell_37	8.00596e-62	4.93711e-46	0.604841	0.0315925	0.261307	0.00244022	8.16545e-26	0.0998193
Cell_38	1.95193e-50	3.8667e-49	2.68173e-09	5.87962e-10	4.86329e-09	1	1.42667e-35	9.15484e-11
Cell_39	7.99847e-34	1.50009e-29	0.0782819	0.0983185	0.813235	0.00749231	1.43232e-19	0.00267237
Cell_40	3.42782e-59	3.69961e-49	0.612887	0.0391742	0.324026	0.00298896	1.62796e-49	0.0209231
Cell_41	2.02084e-69	6.80262e-59	0.209474	0.0838046	0.693184	0.00638689	7.29482e-27	0.00715107
Cell_42	9.40529e-65	9.74485e-58	0.3982	0.0629258	0.520485	0.00479577	1.11719e-26	0.0135937
Cell_43	7.9766e-19	1.27746e-17	0.131936	0.0422309	0.349306	0.0907754	3.98577e-15	0.385751
Cell_44	3.22155e-51	4.09159e-44	1.79151e-10	0.865832	9.75913e-11	0.134168	7.03352e-45	6.11583e-12
Cell_45	7.06347e-115	1.39925e-113	0.210338	0.0837091	0.692394	0.00637843	2.53231e-44	0.00718046
Cell_46	2.7802e-12	4.15798e-09	0.374391	0.0655445	0.541992	0.00520971	1.6878e-10	0.012862
Cell_47	8.3228e-56	2.12838e-46	0.123338	0.0933315	0.771985	0.0071354	8.62462e-48	0.00421049
Cell_48	1.3381e-47	6.94292e-42	0.853765	0.0120454	0.0996325	0.00541083	1.89975e-28	0.0291458
Cell_49	1.61334e-33	8.33398e-33	0.29271	0.0745902	0.61696	0.00574525	1.54552e-24	0.00999534
Cell_50	1.78506e-30	6.27799e-25	0.477894	0.0541087	0.447557	0.00412689	1.18456e-17	0.0163142
Cell_51	8.00764e-38	9.77482e-33	1.01138e-05	7.01459e-07	5.80179e-06	0.999983	8.87252e-20	3.45706e-07
Cell_52	7.70833e-51	1.49372e-44	0.423278	0.495255	0.0292781	0.0377397	5.31441e-28	0.01445
Cell_53	1.84214e-66	2.36404e-64	0.47295	0.054656	0.452084	0.00416476	2.8661e-50	0.0161459
Cell_54	9.29364e-57	1.39747e-49	0.0757475	0.0985996	0.815532	0.0075354	1.05587e-21	0.00258585
Cell_55	4.69457e-44	8.95312e-38	0.171325	0.0787455	0.651338	0.0927429	1.28794e-23	0.00584865
Cell_56	2.18391e-27	5.07873e-18	0.270639	0.0770203	0.637068	0.00603336	1.13056e-10	0.00923905
Cell_57	2.1092e-41	1.11124e-29	0.102294	0.0956621	0.791262	0.00728974	1.40919e-21	0.00349213
Cell_58	4.70656e-13	0.813164	0.0478061	0.0146908	0.121513	0.00115	4.39718e-05	0.00163201
Cell_59	6.05959e-56	2.42564e-52	0.26253	0.0779349	0.644633	0.00593915	3.1093e-49	0.0089622
Cell_60	2.1751e-19	0.98483	0.0129511	0.000188047	0.00155542	1.43289e-05	1.85299e-05	0.000442123
Cell_61	5.5855e-40	3.5855e-36	0.0392996	0.0197171	0.162876	0.776727	8.78583e-27	0.00138069
Cell_62	6.15775e-63	5.76932e-51	0.163531	0.0856821	0.708602	0.0365835	2.71955e-49	0.00560226
Cell_63	9.8438e-78	1.26786e-71	2.98674e-19	3.90677e-21	3.23146e-20	2.97787e-22	3.45507e-49	1
Cell_64	2.23293e-44	4.92416e-41	0.00263868	0.000110574	0.000914603	0.000520766	1.02567e-31	0.995815
Cell_65	1.43591e-102	4.14455e-92	0.241898	0.0169682	0.140351	0.592525	2.66397e-79	0.00825786
Cell_66	4.49614e-30	1.33067e-24	0.449217	0.0572817	0.473801	0.00436474	4.81385e-24	0.0153353
Cell_67	6.45903e-50	1.4286e-49	0.297664	0.0740481	0.612484	0.00564261	7.86213e-29	0.0101616
Cell_68	1.19623e-55	4.8058e-49	0.278249	0.0761958	0.630248	0.00580792	2.84991e-29	0.00949892
Cell_69	5.97952e-37	5.83818e-26	0.194185	0.0240587	0.199	0.00183359	9.685e-28	0.580923
Cell_70	1.64378e-22	4.2038e-22	0.522974	0.0491213	0.406304	0.00374763	2.00598e-10	0.0178532
Cell_71	9.2263e-42	5.48174e-37	0.511155	0.0361961	0.299394	0.135806	1.10179e-18	0.0174497
Cell_72	1.42429e-66	1.30014e-57	1.35709e-07	1.0019e-08	8.28713e-08	7.63427e-10	1.73412e-35	1
Cell_73	2.72602e-63	5.55907e-61	0.510453	0.0505071	0.417765	0.00384858	7.82021e-42	0.0174261
Cell_74	3.08208e-54	6.1055e-53	0.0797338	0.0981573	0.811901	0.00748622	3.26674e-08	0.00272198
Cell_75	4.52562e-28	9.84855e-28	0.00343001	0.00254737	0.0210698	0.97282	1.55927e-05	0.000117163
Cell_76	4.48914e-44	2.74014e-30	0.425691	0.0570491	0.471878	0.00434712	1.86641e-25	0.0410345
Cell_77	1.75332e-41	2.75932e-39	3.81101e-10	1.5445e-10	1.27753e-09	1	2.59621e-18	1.301e-11
Cell_78	1.70431e-39	2.82518e-30	0.390027	0.0638264	0.527936	0.00486601	2.17911e-28	0.0133445
Cell_79	2.80539e-66	1.69284e-57	2.0663e-11	5.60107e-13	4.63242e-12	4.26811e-14	4.40631e-58	1
Cell_80	9.72826e-79	6.8309e-67	0.431931	0.0593023	0.48949	0.00452973	1.46919e-26	0.0147469
Cell_81	1.42596e-39	1.93094e-28	0.169788	0.0881944	0.729493	0.00672748	7.07821e-24	0.00579628
Cell_82	8.65577e-70	4.34476e-63	1.9146e-09	2.33058e-10	1.92772e-09	1	9.0291e-55	6.53601e-11
Cell_83	9.25276e-55	2.332e-48	1.27256e-06	9.60324e-09	7.94325e-08	0.999944	8.62519e-44	5.50362e-05
Cell_84	1.23177e-11	2.81782e-11	0.277831	0.0762425	0.630631	0.00580993	6.53429e-15	0.0094858
Cell_85	7.11077e-22	2.5665e-18	0.00618376	0.00193226	0.0159824	0.000192089	1.3953e-16	0.975709
Cell_86	1.12888e-38	2.43801e-38	0.441682	0.0581145	0.48069	0.00443531	5.99574e-41	0.0150781
Cell_87	7.44871e-29	6.47065e-28	0.113827	0.094397	0.780679	0.00721084	4.10997e-14	0.00388583
Cell_88	2.68386e-16	9.03464e-13	0.165766	0.0817409	0.676107	0.0631108	0.00761538	0.00565996
Cell_89	9.69716e-14	2.30454e-13	0.120571	0.0937159	0.774322	0.0072184	5.25087e-05	0.00412014
Cell_90	1.0822e-24	2.5648e-22	0.761398	0.0227416	0.188105	0.00176175	1.00681e-22	0.0259929
Cell_91	1.32939e-44	9.72926e-41	0.508566	0.0507158	0.419492	0.00386448	9.07985e-15	0.0173614
Cell_92	1.20568e-52	2.65224e-40	3.60673e-07	5.43579e-08	4.49617e-07	0.999999	1.16441e-21	1.2313e-08
Cell_93	2.05549e-65	9.24453e-62	4.48113e-11	1.50965e-11	1.24869e-10	1.15987e-12	1.1819e-38	1
Cell_94	4.7797e-37	4.26346e-30	0.236652	0.0794485	0.657143	0.0183312	1.48863e-33	0.00842539
Cell_95	6.64775e-43	7.08971e-33	0.709083	0.0285323	0.236003	0.00217423	8.86914e-15	0.0242079
Cell_96	1.11762e-37	7.29286e-35	0.715098	0.027867	0.2305	0.00212345	3.58208e-19	0.0244118
Cell_97	5.22302e-61	5.26178e-54	3.61099e-15	1.19821e-15	9.9109e-15	1	3.29388e-26	1.23275e-16
Cell_98	1.20393e-58	1.31311e-55	0.00225349	0.00170821	0.0141293	0.000130472	6.16927e-48	0.981778
Cell_99	1.67841e-48	3.18556e-44	0.620103	0.0383764	0.317427	0.00292421	1.16808e-21	0.0211691
Cell_100	2.38441e-51	1.30527e-49	7.0303e-05	8.35843e-07	6.91362e-06	0.99992	1.48332e-37	2.39999e-06
Cell_101	1.35628e-50	4.5759e-50	0.0500368	0.175086	0.720102	0.0133424	1.76518e-54	0.0414324
Cell_102	4.97432e-37	3.29296e-34	0.639844	0.0326028	0.269672	0.0360383	2.11287e-30	0.0218429
Cell_103	2.8768e-08	0.00016058	0.514389	0.0500543	0.414021	0.00381476	7.10115e-09	0.0175601
Cell_104	2.23494e-28	1.67808e-27	0.316297	0.0560971	0.457386	0.144928	3.29862e-28	0.0252924
Cell_105	4.54774e-42	1.1781e-32	0.0622137	0.861084	0.00896201	0.065616	9.80774e-31	0.00212384
Cell_106	9.39973e-53	2.8262e-46	0.261812	0.0780101	0.645255	0.0059854	7.42474e-38	0.0089377
Cell_107	0.107931	0.891097	0.000270711	7.32602e-05	0.000605965	5.61588e-06	7.87717e-06	9.24206e-06
Cell_108	1.65009e-59	3.50588e-57	0.598318	0.0407864	0.337362	0.00310788	7.10001e-32	0.0204253
Cell_109	3.67676e-32	1.42474e-26	0.218322	0.0379991	0.314301	0.36718	1.01189e-10	0.062198
Cell_110	5.02065e-85	2.38357e-70	1.6883e-07	0.929178	2.96678e-07	0.0708219	3.53867e-42	5.76352e-09
Cell_111	4.67305e-39	1.41314e-35	0.24643	0.0797162	0.659367	0.00607423	2.27665e-32	0.00841258
Cell_112	1.01627e-61	1.65246e-49	1.45177e-24	1.04249e-24	8.62285e-24	8.18544e-26	3.64551e-53	1
Cell_113	5.0455e-58	1.60928e-53	8.0791e-12	2.08366e-14	1.72349e-13	1.5877e-15	1.00166e-39	1
Cell_114	2.19461e-76	6.54044e-69	1.69507e-18	1.66904e-19	1.38054e-18	1.27231e-20	1.86734e-59	1
Cell_115	1.10078e-26	8.08019e-24	0.0429641	0.00850155	0.0703088	0.000946336	2.3371e-22	0.877279
Cell_116	1.8293e-53	1.35176e-45	2.29909e-16	2.28946e-16	1.89371e-15	1	1.46318e-29	7.84859e-18
Cell_117	3.81193e-36	1.14172e-23	0.386711	0.0641954	0.530988	0.00490451	3.4836e-28	0.0132015
Cell_118	1.43387e-42	3.46858e-31	0.393052	0.0706881	0.517427	0.00541502	9.01333e-31	0.0134179
Cell_119	1.25889e-62	9.85058e-51	2.13394e-07	0.929186	1.97167e-08	0.0708142	5.30899e-48	7.31772e-09
Cell_120	2.7397e-68	5.42726e-67	5.90564e-05	9.47347e-06	7.83592e-05	0.999851	9.41929e-43	2.01606e-06
Cell_121	4.97436e-70	1.54534e-61	0.333439	0.0700902	0.579746	0.00534163	2.42308e-58	0.0113829
Cell_122	3.6438e-53	3.70948e-40	0.210368	0.0837057	0.692366	0.0063785	6.64123e-42	0.00718151
Cell_123	1.06069e-18	1.34282e-14	0.24641	0.0797143	0.659351	0.00611321	1.62912e-16	0.00841217
Cell_124	3.24106e-26	2.54082e-18	0.267476	0.0773811	0.640051	0.00596022	1.13788e-16	0.00913165
Cell_125	2.41065e-26	1.73848e-25	0.361078	0.0670323	0.554453	0.00510995	5.31998e-26	0.0123268
Cell_126	9.48929e-34	3.21624e-33	0.503446	0.0511835	0.423357	0.00482411	5.02372e-21	0.0171894
Cell_127	9.76952e-35	1.01474e-30	0.000408791	0.000164743	0.00136238	1.32505e-05	3.36338e-23	0.998051
Cell_128	4.10315e-98	8.30826e-94	5.71306e-09	3.81944e-10	3.15923e-09	2.75061e-09	1.08773e-64	1
Cell_129	2.83902e-40	7.59202e-31	0.155002	0.0898308	0.74303	0.00684605	3.87793e-32	0.00529143
Cell_130	9.8689e-45	8.77122e-40	0.0817597	0.097933	0.810046	0.00747056	7.06936e-24	0.0027911
Cell_131	1.92854e-47	5.79337e-41	0.330242	0.0763733	0.314111	0.00581999	8.98939e-44	0.273453
Cell_132	1.29946e-87	2.80654e-87	0.234083	0.0810822	0.670666	0.00617837	2.84714e-49	0.00799107
Cell_133	1.08272e-56	5.21921e-49	1.20602e-13	1.69143e-15	1.39905e-14	1.28909e-16	9.64011e-43	1
Cell_134	2.83991e-09	1.25933e-07	0.314826	0.072147	0.596739	0.00553287	1.64734e-10	0.0107554
Cell_135	2.3846e-39	6.2203e-29	0.444968	0.0577316	0.477523	0.00458657	2.84658e-21	0.0151902
Cell_136	1.3936e-59	4.34174e-50	0.08885	0.0971494	0.803564	0.007403	4.21061e-19	0.00303315
Cell_137	2.29979e-25	4.96927e-25	0.359875	0.0504372	0.417187	0.160215	5.63158e-18	0.0122855
Cell_138	2.51082e-32	9.22316e-27	0.540355	0.15135	0.278315	0.011533	5.75805e-20	0.0184466
Cell_139	0.274255	0.723463	0.000375987	0.000200247	0.00165632	1.52672e-05	2.14738e-05	1.28368e-05
Cell_140	9.73128e-43	2.1055e-42	0.575472	0.0433133	0.358258	0.00330401	2.85436e-27	0.019652
Cell_141	1.88406e-45	4.07263e-45	0.105846	0.0523167	0.432734	0.40549	1.76971e-41	0.00361335
Cell_142	5.66716e-30	1.47784e-26	0.303667	0.0733838	0.606986	0.00559557	1.72059e-23	0.0103678
Cell_143	1.9676e-54	2.47588e-43	0.362813	0.0668406	0.552867	0.0050933	1.29391e-34	0.0123856
Cell_144	8.74925e-35	1.73012e-31	0.149579	0.090429	0.747977	0.00690864	1.54561e-32	0.00510631
Cell_145	1.74301e-38	8.33005e-31	0.267287	0.0767891	0.635155	0.0116439	1.7096e-24	0.00912459
Cell_146	3.13383e-118	1.07851e-112	0.379482	0.0649965	0.537614	0.00495307	1.67814e-54	0.0129547
Cell_147	3.94512e-32	5.89392e-26	0.707059	0.0287563	0.237855	0.0021916	3.86135e-30	0.0241376
Cell_148	4.38394e-62	9.46794e-62	2.72003e-17	6.24026e-18	5.16159e-17	1	4.75021e-45	9.28559e-19
Cell_149	7.0778e-47	1.54772e-37	0.160341	0.089238	0.738126	0.00682215	3.83128e-37	0.00547371
Cell_150	1.01739e-37	1.80597e-29	0.0672872	0.099534	0.823288	0.0075934	5.51801e-24	0.00229704
Cell_151	2.97014e-37	6.44932e-37	0.10237	0.0956535	0.791191	0.00729081	9.55459e-31	0.00349467
Cell_152	1.73146e-44	4.63881e-30	0.0597064	0.0992478	0.82092	0.00756494	0.0105227	0.00203832
Cell_153	1.2442e-19	3.19015e-09	0.411651	0.0614375	0.508175	0.00468322	7.22554e-13	0.0140532
Cell_154	4.56568e-43	8.39802e-42	0.356563	0.0675312	0.558577	0.00515488	8.89682e-35	0.0121732
Cell_155	3.03675e-80	9.94023e-79	4.30182e-14	1.57329e-14	1.30134e-13	1.19895e-15	4.13409e-53	1
Cell_156	3.53932e-56	4.88706e-42	0.214399	0.0832566	0.688651	0.00637425	1.05277e-35	0.00731912
Cell_157	7.66089e-43	1.97461e-42	1.98643e-06	1.6417e-06	1.35792e-05	0.999983	3.21219e-37	6.7813e-08
Cell_158	6.22152e-16	0.997299	0.000407269	0.000242674	0.00200726	1.85112e-05	1.15111e-05	1.39033e-05
Cell_159	1.30467e-47	4.4967e-45	9.75836e-06	5.15193e-06	4.26139e-05	3.92667e-07	1.136e-28	0.999942
Cell_160	2.05035e-53	6.96399e-48	8.34742e-13	1.17167e-14	9.68918e-14	9.31288e-16	9.41797e-48	1
Cell_161	2.77125e-55	3.45845e-45	2.83949e-08	0.929195	2.46145e-07	0.070805	1.18166e-22	9.70305e-10
Cell_162	3.95389e-69	4.93659e-57	0.113088	0.0944682	0.781383	0.00719988	1.41964e-45	0.00386094
Cell_163	4.8901e-17	0.997848	0.000393417	0.000185399	0.00153352	1.42559e-05	1.22775e-05	1.34304e-05
Cell_164	1.42328e-10	0.999378	8.39736e-05	5.65553e-05	0.000467793	4.30972e-06	6.0833e-06	2.86669e-06
Cell_165	1.80747e-49	1.84942e-44	0.00454613	0.0011235	0.00929294	8.57473e-05	3.74228e-46	0.984952
Cell_166	3.05095e-59	6.64336e-59	0.106111	0.0952364	0.787741	0.00728886	3.16208e-56	0.00362239
Cell_167	4.95944e-17	2.07446e-11	0.60676	0.0398514	0.329616	0.00304152	8.63463e-10	0.0207311
Cell_168	1.83861e-60	2.57684e-47	0.540239	0.0471976	0.390391	0.00372942	6.46697e-29	0.0184432
Cell_169	9.59156e-35	1.28672e-29	0.310338	0.0726451	0.600876	0.00554731	1.08305e-29	0.0105943
Cell_170	6.21236e-06	0.991209	0.00559178	0.000316791	0.00262031	3.12009e-05	3.40746e-05	0.000190895
Cell_171	5.94747e-50	5.3593e-38	0.19089	0.0858597	0.710182	0.00655147	7.13909e-32	0.00651664
Cell_172	1.2251e-83	1.91033e-73	1.09961e-10	2.42808e-11	2.00836e-10	1	3.72229e-64	3.75388e-12
Cell_173	2.11071e-52	1.51469e-42	0.429569	0.0594554	0.491781	0.00453057	2.99312e-18	0.0146645
Cell_174	5.985e-89	1.59693e-79	1.94507e-35	1.27084e-36	1.05117e-35	9.6872e-38	1.01779e-68	1
Cell_175	4.58019e-41	1.00923e-36	0.377418	0.0652246	0.539501	0.00497241	1.04358e-28	0.0128842
Cell_176	2.55093e-59	3.68164e-53	0.125236	0.0232867	0.192615	0.00417657	4.47091e-36	0.654687
Cell_177	9.23102e-51	8.55127e-49	0.195754	0.085284	0.705419	0.00685954	4.36203e-18	0.00668295
Cell_178	4.76616e-36	2.66374e-29	0.720023	0.0273221	0.225993	0.00208206	1.13886e-26	0.02458
Cell_179	9.69951e-22	6.97731e-19	2.4102e-09	1.15294e-10	9.5364e-10	8.79661e-12	1.2148e-22	1
Cell_180	3.55008e-41	5.59538e-34	6.99888e-14	0.929193	2.34833e-14	0.0708071	2.02649e-31	2.38961e-15
Cell_181	3.63979e-33	7.76237e-29	3.4074e-08	1.02571e-08	8.48409e-08	7.81585e-10	6.9702e-23	1
Cell_182	5.78014e-54	1.27517e-53	0.419704	0.0605397	0.500749	0.0046773	5.92424e-54	0.0143298
Cell_183	3.15969e-40	4.89465e-36	0.449178	0.0534481	0.442092	0.00413482	3.81226e-30	0.0511469
Cell_184	7.22102e-17	0.998376	0.000323187	0.000136449	0.00112863	1.03974e-05	1.4675e-05	1.1033e-05
Cell_185	1.95889e-21	2.30599e-20	0.10717	0.0951203	0.78678	0.00727164	1.05804e-16	0.00365866
Cell_186	3.1367e-27	5.89968e-21	0.203255	0.0844932	0.698869	0.00644148	1.26911e-19	0.00694097
Cell_187	1.28874e-58	2.55295e-57	8.93003e-34	5.21216e-34	4.3112e-33	1	6.49437e-52	3.04851e-35
Cell_188	1.01099e-71	2.26638e-71	2.7312e-43	0.929181	2.66133e-42	0.0708193	1.35055e-49	9.32376e-45
Cell_189	1.45012e-29	8.16472e-25	0.135027	0.0920406	0.761307	0.00701584	3.35883e-18	0.00460955
Cell_190	7.537e-83	1.41763e-76	5.87038e-29	1.40088e-29	1.15873e-28	1.12083e-30	4.3881e-54	1
Cell_191	5.53664e-54	4.44752e-44	4.64679e-09	9.59575e-10	7.93706e-09	7.3122e-11	6.5313e-47	1
Cell_192	0.0431536	0.854859	0.0755704	0.00254765	0.0210727	0.000196215	2.09426e-05	0.00257981
Cell_193	0.0153784	0.982687	0.000407584	0.000160028	0.00132366	1.21979e-05	1.7106e-05	1.39143e-05
Cell_194	5.25669e-33	1.83052e-32	0.533889	0.0477467	0.394933	0.00520488	3.29151e-10	0.0182263
Cell_195	1.30421e-46	1.70254e-45	0.000179871	2.78017e-06	2.2996e-05	0.998187	8.91901e-42	0.00160772
Cell_196	5.61514e-13	1.77047e-08	3.44461e-05	1.12116e-05	8.62924e-05	9.26531e-07	2.12833e-09	0.999867
Cell_197	1.00694e-37	3.82178e-34	0.192619	0.0856693	0.708608	0.00652784	3.24637e-32	0.0065756
Cell_198	7.4249e-66	8.52739e-56	4.91787e-07	0.742298	2.33284e-07	0.257701	9.65579e-37	1.67907e-08
Cell_199	3.99366e-19	9.89273e-18	0.522342	0.0491906	0.406875	0.00376046	2.00483e-20	0.0178317
Cell_200	1.10623e-58	2.19141e-57	7.84125e-33	1.61664e-33	1.33719e-32	1.23192e-34	1.44787e-55	1
Cell_201	1.049e-25	1.28487e-22	0.315488	0.0720741	0.596156	0.00551132	1.86162e-20	0.0107701
Cell_202	3.76058e-53	5.42454e-48	0.219646	0.0826793	0.683875	0.00630131	1.46424e-16	0.00749843
Cell_203	1.55134e-50	2.05217e-42	0.263856	0.0777884	0.643421	0.0059274	4.47497e-30	0.00900747
Cell_204	1.09539e-67	4.16243e-67	9.83352e-17	6.05852e-18	5.01126e-17	1	5.29736e-61	3.357e-18
Cell_205	2.50647e-63	2.72728e-52	3.2928e-05	1.38028e-05	0.000114169	0.999812	7.73153e-28	2.72656e-05
Cell_206	2.10732e-40	9.11272e-40	0.346064	0.0686931	0.568191	0.00523893	3.59624e-30	0.0118139
Cell_207	4.49796e-72	1.19414e-64	0.577139	0.0431295	0.356743	0.00328637	2.75161e-37	0.0197022
Cell_208	1.5311e-46	1.1805e-42	0.158765	0.0888186	0.73465	0.0123454	3.97518e-34	0.00542113
Cell_209	3.43608e-30	7.66773e-22	0.435266	0.0588248	0.486563	0.0044852	2.27438e-26	0.0148605
Cell_210	1.40242e-19	1.63357e-14	0.270316	0.0770127	0.636994	0.00644594	3.4252e-13	0.00923171
Cell_211	7.58236e-45	7.61902e-40	0.0588429	0.100469	0.831022	0.00765739	1.13867e-24	0.00200877
Cell_212	2.41035e-13	1.06591e-09	9.80295e-11	7.22476e-11	5.97591e-10	5.50518e-12	3.68062e-13	1
Cell_213	2.3304e-50	1.70743e-43	0.349505	0.0668354	0.552321	0.00510971	5.55785e-29	0.0262296
Cell_214	3.01409e-36	6.72606e-28	2.47033e-13	8.01088e-14	6.62611e-13	6.14087e-15	5.39742e-32	1
Cell_215	2.25838e-34	1.43686e-31	9.36701e-06	1.11535e-06	9.22557e-06	8.4988e-08	2.53568e-36	0.99998
Cell_216	1.10503e-46	3.29773e-44	0.0691575	0.168326	0.692297	0.0129545	2.4162e-27	0.0572651
Cell_217	2.09024e-95	6.8053e-83	1.69894e-28	6.64595e-29	5.49715e-28	1	3.8542e-60	5.79979e-30
Cell_218	1.38312e-51	2.73992e-50	0.699983	0.0295391	0.244331	0.00225105	2.71832e-48	0.0238962
Cell_219	2.33796e-41	3.41329e-35	0.199713	0.0848843	0.702114	0.00647086	6.04416e-20	0.0068178
Cell_220	1.84454e-36	1.26665e-31	0.198112	0.0850605	0.703572	0.00649244	4.33717e-34	0.00676314
Cell_221	7.50735e-39	2.51744e-33	0.173783	0.0877502	0.725818	0.00671561	2.57892e-37	0.00593297
Cell_222	1.65704e-65	1.02457e-46	1.35265e-14	5.56395e-15	4.60218e-14	1	1.36254e-29	4.86616e-16
Cell_223	6.42885e-44	2.41841e-36	0.511743	0.0485144	0.401283	0.0206886	2.68024e-29	0.0177708
Cell_224	2.22416e-53	3.72912e-49	3.15946e-16	1.32715e-16	1.09774e-15	1.01127e-17	1.00962e-44	1
Cell_225	1.40491e-51	7.97832e-45	2.95608e-13	1.87853e-13	1.55382e-12	1	3.57028e-41	1.00914e-14
Cell_226	3.61051e-39	1.17081e-32	0.156565	0.0896582	0.741598	0.0068342	1.06667e-17	0.00534482
Cell_227	1.69409e-78	1.14209e-77	0.724346	0.0268424	0.222025	0.00205472	2.93301e-38	0.0247316
Cell_228	2.11271e-29	1.90125e-20	0.00187639	0.000261289	0.00216119	0.995633	1.54001e-15	6.85225e-05
Cell_229	7.01544e-55	2.09175e-53	0.524149	0.0487951	0.403604	0.005557	5.13487e-28	0.0178944
Cell_230	3.94898e-28	3.57951e-27	2.63395e-06	1.70718e-07	1.41208e-06	1.30364e-08	6.40087e-23	0.999996
Cell_231	8.25641e-77	1.63557e-75	9.30956e-40	2.31116e-40	1.91163e-39	1.7724e-41	3.13128e-73	1
Cell_232	5.20817e-64	2.17319e-60	0.0784528	0.0982993	0.813075	0.00749424	1.02502e-07	0.00267821
Cell_233	2.04246e-21	1.62614e-20	0.193605	0.0855542	0.707656	0.00652951	4.35427e-25	0.00665544
Cell_234	2.36598e-47	1.00116e-42	0.197867	0.085083	0.703758	0.00653697	2.70281e-26	0.00675475
Cell_235	8.22813e-35	1.31341e-27	0.100744	0.0958345	0.792671	0.00730959	9.73316e-23	0.00344086
Cell_236	9.10291e-36	6.70494e-35	0.12216	0.0934656	0.77308	0.00712441	2.58295e-26	0.00417027
Cell_237	9.47077e-63	8.22251e-55	0.225009	0.0818517	0.67661	0.0065697	7.53469e-40	0.00996036
Cell_238	3.42023e-34	5.29873e-28	0.00356966	9.29275e-05	0.00076862	3.61469e-05	6.30755e-18	0.995533
Cell_239	3.55701e-51	9.37429e-41	0.00140325	0.00114219	0.00944746	8.7586e-05	4.25999e-23	0.98792
Cell_240	1.67927e-72	1.23528e-64	1.56684e-06	2.05039e-07	1.69596e-06	0.999996	8.5406e-45	5.34886e-08
Cell_241	1.24837e-84	3.09264e-78	0.101359	0.0957655	0.792117	0.00729852	2.36597e-41	0.00346017
Cell_242	7.86154e-42	5.20379e-40	0.00243475	0.000674675	0.00558052	0.991227	1.13025e-25	8.33287e-05
Cell_243	1.17645e-46	7.25088e-42	9.72818e-09	1.01842e-09	8.42365e-09	7.78756e-11	8.79205e-30	1
Cell_244	5.27351e-24	2.81337e-14	0.221295	0.0824373	0.681159	0.00681264	0.000598063	0.00769816
Cell_245	5.58084e-32	1.48734e-22	0.678883	0.0318729	0.263634	0.002434	2.09184e-08	0.0231756
Cell_246	5.20866e-11	1.14396e-10	0.216944	0.116285	0.478264	0.00886821	2.50651e-14	0.179638
Cell_247	2.58847e-49	6.0132e-45	0.334434	0.0699802	0.578836	0.00533343	5.00895e-36	0.011417
Cell_248	0.299744	0.699701	3.35774e-05	5.50266e-05	0.000455148	4.19942e-06	5.918e-06	1.55529e-06
Cell_249	6.26194e-26	4.18979e-21	0.296185	0.0749988	0.612019	0.00667125	9.12569e-23	0.0101252
Cell_250	1.23149e-45	4.67855e-34	0.719856	0.0273406	0.226146	0.00208332	3.60806e-20	0.0245743
Cell_251	3.40154e-43	6.86116e-41	0.162693	0.0889791	0.735982	0.00679153	1.71992e-19	0.00555444
Cell_252	2.55116e-57	6.88067e-51	0.376858	0.0652868	0.540015	0.0049747	3.51637e-44	0.0128651
Cell_253	1.61631e-61	4.8084e-53	1.17271e-25	2.09031e-26	1.72898e-25	1.60484e-27	1.96365e-50	1
Cell_254	6.14174e-102	1.21666e-100	0.517717	0.0497034	0.411119	0.00378742	8.95192e-42	0.0176737
Cell_255	4.31036e-75	5.60489e-57	0.482938	0.0535497	0.442932	0.00409358	1.57971e-09	0.0164864
Cell_256	4.05608e-43	2.56053e-36	0.800869	0.0184059	0.151983	0.00140278	1.93518e-34	0.02734
Cell_257	2.16087e-81	2.01216e-70	2.7424e-45	0.928633	1.93215e-45	0.0713673	5.90884e-66	9.36198e-47
Cell_258	1.00003e-39	8.95989e-34	0.131504	0.0924301	0.764529	0.0070477	4.43546e-25	0.00448932
Cell_259	9.10492e-75	6.60345e-65	0.0972993	0.0961989	0.795702	0.00747777	9.52471e-38	0.00332164
Cell_260	1.1423e-13	0.037018	0.151885	0.0862148	0.713119	0.00657634	8.59206e-07	0.00518526
Cell_261	4.63024e-61	6.71614e-42	0.549057	0.0462354	0.382433	0.00353176	8.31669e-25	0.0187437
Cell_262	2.60992e-27	3.42518e-21	0.280073	0.0759877	0.628448	0.0059067	1.09383e-23	0.00958508
Cell_263	3.00813e-22	3.43192e-19	0.259304	0.0775295	0.641012	0.0132201	4.63221e-16	0.00893423
Cell_264	1.19823e-61	3.16964e-46	0.261047	0.0780992	0.64599	0.00595191	6.01718e-35	0.00891216
Cell_265	5.17141e-32	1.05638e-30	0.00308926	0.923925	0.00189435	0.0709856	1.18459e-16	0.000105574
Cell_266	3.65817e-40	1.12522e-27	0.253511	0.0784365	0.648782	0.0106164	1.09838e-31	0.00865441
Cell_267	1.88203e-50	2.65511e-41	0.393381	0.0583207	0.482395	0.0524739	3.01213e-22	0.0134293
Cell_268	3.43696e-20	1.08864e-19	0.203742	0.0865548	0.695625	0.0070144	3.15178e-24	0.00706417
Cell_269	2.42253e-24	1.00879e-23	0.120873	0.0935974	0.774179	0.00722317	7.5792e-19	0.00412697
Cell_270	1.76431e-37	1.29932e-29	1.38035e-05	1.37276e-06	1.13547e-05	0.999973	3.12959e-26	4.71225e-07
Cell_271	7.28228e-20	1.44259e-18	0.0230529	0.00413797	0.0342269	0.937795	2.58059e-17	0.000787002
Cell_272	2.17976e-28	7.22752e-24	0.614636	0.0391545	0.322238	0.00298455	1.6246e-24	0.0209871
Cell_273	5.80388e-67	8.18839e-60	2.4786e-08	0.929196	5.92395e-08	0.0708041	9.30287e-37	8.46141e-10
Cell_274	2.67828e-10	1.18455e-09	0.0804619	0.0980691	0.811153	0.00756826	2.83052e-14	0.00274822
Cell_275	1.92912e-37	4.4649e-31	0.133087	0.0922019	0.762408	0.00772883	5.72052e-23	0.00457431
Cell_276	3.21521e-14	0.993837	0.00226613	0.000403966	0.00334137	3.07868e-05	4.31027e-05	7.73608e-05
Cell_277	2.25877e-25	4.47456e-24	0.537806	0.0474782	0.392711	0.00364273	5.71765e-16	0.0183618
Cell_278	1.09376e-48	1.57243e-37	0.637621	0.0364381	0.301395	0.00277886	2.10836e-23	0.0217674
Cell_279	2.28369e-53	4.19298e-45	0.133777	0.0911178	0.753665	0.0168717	1.53259e-35	0.0045681
Cell_280	2.27319e-41	2.87886e-30	0.0248514	0.000880006	0.00727891	7.06472e-05	4.3395e-26	0.966919
Cell_281	2.16751e-66	1.28512e-56	0.340696	0.0692857	0.573091	0.00529657	3.4374e-51	0.0116311
Cell_282	3.93186e-50	2.62717e-49	1.86036e-14	1.69498e-15	1.40199e-14	1.29155e-16	1.69557e-34	1
Cell_283	1.62566e-70	8.3767e-57	0.124998	0.0931503	0.770486	0.00709839	4.34491e-44	0.00426716
Cell_284	5.64672e-54	7.87676e-44	0.727547	0.0264897	0.219107	0.00201849	8.15164e-30	0.024837
Cell_285	2.95147e-23	2.23142e-15	0.00677757	0.00268812	0.0161367	0.974166	2.09953e-13	0.000231477
Cell_286	1.58593e-54	6.98259e-45	0.0016758	0.000315599	0.00261045	0.000192527	1.86893e-29	0.995206
Cell_287	2.94764e-55	1.22225e-51	1.05635e-27	1.89937e-28	1.57105e-27	1.44736e-29	5.21999e-56	1
Cell_288	4.28819e-26	8.49476e-25	0.130212	0.0925731	0.765712	0.0070577	1.29638e-12	0.0044452
Cell_289	2.88338e-16	5.71188e-15	0.477578	0.054142	0.447831	0.0041406	1.60671e-07	0.0163081
Cell_290	9.32091e-59	7.33163e-53	0.175205	0.0397632	0.328898	0.450153	5.62195e-42	0.0059811
Cell_291	4.5887e-16	1.32181e-15	0.20083	0.0847598	0.701085	0.00646949	1.00545e-18	0.00685594
Cell_292	1.68652e-48	1.36194e-38	0.527867	0.0485734	0.401771	0.00376824	2.15484e-28	0.0180205
Cell_293	4.75238e-61	9.4143e-60	2.03966e-29	2.05122e-30	1.69665e-29	1	1.03778e-35	6.96295e-31
Cell_294	1.39488e-14	1.05788e-08	0.672943	0.0325236	0.268951	0.00248383	1.10982e-12	0.0230978
Cell_295	3.62255e-75	7.17615e-74	6.85771e-14	0.929194	7.73415e-14	0.0708056	9.03728e-47	2.34107e-15
Cell_296	1.82613e-27	6.45945e-18	3.21104e-05	3.21065e-06	2.65567e-05	2.44672e-07	2.95242e-22	0.999938
Cell_297	2.56868e-44	2.99262e-35	6.534e-05	0.453938	0.000113201	0.545882	2.14899e-30	2.23056e-06
Cell_298	9.09143e-34	7.13873e-33	0.100835	0.0117584	0.0972582	0.00139247	2.48881e-27	0.788756
Cell_299	1.36661e-62	6.22522e-57	6.25262e-23	3.54584e-23	2.93292e-22	2.70184e-24	4.63485e-48	1
Cell_300	1.15544e-59	2.4308e-49	0.672296	0.0326022	0.269666	0.00248468	4.77154e-35	0.0229507
Cell_301	1.9327e-86	6.60549e-83	6.1679e-17	2.07296e-17	1.7146e-16	1	4.79762e-40	2.10841e-18
Cell_302	0.29576	0.692789	0.0101877	9.68559e-05	0.000801137	7.3922e-06	1.04193e-05	0.000347785
Cell_303	2.94664e-39	1.58184e-37	0.882347	0.00936373	0.0774513	0.000715192	2.01569e-24	0.0301224
Cell_304	7.31564e-13	3.07215e-12	0.00204877	0.000778481	0.00636757	0.00110264	1.33636e-10	0.989703
Cell_305	4.72095e-54	1.03003e-35	0.137482	0.0917684	0.759056	0.00700032	2.91707e-26	0.00469332
Cell_306	4.44262e-46	7.23244e-43	0.158492	0.0894363	0.739766	0.00689505	4.03588e-23	0.00541073
Cell_307	3.73898e-32	3.09765e-28	0.125189	0.0930835	0.769929	0.00752381	1.30518e-28	0.00427414
Cell_308	7.40649e-40	1.07379e-34	6.80658e-06	2.8404e-06	2.34941e-05	0.999967	2.17087e-31	2.32402e-07
Cell_309	4.40994e-55	4.19573e-44	4.74824e-08	6.32544e-09	5.23204e-08	4.85314e-10	4.70838e-35	1
Cell_310	7.86819e-73	1.47472e-68	0.0106616	0.900535	0.0198164	0.0686234	1.32596e-55	0.000363965
Cell_311	2.5451e-46	1.13803e-42	0.00700896	0.00546439	0.0451983	0.000417102	3.9141e-20	0.941911
Cell_312	1.72479e-22	3.66857e-15	0.0940612	0.0273743	0.226423	0.64893	1.3753e-08	0.00321139
Cell_313	3.23797e-23	6.62489e-22	0.00142348	0.000933527	0.0077216	7.11361e-05	3.71977e-16	0.98985
Cell_314	1.78886e-71	3.86395e-71	0.944041	0.00253873	0.020999	0.000193458	2.54404e-42	0.0322275
Cell_315	2.19707e-31	4.77191e-31	0.000157816	3.75285e-05	0.000310414	0.999489	3.79312e-35	5.38754e-06
Cell_316	1.67921e-53	1.2364e-47	1.1696e-12	4.82937e-13	3.99458e-12	1	2.10862e-46	3.99281e-14
Cell_317	6.67965e-26	6.38265e-20	3.33481e-05	0.000239033	0.000103398	0.999622	9.91595e-19	1.88755e-06
Cell_318	1.84084e-38	9.3498e-31	0.735095	0.0137938	0.114091	0.00107029	2.06611e-21	0.13595
Cell_319	2.77023e-42	6.8578e-41	1.02472e-09	3.44129e-10	2.84644e-09	1	9.72204e-45	3.49825e-11
Cell_320	3.39424e-65	5.05793e-57	0.197445	0.0851352	0.70419	0.0064895	2.00865e-58	0.00674045
Cell_321	8.4326e-119	7.26591e-116	5.71882e-13	7.70038e-14	6.3693e-13	5.86752e-15	1.17717e-86	1
Cell_322	1.4206e-53	1.82135e-50	3.33533e-12	1.07591e-13	8.89933e-13	8.19946e-15	4.90787e-42	1
Cell_323	1.22578e-51	2.42823e-50	0.345725	0.068731	0.568504	0.0052377	5.4837e-37	0.0118023
Cell_324	4.08933e-76	8.84621e-76	2.74678e-31	1.33209e-31	1.10183e-30	1.01508e-32	3.62134e-71	1
Cell_325	1.90591e-26	1.80807e-17	0.104577	0.0954072	0.789153	0.00729229	8.56245e-22	0.00357004
Cell_326	7.50367e-10	0.995651	0.0033445	9.42065e-05	0.000779222	7.18037e-06	1.01343e-05	0.000114175
Cell_327	1.80602e-26	3.75523e-22	0.639684	0.0361979	0.299409	0.00287155	7.555e-17	0.0218374
Cell_328	8.31524e-128	1.07077e-119	3.34219e-30	1.13472e-30	9.38577e-30	1	1.01448e-60	1.14095e-31
Cell_329	2.95121e-21	4.6445e-20	0.415056	0.0236196	0.194758	0.00242567	7.14116e-20	0.364141
Cell_330	1.64439e-40	1.19332e-33	1.06418e-10	5.56484e-12	4.60292e-11	1	9.44908e-30	3.63287e-12
Cell_331	1.24839e-47	7.3481e-44	4.12219e-17	2.11953e-17	1.75315e-16	1	4.84478e-42	1.40722e-18
Cell_332	1.24765e-59	2.69767e-59	4.83079e-36	0.929074	7.12031e-36	0.0709256	4.18878e-56	1.64913e-37
Cell_333	1.63664e-17	3.57049e-10	0.284116	0.0753747	0.623369	0.00610837	1.06999e-07	0.011032
Cell_334	9.12308e-49	1.61094e-40	4.01742e-17	2.73686e-18	2.26377e-17	2.08637e-19	1.61336e-37	1
Cell_335	3.41889e-64	4.36994e-60	0.746721	0.0243684	0.201561	0.00185784	9.12328e-29	0.0254914
Cell_336	3.65313e-65	4.84693e-51	0.314786	0.0721537	0.596811	0.00550318	4.94493e-35	0.0107462
Cell_337	6.66676e-54	1.06628e-51	0.250642	0.0109088	0.0902311	0.639662	1.19917e-43	0.00855636
Cell_338	1.66399e-58	3.29631e-57	0.166669	0.088536	0.732319	0.00678687	8.34496e-15	0.00568991
Cell_339	2.11601e-31	1.10411e-24	0.180593	0.0197893	0.163686	0.188525	1.75704e-22	0.447407
Cell_340	2.55183e-102	2.27309e-89	0.140647	0.0914185	0.756162	0.00697036	5.0952e-49	0.00480208
Cell_341	1.55853e-17	1.01873e-14	0.0282554	0.00949708	0.0785529	0.000741464	5.6847e-08	0.882953
Cell_342	7.88906e-30	9.7927e-28	2.89775e-07	5.43579e-08	4.49616e-07	0.999999	3.8648e-27	9.89297e-09
Cell_343	0.0783325	0.911889	0.0016239	0.000858247	0.00709882	6.73882e-05	7.49683e-05	5.54533e-05
Cell_344	4.65642e-63	9.22421e-62	6.8084e-07	3.04368e-08	2.51756e-07	0.999999	2.99944e-52	2.32424e-08
Cell_345	8.66473e-50	8.76363e-43	0.443897	0.0578697	0.478665	0.00441464	9.31446e-35	0.0151537
Cell_346	5.75335e-05	0.990494	0.00572638	0.000372993	0.00308519	2.84229e-05	4.01149e-05	0.000195486
Cell_347	1.22975e-19	2.069e-16	0.216869	0.0828845	0.685477	0.0073428	2.45983e-20	0.00742666
Cell_348	2.75438e-52	1.10357e-49	0.343182	0.0690124	0.570831	0.00525864	9.84268e-41	0.0117155
Cell_349	1.04591e-05	0.000207191	0.110229	0.012466	0.103111	0.00094989	9.53596e-07	0.773025
Cell_350	2.77551e-20	1.44146e-18	0.342853	0.0690491	0.571122	0.00526639	7.6371e-17	0.0117099
Cell_351	2.86798e-43	6.51737e-36	8.80599e-15	1.38783e-14	1.14793e-13	1	4.58791e-33	3.39131e-16
Cell_352	3.48539e-63	7.04763e-50	0.0946589	0.0964012	0.797376	0.0083323	3.12121e-19	0.00323151
Cell_353	9.24911e-52	6.9345e-44	0.313149	0.0241375	0.199651	0.00213836	1.8915e-24	0.460924
Cell_354	0.000323461	0.99839	0.000162262	0.000118369	0.00097908	9.03354e-06	1.2698e-05	5.5394e-06
Cell_355	1.09572e-41	5.96212e-34	0.164305	0.0888019	0.734517	0.00676682	7.71844e-28	0.00560902
Cell_356	0.0173188	0.979979	0.000226458	0.000261159	0.00216015	1.99613e-05	2.72437e-05	7.73165e-06
Cell_357	2.76073e-28	6.74529e-22	0.624221	0.0379143	0.313605	0.00294716	1.29143e-25	0.021313
Cell_358	3.08537e-34	6.95919e-34	1.53639e-09	7.8069e-10	6.45742e-09	1	2.61408e-35	5.24497e-11
Cell_359	8.49476e-63	1.89087e-62	0.113755	0.0943941	0.780774	0.00719313	3.22616e-44	0.00388337
Cell_360	1.23982e-24	6.23252e-23	0.305661	0.073163	0.605159	0.00558153	4.21486e-24	0.0104347
Cell_361	1.67625e-50	6.08519e-47	5.53875e-13	0.928743	2.3465e-12	0.0712571	1.69672e-46	1.89101e-14
Cell_362	8.27473e-93	1.44422e-91	0.0189212	0.00100071	0.0082773	7.6304e-05	7.33547e-27	0.971725
Cell_363	3.76417e-66	7.4567e-65	2.78513e-11	7.07767e-12	5.85419e-11	5.39745e-13	4.314e-64	1
Cell_364	5.11893e-43	5.87984e-35	0.208431	0.0839199	0.694137	0.0063966	3.99455e-28	0.0071155
Cell_365	4.73791e-43	6.03329e-37	0.236457	0.0808189	0.668488	0.00616399	3.85826e-25	0.0080722
Cell_366	1.75485e-14	0.980158	0.0147291	0.000487674	0.00403375	3.71693e-05	5.18428e-05	0.000502822
Cell_367	1.76475e-81	3.81593e-81	0.946761	0.00223557	0.0184914	0.000170513	1.46146e-44	0.032341
Cell_368	4.09402e-28	2.22044e-25	0.49882	0.051794	0.42841	0.00394683	5.59736e-27	0.0170286
Cell_369	0.0466408	0.952743	9.66978e-05	5.45513e-05	0.000451217	4.20058e-06	5.85061e-06	3.3011e-06
Cell_370	1.44426e-10	0.000426261	0.0720517	0.0989624	0.818559	0.0075413	7.38542e-09	0.00245981
Cell_371	1.58686e-25	1.32146e-24	0.0848636	0.097591	0.807199	0.0074483	1.76686e-08	0.00289847
Cell_372	5.09243e-31	5.39194e-20	0.505029	0.0511058	0.422717	0.00390687	4.89978e-16	0.0172416
Cell_373	1.95904e-64	6.44836e-53	0.128141	0.0928025	0.76761	0.00707198	6.66499e-27	0.00437447
Cell_374	5.37351e-29	7.44639e-24	0.233644	0.0665165	0.549807	0.142051	1.09118e-24	0.00798152
Cell_375	1.57779e-52	9.97627e-44	0.00435479	0.00149293	0.012347	0.981657	1.19368e-28	0.000148792
Cell_376	1.21717e-28	2.9137e-25	0.55276	0.0870127	0.334727	0.00663017	1.00515e-26	0.01887
Cell_377	9.16349e-47	1.96299e-45	2.39411e-05	2.0789e-07	1.71955e-06	0.999973	5.83643e-35	8.173e-07
Cell_378	1.07206e-62	1.07021e-57	0.45627	0.0565116	0.467332	0.00431031	7.54985e-33	0.0155761
Cell_379	5.34064e-38	1.58315e-30	0.176483	0.0874533	0.723364	0.00667475	1.49685e-27	0.00602476
Cell_380	8.77541e-39	2.67714e-32	0.732314	0.0259318	0.214493	0.00197599	8.82159e-29	0.0252848
Cell_381	5.44191e-58	1.23646e-57	0.843304	0.0136834	0.113181	0.00104265	1.80935e-55	0.0287886
Cell_382	3.73194e-22	2.01994e-12	0.43967	0.0583379	0.482535	0.00444598	4.30241e-15	0.0150119
Cell_383	6.6805e-50	1.46081e-45	0.761879	0.00911814	0.0754199	0.00475971	2.54263e-25	0.148824
Cell_384	9.6129e-65	2.56266e-55	0.206182	0.0671481	0.555404	0.164226	2.64537e-34	0.00704073
Cell_385	1.55381e-54	3.07805e-53	4.25771e-10	3.76902e-11	3.11752e-10	0.00252291	1.46882e-47	0.997477
Cell_386	1.59508e-41	8.15266e-36	0.365742	0.066516	0.550182	0.00507319	7.74914e-22	0.0124865
Cell_387	4.37011e-38	2.95772e-27	0.236331	0.0808334	0.668608	0.00616002	1.18003e-28	0.00806782
Cell_388	5.49347e-38	1.08824e-36	0.21901	0.0811302	0.671042	0.00618212	2.74117e-28	0.0226355
Cell_389	1.13974e-16	5.28596e-16	0.0718155	0.0990254	0.81908	0.00762735	5.8964e-21	0.00245176
Cell_390	5.30606e-24	1.52704e-22	0.700399	0.0294888	0.243912	0.00228444	2.00008e-20	0.0239163
Cell_391	7.42239e-69	2.21867e-60	5.05706e-19	0.929155	5.71571e-18	0.070845	1.47415e-64	1.72637e-20
Cell_392	1.42539e-28	1.78367e-26	2.76696e-05	2.33346e-06	1.9301e-05	0.99995	5.07243e-26	9.44579e-07
Cell_393	2.28371e-104	1.89245e-92	0.52742	0.048629	0.402228	0.00371419	1.67024e-35	0.0180084
Cell_394	8.56888e-44	4.54191e-38	0.745737	0.0244774	0.202463	0.00186514	1.3364e-25	0.0254581
Cell_395	2.17879e-30	3.68118e-21	0.673011	0.0325228	0.26901	0.00248071	6.63335e-21	0.0229752
Cell_396	4.84246e-46	7.19842e-39	0.324768	0.0710495	0.587681	0.00541514	4.74423e-31	0.0110868
Cell_397	1.61575e-36	1.26346e-31	0.284664	0.0754856	0.624373	0.00575876	2.90928e-28	0.00971784
Cell_398	0.0156186	0.981839	0.00154805	9.9564e-05	0.000823517	7.73238e-06	1.06941e-05	5.28744e-05
Cell_399	6.45792e-32	3.03932e-31	0.530174	0.0483061	0.39956	0.00386056	1.86833e-31	0.0180995
Cell_400	2.88599e-40	2.36916e-38	0.486701	0.0531348	0.439501	0.00404874	8.5035e-24	0.0166153
Cell_401	7.97673e-81	7.47193e-66	3.76554e-08	4.46485e-09	3.69307e-08	3.40221e-10	1.30881e-37	1
Cell_402	9.68006e-47	1.08854e-36	0.471916	0.0547702	0.453028	0.00417514	2.75452e-23	0.0161104
Cell_403	1.28835e-38	8.6038e-27	2.64529e-20	2.38136e-20	1.96972e-19	1.81702e-21	4.17092e-27	1
Cell_404	9.20351e-53	1.0293e-48	2.44939e-07	4.802e-08	3.97194e-07	0.999999	1.66341e-48	8.36175e-09
Cell_405	2.85202e-32	1.3644e-31	0.127565	0.0631334	0.522203	0.282743	3.47325e-23	0.00435486
Cell_406	7.21648e-37	4.13546e-36	0.396055	0.063163	0.522449	0.00481305	1.55398e-21	0.0135205
Cell_407	1.73672e-35	2.71537e-22	0.573663	0.0435141	0.359924	0.00331566	7.18664e-17	0.0195836
Cell_408	3.38433e-65	1.16277e-53	0.303176	0.0734154	0.60725	0.00580805	4.39174e-49	0.0103499
Cell_409	0.298664	0.699861	0.000415817	0.000110475	0.000913783	8.44382e-06	1.18254e-05	1.41954e-05
Cell_410	6.52003e-64	6.13758e-56	1.02713e-08	7.70581e-09	6.37381e-08	1	4.26139e-54	3.5064e-10
Cell_411	3.10645e-07	0.0101942	0.45649	0.0553384	0.457699	0.00421869	0.000455776	0.0156035
Cell_412	2.13959e-58	1.97662e-55	8.73225e-34	4.9234e-34	3.92536e-33	3.75356e-35	5.58133e-45	1
Cell_413	1.90692e-49	1.79296e-46	0.420546	0.0604536	0.500037	0.00460685	1.82695e-43	0.0143566
Cell_414	9.54896e-16	0.998302	0.000350979	0.000141245	0.0011683	1.07635e-05	1.51945e-05	1.19816e-05
Cell_415	2.61306e-147	2.03758e-141	1.12326e-17	3.21889e-19	2.66246e-18	2.45285e-20	1.419e-93	1
Cell_416	1.47047e-47	1.51613e-46	1.51046e-10	1.61434e-12	1.33529e-11	1.23207e-13	9.85299e-49	1
Cell_417	2.66673e-47	5.83933e-47	0.466182	0.0554045	0.458275	0.00422481	4.21956e-08	0.0159144
Cell_418	6.97847e-12	2.09433e-09	0.780376	0.0206452	0.170765	0.00157327	2.54314e-13	0.0266403
Cell_419	5.06617e-39	1.00359e-37	0.593104	0.0413631	0.342132	0.00315362	1.22009e-23	0.0202475
Cell_420	1.63402e-42	1.07485e-41	0.133457	0.092214	0.762742	0.00703129	4.54204e-46	0.00455593
Cell_421	1.29392e-67	3.18225e-62	0.270095	0.0568706	0.470401	0.00433353	2.21181e-48	0.198301
