cell	Node 0	Node 1	Node 2	Node 3	Node 4
Cell_0	1.88223e-41	6.91672e-13	1	2.80498e-14	4.77766e-12
Cell_1	4.57569e-31	7.08064e-14	1	8.83552e-15	1.50494e-12
Cell_2	3.14282e-28	0.213689	0.415035	0.00216884	0.369107
Cell_3	1.256e-30	0.330665	9.3862e-05	0.00390648	0.665335
Cell_4	1.19142e-07	0.180286	4.91882e-06	0.00478481	0.814924
Cell_5	2.9796e-25	1.65317e-11	1	5.71953e-13	9.74199e-11
Cell_6	7.24109e-72	1.79538e-05	0.197197	0.802645	0.000140627
Cell_7	4.71559e-42	0.0873742	0.525662	0.00225861	0.384705
Cell_8	1.84281e-78	1.54119e-12	1	4.01655e-15	6.84131e-13
Cell_9	3.84498e-24	0.0964464	1.14674e-05	0.00541542	0.898127
Cell_10	6.10209e-51	0.142981	0.493538	0.00212154	0.361359
Cell_11	1.5507e-39	0.301349	0.402425	0.00172983	0.294495
Cell_12	1.34398e-28	0.000148576	0.999502	2.03801e-06	0.000346896
Cell_13	7.03218e-46	0.285797	0.000872589	0.00416352	0.709167
Cell_14	7.09426e-27	0.0337379	0.556837	0.00239031	0.407035
Cell_15	9.55989e-22	0.00409406	0.991439	2.6071e-05	0.00444063
Cell_16	1.0534e-22	0.410474	0.339495	0.00145953	0.248571
Cell_17	6.10238e-39	0.135178	0.498033	0.00214179	0.364647
Cell_18	8.71319e-33	0.346423	0.376391	0.00161786	0.275568
Cell_19	2.0863e-45	1.0564e-28	1	5.27879e-30	8.98941e-28
Cell_20	3.85059e-30	0.471045	0.304613	0.00130942	0.223032
Cell_21	9.07016e-28	1.38289e-09	1	2.68004e-11	4.56484e-09
Cell_22	2.7208e-29	2.19003e-06	9.56539e-06	0.999981	7.00363e-06
Cell_23	0.993638	0.000532738	0.00336184	1.44053e-05	0.0024535
Cell_24	3.70096e-12	0.225461	0.446045	0.00191742	0.326577
Cell_25	6.16837e-22	0.109621	0.51275	0.00220412	0.375425
Cell_26	8.02671e-32	2.44812e-06	5.4209e-05	0.999935	8.1581e-06
Cell_27	3.8717e-21	0.0774166	0.516525	0.00304181	0.403016
Cell_28	1.29319e-28	0.00190276	0.994796	1.92712e-05	0.0032824
Cell_29	7.79638e-31	0.0177486	4.45785e-11	0.865772	0.116479
Cell_30	5.72535e-26	0.00164633	0.983879	8.46623e-05	0.0143902
Cell_31	2.88476e-23	0.0758858	0.532223	0.00228736	0.389603
Cell_32	1.17054e-23	1.25345e-05	0.999908	4.74362e-07	7.92649e-05
Cell_33	1.35919e-31	1.62795e-08	1	3.08773e-10	5.25928e-08
Cell_34	3.974e-49	3.06165e-19	4.18797e-19	1	3.06634e-19
Cell_35	7.39222e-25	0.0634133	0.557295	0.00221542	0.377076
Cell_36	4.83482e-41	0.51151	0.281311	0.00120925	0.20597
Cell_37	1.85298e-45	0.0835331	0.491954	0.00247969	0.422034
Cell_38	3.68183e-49	5.22813e-09	1	5.01236e-12	8.53748e-10
Cell_39	1.6861e-29	0.654072	0.199212	0.000856343	0.145859
Cell_40	9.11387e-49	0.155441	0.486373	0.00209069	0.356095
Cell_41	7.34796e-59	0.175031	0.475083	0.00204222	0.347844
Cell_42	1.6845e-57	0.516847	0.278238	0.00119614	0.203719
Cell_43	4.49187e-18	0.0809403	0.336716	0.00339975	0.578944
Cell_44	9.26174e-44	4.60023e-11	1.30193e-10	1	9.16839e-11
Cell_45	1.45124e-113	0.619425	0.219165	0.000942109	0.160468
Cell_46	3.71e-10	0.0086701	0.571207	0.00246976	0.417653
Cell_47	1.36384e-46	0.138123	0.496363	0.00213342	0.363381
Cell_48	4.07022e-41	0.0931975	0.559793	0.00202555	0.344984
Cell_49	6.83601e-33	0.199184	0.461251	0.0019826	0.337583
Cell_50	7.06216e-25	0.138553	0.496096	0.00213246	0.363218
Cell_51	3.37596e-34	1.96405e-08	0.999999	5.9877e-09	1.01862e-06
Cell_52	3.84971e-44	0.021015	0.0580872	0.878368	0.0425302
Cell_53	4.64557e-64	0.300262	0.402964	0.0017322	0.295042
Cell_54	5.72489e-50	0.100897	0.517798	0.0022275	0.379078
Cell_55	8.82992e-38	0.143643	0.581179	0.00160615	0.273572
Cell_56	1.39365e-17	0.45405	0.314544	0.00135066	0.230055
Cell_57	9.33913e-30	0.196225	0.462877	0.00198973	0.338908
Cell_58	0.634803	0.0163758	0.200968	0.000863134	0.14699
Cell_59	3.63663e-52	0.435937	0.324832	0.00139633	0.237835
Cell_60	0.998536	0.000580973	0.000508538	2.18603e-06	0.000372341
Cell_61	1.35279e-36	0.0234646	0.943132	0.00020139	0.0332021
Cell_62	5.00969e-51	0.0270156	0.598425	0.00219492	0.372364
Cell_63	1.26769e-70	0.423562	1.77613e-19	0.00336457	0.573074
Cell_64	1.1426e-40	0.0683855	0.00840367	0.00538855	0.917822
Cell_65	6.18196e-92	0.0196804	0.942923	0.000218276	0.0371786
Cell_66	4.62177e-24	0.345214	0.377077	0.00162092	0.276088
Cell_67	1.77842e-49	0.0642868	0.538857	0.00231634	0.39454
Cell_68	4.68374e-49	0.182179	0.470968	0.00202452	0.344829
Cell_69	8.87427e-26	0.22993	0.167287	0.00351828	0.599264
Cell_70	6.78329e-22	0.0988083	0.518987	0.00223084	0.379974
Cell_71	8.71513e-37	0.105466	0.71102	0.00107113	0.182443
Cell_72	2.39229e-57	0.575575	5.94195e-08	0.00247726	0.421948
Cell_73	8.05465e-61	0.464041	0.308647	0.00132679	0.225985
Cell_74	7.37948e-53	0.750911	0.143447	0.000616616	0.105025
Cell_75	7.62726e-29	0.00128118	0.994932	2.21161e-05	0.00376428
Cell_76	9.40126e-30	0.368025	0.351717	0.00163581	0.278622
Cell_77	5.64763e-40	5.33306e-11	1	1.31669e-12	2.24269e-10
Cell_78	3.55818e-30	0.0887057	0.524777	0.00225601	0.384262
Cell_79	4.60334e-57	0.0782548	1.9648e-11	0.00539357	0.916352
Cell_80	2.16953e-66	0.134033	0.498645	0.00225693	0.365065
Cell_81	2.13865e-28	0.376807	0.35889	0.0015427	0.262761
Cell_82	2.29639e-63	1.1801e-10	1	1.98681e-12	3.38411e-10
Cell_83	8.14043e-49	3.24852e-07	0.999999	4.73864e-09	8.07122e-07
Cell_84	4.1905e-11	0.252896	0.43024	0.00184971	0.315014
Cell_85	5.76674e-19	0.119684	0.00575837	0.00510585	0.869452
Cell_86	2.00065e-38	0.0267637	0.56048	0.00240915	0.410347
Cell_87	1.43445e-27	0.477002	0.301193	0.0012996	0.220506
Cell_88	2.97048e-13	0.112699	0.574237	0.00182772	0.311237
Cell_89	1.35107e-13	0.0714322	0.53479	0.00236136	0.391417
Cell_90	4.11198e-22	0.0506751	0.546844	0.00234922	0.400132
Cell_91	1.85203e-40	0.477492	0.300901	0.00129348	0.220314
Cell_92	5.91147e-41	6.39451e-09	1	4.6342e-10	7.89304e-08
Cell_93	7.24007e-63	0.0299405	4.48583e-11	0.00566203	0.964398
Cell_94	1.84426e-30	0.00569732	0.590245	0.00235923	0.401698
Cell_95	1.3641e-32	0.0117401	0.569117	0.00244658	0.416696
Cell_96	3.78098e-34	0.297131	0.404767	0.00173994	0.296362
Cell_97	6.45507e-55	8.01223e-17	1	1.02147e-17	1.73986e-15
Cell_98	1.02464e-56	0.0940866	0.00213667	0.00527539	0.898501
Cell_99	5.48925e-44	0.236324	0.439784	0.00189048	0.322001
Cell_100	9.10467e-50	2.67545e-07	0.999999	7.12609e-09	1.21378e-06
Cell_101	1.21642e-49	0.693158	0.113137	0.0267714	0.166934
Cell_102	1.37683e-33	0.240817	0.511283	0.00144694	0.246454
Cell_103	0.00029786	0.120373	0.506388	0.00217676	0.370765
Cell_104	5.18321e-28	0.035203	0.716994	0.00197189	0.245831
Cell_105	4.51528e-32	0.00539438	0.0112879	0.975053	0.00826473
Cell_106	3.70587e-46	0.230983	0.44291	0.00190341	0.324204
Cell_107	0.999043	0.000532712	0.000244555	1.05109e-06	0.000179017
Cell_108	4.83707e-57	0.0451378	0.549884	0.00236375	0.402614
Cell_109	3.84881e-27	0.00815431	0.849252	0.000832661	0.141761
Cell_110	4.68807e-70	4.59061e-08	3.54723e-07	0.999999	2.59718e-07
Cell_111	2.14087e-35	0.386708	0.353181	0.0015182	0.258592
Cell_112	3.53434e-51	0.00624073	1.49007e-24	0.00580034	0.987959
Cell_113	8.41591e-52	0.420072	4.83343e-12	0.00338489	0.576543
Cell_114	2.17993e-69	0.0552512	1.65207e-18	0.00551428	0.939235
Cell_115	2.40115e-24	0.144448	0.0404701	0.00477639	0.810305
Cell_116	6.85703e-46	6.75091e-16	1	1.95178e-18	3.32441e-16
Cell_117	9.68162e-24	0.106884	0.514348	0.00221077	0.376557
Cell_118	6.26547e-31	0.164681	0.477196	0.00880022	0.349322
Cell_119	1.69075e-50	6.65448e-09	2.35692e-08	1	1.72603e-08
Cell_120	2.29235e-67	3.93919e-06	0.999982	8.07703e-08	1.37575e-05
Cell_121	4.59425e-61	0.23717	0.439298	0.00188837	0.321643
Cell_122	3.21811e-40	0.117973	0.50794	0.00218345	0.371903
Cell_123	2.30128e-14	0.257998	0.427347	0.00183663	0.312818
Cell_124	2.46782e-18	0.0889529	0.524744	0.00225492	0.384048
Cell_125	4.08775e-25	0.130683	0.500624	0.00215203	0.366541
Cell_126	1.48382e-33	0.0182455	0.56754	0.0024181	0.411796
Cell_127	1.35997e-31	0.0471439	0.000403176	0.00558764	0.946865
Cell_128	2.32816e-93	0.239353	2.05901e-08	0.00443969	0.756207
Cell_129	1.01928e-30	0.235127	0.440475	0.00189343	0.322505
Cell_130	3.03505e-40	0.0947732	0.52131	0.00224083	0.381676
Cell_131	2.08646e-41	0.0131418	0.363868	0.0861014	0.536889
Cell_132	6.90573e-87	0.613797	0.222406	0.000956045	0.162841
Cell_133	1.0249e-47	0.495556	6.27611e-14	0.00294431	0.5015
Cell_134	1.14721e-07	0.410797	0.339339	0.0014596	0.248404
Cell_135	1.24027e-28	0.34652	0.376586	0.00161616	0.275278
Cell_136	4.22992e-50	0.634598	0.210427	0.000904552	0.15407
Cell_137	1.51981e-24	0.0849803	0.710797	0.00119201	0.203031
Cell_138	1.93365e-26	0.0730972	0.437807	0.168542	0.320553
Cell_139	0.994601	0.000531784	0.00280278	1.20495e-05	0.00205211
Cell_140	4.86826e-42	0.198642	0.461489	0.00198441	0.337884
Cell_141	1.5804e-45	0.0285706	0.843815	0.000744855	0.126869
Cell_142	1.49481e-26	0.370947	0.362261	0.00155741	0.265235
Cell_143	2.67556e-43	0.249318	0.432301	0.0018583	0.316522
Cell_144	6.16232e-32	0.229017	0.444011	0.00190845	0.325063
Cell_145	1.461e-30	0.281944	0.420041	0.00173945	0.296276
Cell_146	1.07774e-112	0.251631	0.43097	0.00185257	0.315546
Cell_147	4.30219e-25	0.358867	0.369215	0.00158717	0.27033
Cell_148	4.05838e-62	1.49328e-17	1	5.31981e-20	9.06115e-18
Cell_149	1.79499e-37	0.0250827	0.561464	0.00241324	0.41104
Cell_150	1.05506e-29	0.079688	0.529998	0.00227817	0.388036
Cell_151	3.30654e-37	0.0459065	0.549444	0.00236183	0.402287
Cell_152	4.83514e-30	0.570262	0.247478	0.00106385	0.181196
Cell_153	6.99676e-09	0.162493	0.482305	0.00207328	0.353129
Cell_154	8.93134e-42	0.102945	0.516608	0.00222077	0.378226
Cell_155	5.55446e-79	0.116236	3.92201e-14	0.0051583	0.878605
Cell_156	3.67008e-42	0.0921387	0.522858	0.00224717	0.382756
Cell_157	4.70299e-43	2.57136e-07	0.999997	1.39957e-08	2.38385e-06
Cell_158	0.997458	0.00120562	0.000769761	3.30879e-06	0.00056358
Cell_159	4.21083e-46	0.0137071	9.9294e-06	0.00575667	0.980526
Cell_160	4.79075e-47	0.182291	7.05307e-13	0.00480059	0.812909
Cell_161	6.28961e-45	7.3401e-08	2.94281e-07	0.999999	2.15476e-07
Cell_162	6.42059e-57	0.413361	0.337833	0.00145239	0.247354
Cell_163	0.997659	0.000863805	0.000850865	3.65629e-06	0.000622768
Cell_164	0.999132	0.000532546	0.000193045	8.2983e-07	0.000141343
Cell_165	1.57994e-44	0.160129	0.00396714	0.00487902	0.831025
Cell_166	2.49895e-59	0.0901663	0.523991	0.00225207	0.383591
Cell_167	1.1044e-10	0.0922516	0.522757	0.00224926	0.382743
Cell_168	5.24622e-47	0.0200547	0.564669	0.00242396	0.412853
Cell_169	5.89964e-30	0.100001	0.518307	0.00222815	0.379463
Cell_170	0.997236	0.000531942	0.00129163	5.49067e-06	0.000935194
Cell_171	5.26738e-38	0.0295978	0.558846	0.00240217	0.409154
Cell_172	4.28691e-74	5.60946e-12	1	2.07009e-13	3.52568e-11
Cell_173	4.70408e-42	0.152995	0.487772	0.00209675	0.357136
Cell_174	5.07172e-79	0.245716	1.51743e-35	0.00440256	0.749881
Cell_175	1.47986e-36	0.481683	0.29849	0.00128308	0.218544
Cell_176	3.1105e-53	0.404838	0.0917684	0.00293817	0.500455
Cell_177	3.78936e-49	0.11528	0.509951	0.00218756	0.372582
Cell_178	6.46195e-29	0.168802	0.47867	0.00205762	0.350471
Cell_179	1.6625e-18	0.522108	1.18829e-09	0.00278949	0.475102
Cell_180	1.14651e-33	5.34115e-15	2.80769e-14	1	2.05574e-14
Cell_181	3.88268e-29	0.480036	1.82774e-08	0.00303489	0.516929
Cell_182	2.77931e-53	0.392756	0.349777	0.00150279	0.255964
Cell_183	7.86495e-36	0.264358	0.405695	0.00192582	0.328021
Cell_184	0.998862	0.000532475	0.000348608	1.49855e-06	0.000255244
Cell_185	1.10445e-20	0.31937	0.391981	0.00168483	0.286965
Cell_186	4.62942e-21	0.384091	0.354689	0.00152524	0.259695
Cell_187	5.02162e-58	2.87925e-34	1	1.03569e-35	1.76408e-33
Cell_188	6.89486e-72	1.70295e-43	1.54697e-42	1	1.13265e-42
Cell_189	1.20035e-24	0.0486148	0.547885	0.00235514	0.401145
Cell_190	8.56671e-77	0.158157	5.10898e-29	0.00491365	0.83693
Cell_191	4.22602e-44	0.244531	3.6215e-09	0.00440947	0.751059
Cell_192	0.974064	0.00704785	0.010879	4.67457e-05	0.00796212
Cell_193	0.998908	0.000535791	0.000320425	1.3774e-06	0.000234606
Cell_194	1.51211e-31	0.101402	0.52108	0.00220354	0.375315
Cell_195	6.42525e-46	1.47343e-05	0.999934	3.01992e-07	5.14376e-05
Cell_196	4.28971e-09	0.156856	2.97327e-05	0.0140686	0.829046
Cell_197	6.524e-34	0.37358	0.360742	0.00155069	0.264128
Cell_198	2.84313e-55	1.60019e-07	3.96846e-07	0.999999	2.55636e-07
Cell_199	1.905e-18	0.00350202	0.573892	0.00246679	0.420139
Cell_200	1.6486e-57	0.240576	6.15808e-33	0.00443274	0.754991
Cell_201	1.50397e-22	0.34493	0.377262	0.00162149	0.276186
Cell_202	3.34413e-48	0.122278	0.505462	0.00217285	0.370087
Cell_203	3.89995e-42	0.0807357	0.529384	0.00227563	0.387604
Cell_204	2.85355e-67	1.50588e-17	1	5.1649e-20	8.79726e-18
Cell_205	9.88345e-53	1.31554e-05	0.999946	2.37161e-07	4.03942e-05
Cell_206	2.13719e-39	0.423537	0.331977	0.001427	0.243059
Cell_207	3.73433e-64	0.234187	0.441015	0.00189576	0.322902
Cell_208	1.55882e-42	0.273395	0.423953	0.00176696	0.300885
Cell_209	1.42694e-21	0.211698	0.45397	0.00195163	0.332381
Cell_210	1.02504e-14	0.0427686	0.552126	0.00236551	0.40274
Cell_211	3.89561e-40	0.0794066	0.530152	0.00227891	0.388163
Cell_212	3.38468e-10	0.0511442	9.59568e-11	0.00553824	0.943318
Cell_213	3.35977e-43	0.177771	0.46293	0.00214528	0.357153
Cell_214	1.78077e-28	0.0807629	2.34315e-13	0.00536605	0.913871
Cell_215	1.05572e-31	0.544735	4.39932e-06	0.00265724	0.452603
Cell_216	1.32337e-44	0.140759	0.31689	0.0749565	0.467394
Cell_217	8.54514e-83	4.3326e-28	1	5.66635e-31	9.65135e-29
Cell_218	2.59383e-50	0.0185154	0.565216	0.00242966	0.413839
Cell_219	4.15379e-35	0.227777	0.44471	0.00191161	0.325602
Cell_220	1.34742e-31	0.264946	0.423313	0.00181956	0.309921
Cell_221	4.46681e-33	0.157448	0.485241	0.00208568	0.355225
Cell_222	4.01901e-47	1.4995e-15	1	4.75474e-17	8.09865e-15
Cell_223	2.791e-36	0.0986262	0.554208	0.00202638	0.34514
Cell_224	5.9105e-50	0.359752	2.0868e-16	0.00373698	0.636511
Cell_225	3.87859e-45	1.4662e-13	1	1.60145e-15	2.72772e-13
Cell_226	1.12593e-32	0.273067	0.418627	0.00179974	0.306506
Cell_227	8.20392e-77	0.19356	0.464444	0.00199616	0.339999
Cell_228	3.64795e-21	7.67285e-05	0.999539	2.24328e-06	0.000381895
Cell_229	3.6016e-53	0.049173	0.551925	0.00232846	0.396573
Cell_230	1.99018e-27	0.219201	2.12178e-06	0.00455784	0.776239
Cell_231	2.79289e-75	0.341043	1.86637e-39	0.00384756	0.655109
Cell_232	5.7966e-60	0.413759	0.337606	0.00145122	0.247184
Cell_233	3.40294e-20	0.383623	0.35492	0.00152606	0.259931
Cell_234	1.34374e-42	0.668956	0.190667	0.000819346	0.139558
Cell_235	1.37752e-27	0.244286	0.435202	0.00187178	0.318641
Cell_236	1.02521e-34	0.429473	0.328556	0.00141297	0.240559
Cell_237	1.0042e-54	0.198381	0.459423	0.00202855	0.340167
Cell_238	2.67437e-27	0.0620382	0.00398929	0.00545557	0.928517
Cell_239	1.46499e-41	0.46119	0.000787755	0.00314137	0.534881
Cell_240	8.97024e-65	2.52613e-07	0.999999	1.74795e-09	2.97727e-07
Cell_241	3.24481e-78	0.144859	0.492458	0.00211689	0.360566
Cell_242	6.41511e-41	0.000166893	0.998841	5.78915e-06	0.000986018
Cell_243	9.69541e-42	0.346203	6.56222e-09	0.00381723	0.649979
Cell_244	5.32803e-15	0.0010446	0.575822	0.002535	0.420599
Cell_245	4.37136e-22	0.114978	0.509683	0.00219075	0.373148
Cell_246	1.27369e-10	0.438083	0.20719	0.0490256	0.305701
Cell_247	1.33116e-44	0.319774	0.391729	0.00168391	0.286814
Cell_248	0.999132	0.000541344	0.000186941	8.16442e-07	0.000139061
Cell_249	2.75267e-21	0.0577171	0.543638	0.00312201	0.395523
Cell_250	1.65543e-33	0.419776	0.334139	0.00143634	0.244649
Cell_251	8.58617e-41	0.655128	0.19861	0.000853779	0.145409
Cell_252	2.22289e-50	0.23045	0.443167	0.00190502	0.324478
Cell_253	4.39734e-53	0.305487	8.40461e-26	0.0040537	0.690459
Cell_254	2.65879e-100	0.269796	0.420509	0.00180761	0.307888
Cell_255	1.83742e-56	0.234667	0.440762	0.00189447	0.322677
Cell_256	1.03036e-35	0.628134	0.214127	0.00096032	0.156778
Cell_257	1.16723e-70	4.98028e-46	8.37328e-46	1	6.12872e-46
Cell_258	2.03937e-33	0.242831	0.436042	0.00187437	0.319253
Cell_259	9.21937e-65	0.122458	0.505523	0.00217142	0.369848
Cell_260	0.0596697	0.343279	0.343835	0.00147797	0.251739
Cell_261	7.23909e-42	0.0618732	0.540268	0.00232219	0.395536
Cell_262	1.31644e-21	0.0349282	0.555915	0.00239571	0.406761
Cell_263	1.29284e-19	0.037697	0.564938	0.00234366	0.395022
Cell_264	4.04351e-46	0.505198	0.284946	0.00122497	0.208631
Cell_265	3.96919e-30	0.00069249	0.00226846	0.995379	0.00166047
Cell_266	4.34229e-28	0.0717599	0.541201	0.00225908	0.38478
Cell_267	1.7623e-41	0.037414	0.633121	0.00192302	0.327542
Cell_268	9.10985e-20	0.140352	0.494513	0.00369027	0.361445
Cell_269	7.28309e-24	0.0706996	0.535274	0.00230023	0.391727
Cell_270	3.24386e-30	6.17694e-07	0.999997	1.17031e-08	1.99335e-06
Cell_271	5.59472e-19	0.00183747	0.991824	3.69987e-05	0.00630168
Cell_272	2.35044e-23	0.206125	0.457031	0.00221551	0.334628
Cell_273	1.04424e-59	6.1546e-09	7.08276e-08	1	5.18585e-08
Cell_274	1.61115e-09	0.320046	0.391648	0.00168376	0.286622
Cell_275	3.97481e-31	0.309613	0.398167	0.00171878	0.290502
Cell_276	0.997036	0.000535754	0.00139843	6.01127e-06	0.00102389
Cell_277	2.66361e-23	0.243421	0.435745	0.00187288	0.318961
Cell_278	4.24267e-37	0.17806	0.473344	0.00203472	0.346562
Cell_279	5.64463e-46	0.015248	0.579904	0.00236372	0.402485
Cell_280	1.45338e-29	0.60182	0.0101215	0.002265	0.385794
Cell_281	4.73157e-57	0.0231034	0.562603	0.00241824	0.411876
Cell_282	5.56062e-49	0.251275	1.43694e-14	0.00437011	0.744355
Cell_283	2.54094e-56	0.329185	0.386308	0.00166059	0.282846
Cell_284	2.83065e-43	0.0665121	0.537575	0.00231086	0.393602
Cell_285	4.24403e-16	0.000621026	0.995166	0.000246072	0.00396662
Cell_286	2.78567e-45	0.486833	0.00112752	0.00298893	0.509051
Cell_287	5.59243e-52	0.239513	8.28789e-28	0.00443902	0.756048
Cell_288	5.92638e-25	0.565578	0.250177	0.0010754	0.18317
Cell_289	1.75e-14	0.423813	0.331832	0.00142633	0.242929
Cell_290	3.19241e-53	0.040882	0.863746	0.000556666	0.0948153
Cell_291	2.23499e-15	0.315558	0.394166	0.00169428	0.288582
Cell_292	2.41178e-38	0.0856861	0.526689	0.0022625	0.385363
Cell_293	9.50577e-60	1.57869e-30	1	1.7491e-32	2.97922e-30
Cell_294	8.18325e-08	0.137889	0.49643	0.00214752	0.363533
Cell_295	6.55146e-74	1.3112e-14	9.24708e-14	1	6.77051e-14
Cell_296	1.32932e-17	0.348354	2.15864e-05	0.00380336	0.647821
Cell_297	1.13116e-34	6.2741e-05	0.000434105	0.9993	0.000202712
Cell_298	9.15433e-33	0.221022	0.0854784	0.0040487	0.689451
Cell_299	2.12375e-57	0.367785	4.07798e-23	0.00369008	0.628525
Cell_300	8.03527e-49	0.110528	0.512229	0.00220195	0.375041
Cell_301	2.2103e-83	2.68082e-18	1	1.76838e-19	3.01054e-17
Cell_302	0.998924	0.000532407	0.000312843	1.34471e-06	0.000229043
Cell_303	2.14649e-36	0.368234	0.363834	0.00156391	0.266368
Cell_304	8.67818e-13	0.245383	0.00268247	0.00562848	0.746306
Cell_305	9.58438e-36	0.0390966	0.553373	0.00237865	0.405151
Cell_306	1.89606e-43	0.0399137	0.552998	0.00237614	0.404712
Cell_307	2.63692e-28	0.268461	0.421693	0.00180872	0.308037
Cell_308	7.6135e-36	1.10867e-08	0.999996	2.42161e-08	4.12452e-06
Cell_309	1.01885e-43	0.105635	4.38209e-08	0.00522023	0.889145
Cell_310	3.08214e-68	0.00709191	0.0233446	0.952471	0.0170924
Cell_311	5.16494e-43	0.45898	0.00409979	0.00313387	0.533786
Cell_312	4.43868e-16	0.00439753	0.941891	0.00031354	0.0533981
Cell_313	1.24956e-22	0.557122	0.000655377	0.00258114	0.439642
Cell_314	1.29755e-69	0.196208	0.462887	0.00198979	0.338916
Cell_315	1.49747e-31	8.49688e-06	0.999937	3.20052e-07	5.45136e-05
Cell_316	3.90681e-48	1.43656e-13	1	4.11707e-15	7.01247e-13
Cell_317	1.97209e-19	5.26398e-05	0.998627	0.000963191	0.000356831
Cell_318	3.42689e-30	0.0534141	0.502956	0.0025915	0.441038
Cell_319	2.28291e-41	4.64094e-11	1	2.9337e-12	4.99693e-10
Cell_320	9.18993e-57	0.17942	0.472557	0.00203133	0.345992
Cell_321	1.19823e-115	0.284612	4.22053e-13	0.00417581	0.711212
Cell_322	1.28397e-49	0.216235	2.69678e-12	0.00457463	0.779191
Cell_323	1.07264e-49	0.175589	0.474761	0.00204082	0.347609
Cell_324	9.05264e-77	0.0697456	2.6385e-31	0.00542967	0.924825
Cell_325	1.17297e-17	0.124054	0.504464	0.00216828	0.369314
Cell_326	0.999165	0.000532507	0.000174432	7.49817e-07	0.000127714
Cell_327	1.5004e-21	0.484971	0.296792	0.00127379	0.216963
Cell_328	1.67076e-119	8.96304e-30	1	9.67462e-33	1.64786e-30
Cell_329	5.79042e-20	0.0774447	0.364063	0.00351669	0.554975
Cell_330	5.47694e-34	1.55943e-11	1	4.74402e-14	8.08041e-12
Cell_331	2.83681e-44	1.69063e-17	1	1.80689e-19	3.07765e-17
Cell_332	4.48862e-59	5.04608e-37	8.31749e-36	1	6.08946e-36
Cell_333	2.9608e-10	0.0874178	0.524703	0.00227198	0.385607
Cell_334	3.36952e-40	0.136646	3.57818e-17	0.0050392	0.858315
Cell_335	1.66481e-59	0.0309854	0.558039	0.00239877	0.408577
Cell_336	5.02236e-51	0.129985	0.50103	0.00215399	0.366831
Cell_337	1.60643e-51	0.0567516	0.921029	0.000129686	0.0220892
Cell_338	6.15175e-57	0.409152	0.34029	0.0014625	0.249096
Cell_339	1.60504e-24	0.226453	0.502777	0.00158042	0.26919
Cell_340	1.3838e-89	0.0903345	0.52386	0.00225187	0.383553
Cell_341	2.084e-15	0.122269	0.0274587	0.00496523	0.845307
Cell_342	6.90544e-28	5.05713e-07	0.999999	4.63438e-10	7.89305e-08
Cell_343	0.991394	0.000650971	0.00458313	1.96856e-05	0.0033518
Cell_344	5.01108e-62	2.4665e-08	1	2.59476e-10	4.41957e-08
Cell_345	1.96658e-42	0.115961	0.509108	0.00218837	0.372742
Cell_346	0.998664	0.00053237	0.000462829	1.98953e-06	0.000338873
Cell_347	7.00194e-17	0.104683	0.51692	0.00221644	0.376181
Cell_348	1.89446e-49	0.42069	0.333612	0.00143407	0.244264
Cell_349	0.000363008	0.548665	0.0530469	0.00232258	0.395602
Cell_350	1.5088e-18	0.0896101	0.524276	0.00225489	0.383859
Cell_351	8.0774e-37	1.79107e-15	1	1.19008e-16	2.0268e-14
Cell_352	5.87027e-50	0.585649	0.239137	0.00102269	0.174192
Cell_353	2.17257e-43	0.316522	0.219278	0.00270966	0.461491
Cell_354	0.999179	0.000534013	0.000165211	7.10159e-07	0.000120957
Cell_355	5.55143e-34	0.168027	0.479115	0.00205965	0.350798
Cell_356	0.99738	0.000548162	0.00119341	5.13013e-06	0.000873694
Cell_357	1.24665e-21	0.270789	0.420073	0.00180438	0.307334
Cell_358	4.95322e-35	1.06262e-10	1	6.6555e-12	1.1336e-09
Cell_359	2.68493e-62	0.074177	0.533162	0.00229187	0.390369
Cell_360	6.29545e-23	0.0298293	0.558711	0.00240197	0.409058
Cell_361	7.65261e-47	5.81368e-13	2.80761e-12	1	2.05514e-12
Cell_362	5.69389e-91	0.371736	0.012203	0.00359616	0.612465
Cell_363	5.18015e-65	0.557631	1.27104e-11	0.00258255	0.439786
Cell_364	6.22035e-35	0.304977	0.400251	0.00172055	0.293052
Cell_365	6.41074e-37	0.163113	0.481952	0.00207168	0.352863
Cell_366	0.997913	0.000538189	0.000891815	3.83371e-06	0.000652963
Cell_367	2.42975e-79	0.0956314	0.520808	0.00223875	0.381322
Cell_368	6.04024e-25	0.404087	0.343174	0.00147517	0.251264
Cell_369	0.999084	0.000534086	0.000219914	9.44951e-07	0.000160952
Cell_370	0.00032893	0.494877	0.2907	0.00124968	0.212844
Cell_371	1.68331e-24	0.264253	0.423707	0.00182237	0.310217
Cell_372	1.03704e-19	0.669021	0.190613	0.000819329	0.139546
Cell_373	8.10537e-53	0.336034	0.382364	0.00164364	0.279958
Cell_374	5.01766e-24	0.047414	0.697512	0.00151462	0.25356
Cell_375	2.98958e-44	0.000278098	0.997512	1.29414e-05	0.00219654
Cell_376	6.43695e-25	0.196486	0.431616	0.0558786	0.31602
Cell_377	5.30421e-46	3.60555e-08	1	1.77231e-09	3.01874e-07
Cell_378	2.79108e-57	0.252334	0.430566	0.00186073	0.31524
Cell_379	8.43866e-31	0.0206324	0.564012	0.00242433	0.412932
Cell_380	1.60379e-31	0.241242	0.436857	0.00187885	0.320022
Cell_381	1.32366e-56	0.10415	0.515901	0.00221769	0.377732
Cell_382	3.18405e-12	0.157719	0.485051	0.00208545	0.355145
Cell_383	2.48926e-44	0.360656	0.3698	0.00157334	0.26797
Cell_384	6.61282e-55	0.0559461	0.70686	0.00138489	0.235809
Cell_385	5.19568e-53	0.263898	0.0107804	0.00423351	0.721088
Cell_386	1.60147e-35	0.209418	0.455286	0.00195704	0.33334
Cell_387	3.65107e-27	0.408959	0.340368	0.00146311	0.24921
Cell_388	4.20941e-37	0.0291572	0.538288	0.00252668	0.430028
Cell_389	3.51405e-16	0.451638	0.315845	0.00135723	0.23116
Cell_390	5.08178e-22	0.232642	0.442022	0.00189946	0.323437
Cell_391	6.52382e-60	1.7533e-18	6.83425e-18	1	5.00378e-18
Cell_392	1.53283e-26	2.98384e-06	0.999994	1.98935e-08	3.38843e-06
Cell_393	1.73696e-91	0.412969	0.33807	0.00145344	0.247508
Cell_394	8.87434e-38	0.0435022	0.550826	0.00236783	0.403304
Cell_395	5.38327e-21	0.0124922	0.568694	0.00244452	0.41637
Cell_396	3.40297e-38	0.458987	0.311559	0.00133927	0.228115
Cell_397	3.59109e-32	0.0243366	0.561874	0.00241519	0.411374
Cell_398	0.998804	0.000533161	0.000382095	1.64228e-06	0.000279562
Cell_399	7.98021e-31	0.233574	0.441719	0.0018953	0.322812
Cell_400	8.45571e-38	0.355618	0.371085	0.00159521	0.271702
Cell_401	3.0299e-66	0.137868	3.34903e-08	0.00503204	0.8571
Cell_402	3.20293e-36	0.133643	0.498919	0.00214464	0.365293
Cell_403	1.82216e-27	0.663088	9.19457e-21	0.00196651	0.334946
Cell_404	4.26425e-49	5.71019e-08	1	4.0937e-10	6.97273e-08
Cell_405	2.14892e-31	0.450335	0.447343	0.000597236	0.101725
Cell_406	6.82051e-36	0.154061	0.487158	0.00209412	0.356687
Cell_407	1.35954e-21	0.131194	0.500326	0.00215072	0.366329
Cell_408	5.52666e-54	0.0847995	0.527372	0.00226368	0.385565
Cell_409	0.99801	0.0005349	0.000837778	3.60098e-06	0.000613332
Cell_410	3.96587e-56	5.24513e-09	1	6.56919e-11	1.11892e-08
Cell_411	0.00367463	0.0130581	0.566231	0.00243798	0.414599
Cell_412	4.66815e-56	0.449773	4.93542e-34	0.00622165	0.544006
Cell_413	3.08871e-46	0.25195	0.430786	0.0018518	0.315412
Cell_414	0.997706	0.000531735	0.00101464	4.36154e-06	0.000742894
Cell_415	3.39246e-141	0.0977257	1.04554e-17	0.00526738	0.897007
Cell_416	5.14822e-46	0.0245214	1.5201e-10	0.00569386	0.969785
Cell_417	2.49945e-46	0.29733	0.404657	0.00173942	0.296273
Cell_418	1.35283e-08	0.0629693	0.539616	0.00231969	0.395095
Cell_419	3.78658e-37	0.43358	0.326192	0.00140217	0.238826
Cell_420	2.14103e-41	0.249488	0.432208	0.00185786	0.316446
Cell_421	2.37349e-62	0.237554	0.315703	0.00260752	0.444135
Cell_422	1.37441e-45	0.32954	1.50774e-07	0.00391333	0.666546
Cell_423	9.92613e-43	0.451221	0.316116	0.001358	0.231305
Cell_424	3.86028e-61	0.62995	0.00594527	0.00212532	0.361979
Cell_425	6.68206e-23	0.324717	0.00524179	0.00391113	0.66613
Cell_426	1.20228e-26	0.591336	0.235782	0.00102693	0.171855
Cell_427	3.18449e-14	0.453542	0.314696	0.00135274	0.23041
Cell_428	1.36719e-33	0.322133	0.390369	0.00167827	0.28582
Cell_429	3.48132e-34	1.75941e-05	0.999958	1.41795e-07	2.41518e-05
Cell_430	1.25482e-32	0.464898	8.95707e-17	0.0031243	0.531978
Cell_431	1.43288e-35	0.376918	0.358819	0.00154243	0.26272
Cell_432	1.40549e-45	0.110549	2.47422e-12	0.00519171	0.88426
Cell_433	5.08906e-48	2.70567e-15	1	8.31644e-16	1.41638e-13
Cell_434	4.58104e-22	0.407713	0.00127035	0.00345037	0.587566
Cell_435	2.09444e-11	0.0512493	0.546371	0.00234859	0.400031
Cell_436	4.90047e-33	0.0348035	0.412337	0.250955	0.301905
Cell_437	0.00496994	0.294137	0.403785	0.00173416	0.295374
Cell_438	8.80701e-22	0.260889	0.425639	0.00182969	0.311643
Cell_439	2.5687e-29	0.172106	0.477409	0.00204666	0.348439
Cell_440	1.37292e-68	0.232539	0.441885	0.00191781	0.323658
Cell_441	2.97766e-25	0.054376	0.58895	0.00208181	0.354592
Cell_442	8.37633e-40	0.17442	3.51376e-20	0.00482332	0.820756
Cell_443	0.373273	0.0106696	0.451111	0.000962747	0.163983
Cell_444	0.994167	0.000530039	0.00305417	1.31287e-05	0.00223615
Cell_445	1.33512e-15	0.284942	0.411787	0.00177011	0.301501
Cell_446	8.5736e-51	0.169751	0.477794	0.00205775	0.350397
Cell_447	6.14718e-45	0.57191	0.246529	0.00105977	0.180502
Cell_448	1.94107e-35	0.165933	0.48043	0.00206419	0.351573
Cell_449	3.17441e-86	0.312105	1.349e-39	0.00401652	0.683878
Cell_450	1.19781e-91	0.571626	0.246691	0.00106043	0.180622
Cell_451	4.64028e-73	1.53749e-25	1	1.01118e-27	1.72234e-25
Cell_452	4.26798e-51	0.190446	0.466204	0.00200458	0.341346
Cell_453	1.31171e-10	0.341127	0.379379	0.00173842	0.277755
Cell_454	1.51076e-62	0.504692	0.285238	0.00122632	0.208844
Cell_455	3.26936e-60	0.0466908	0.724336	0.00133646	0.227637
Cell_456	3.17628e-46	0.352755	0.372752	0.00160215	0.272891
Cell_457	2.89541e-37	0.10703	0.514238	0.00221878	0.376512
Cell_458	1.0973e-24	0.487046	0.29553	0.00126916	0.216155
Cell_459	0.998306	0.000548582	0.000659599	2.83537e-06	0.000482943
Cell_460	5.29555e-06	4.4726e-08	0.999994	1.18686e-09	2.02145e-07
Cell_461	5.9491e-40	0.0820717	0.528616	0.00227248	0.38704
Cell_462	4.28284e-22	0.332991	0.384117	0.00165117	0.28124
Cell_463	1.83648e-67	0.529709	4.2657e-12	0.00274498	0.467546
Cell_464	0.998543	0.000540241	0.000528086	2.27005e-06	0.000386654
Cell_465	6.55369e-28	0.000561737	0.994919	2.63814e-05	0.00449332
Cell_466	1.20615e-22	3.73886e-16	1	1.23778e-16	2.10816e-14
Cell_467	1.21305e-32	0.0184954	0.968471	7.60747e-05	0.0129574
Cell_468	2.51885e-40	0.0552335	0.832462	0.000655492	0.111649
Cell_469	0.000115128	0.270474	0.420052	0.00180565	0.307553
Cell_470	1.92454e-65	0.216446	0.454127	0.00192284	0.327504
Cell_471	1.77286e-50	0.223281	0.447296	0.00192277	0.3275
Cell_472	0.999306	0.000542388	8.71451e-05	3.74427e-07	6.37754e-05
Cell_473	7.6677e-21	0.238855	0.00538514	0.00441123	0.751348
Cell_474	1.2148e-33	0.000549572	0.998321	6.5918e-06	0.00112277
Cell_475	2.16136e-23	0.134045	0.498685	0.00214366	0.365126
Cell_476	1.24837e-38	0.438987	7.41023e-18	0.00327451	0.557738
Cell_477	5.407e-39	0.00458479	3.25653e-05	0.957359	0.0380233
Cell_478	3.80524e-37	0.373203	0.361103	0.00155093	0.264143
Cell_479	4.21593e-58	0.215142	0.450912	0.00194915	0.331997
Cell_480	2.05352e-51	2.25652e-09	1	6.82903e-11	1.16318e-08
Cell_481	4.14413e-63	1.09651e-39	1	5.96828e-42	1.01649e-39
Cell_482	1.50243e-14	0.0748645	0.532795	0.00228999	0.39005
Cell_483	0.989365	0.000727143	0.00572354	2.44277e-05	0.00415944
Cell_484	7.02543e-28	0.215182	0.0355978	0.00438214	0.744838
Cell_485	1.52112e-29	4.34397e-22	7.40989e-22	1	5.42537e-22
Cell_486	2.49361e-66	0.229613	0.443661	0.00190702	0.324819
Cell_487	1.23459e-06	0.0442326	0.552073	0.00235716	0.401336
Cell_488	1.49374e-17	0.461597	0.310087	0.00133265	0.226983
Cell_489	4.95222e-54	0.00601226	0.985279	5.08305e-05	0.00865787
Cell_490	3.54136e-70	9.0954e-19	1	2.14288e-20	3.64994e-18
Cell_491	5.54092e-60	0.0852233	0.52681	0.00226447	0.385702
Cell_492	1.60003e-33	0.42966	0.328466	0.00141176	0.240462
Cell_493	8.30958e-44	0.400695	4.39268e-15	0.00349799	0.595807
Cell_494	5.3978e-15	0.0160677	0.566743	0.00243506	0.414754
Cell_495	6.74107e-26	0.116984	0.508511	0.00218608	0.372319
Cell_496	3.16718e-29	0.765715	0.13492	0.000579972	0.0987856
Cell_497	2.57629e-71	4.22973e-42	1	7.12047e-44	1.21276e-41
Cell_498	7.11519e-83	0.377287	0.358607	0.00154152	0.262565
Cell_499	7.70153e-79	0.210251	2.69817e-20	0.00460956	0.78514
Cell_500	5.01491e-19	0.203956	0.458573	0.00197007	0.335501
Cell_501	0.998579	0.000611626	0.000466201	2.00557e-06	0.000341595
Cell_502	1.72305e-29	0.238905	0.43831	0.00188403	0.320901
Cell_503	1.55335e-76	2.20225e-25	1	2.36875e-26	4.03467e-24
Cell_504	1.2737e-33	5.71424e-08	1	1.2223e-09	1.67629e-07
Cell_505	2.24301e-15	0.747907	0.145184	0.000624032	0.106286
Cell_506	5.59262e-32	0.397873	0.346758	0.00149057	0.253879
Cell_507	1.5618e-77	5.88593e-14	1	1.7474e-14	2.97631e-12
Cell_508	1.68064e-47	3.16237e-17	1	6.07715e-19	1.03511e-16
Cell_509	8.54849e-30	0.546624	0.260882	0.00117039	0.191324
Cell_510	0.998762	0.000570407	0.000384449	1.65263e-06	0.000281483
Cell_511	2.42994e-36	3.72084e-18	1	4.02325e-20	6.85274e-18
Cell_512	7.84084e-46	0.177103	0.460358	0.00211605	0.360423
Cell_513	2.43509e-40	0.0122791	0.723264	0.00154362	0.262914
Cell_514	8.63903e-22	0.108088	0.513638	0.00220789	0.376067
Cell_515	0.998512	0.000532334	0.000550201	2.3651e-06	0.000402843
Cell_516	2.57112e-40	0.117549	0.554705	0.00191297	0.325833
Cell_517	1.0585e-28	0.0986241	0.519083	0.00223137	0.380062
Cell_518	0.998832	0.000532383	0.000366199	1.57415e-06	0.000268122
Cell_519	9.34492e-18	0.372777	0.361212	0.00155267	0.264459
Cell_520	1.90149e-20	0.0354161	0.944331	0.000118546	0.0201343
Cell_521	5.43281e-120	1.49449e-13	1	1.22372e-15	2.0838e-13
Cell_522	4.98198e-18	0.487804	0.294962	0.00126793	0.215965
Cell_523	3.39723e-22	0.38283	0.355415	0.0015287	0.260226
Cell_524	4.733e-19	0.000164703	0.999337	2.91089e-06	0.000495807
Cell_525	3.86865e-38	0.0971552	0.519936	0.00223494	0.380674
Cell_526	4.39763e-19	0.0551083	0.544329	0.00234024	0.398223
Cell_527	7.87197e-55	0.442365	0.321131	0.00138042	0.235124
Cell_528	6.39868e-28	8.52157e-05	0.999627	1.67976e-06	0.000286104
Cell_529	1.37525e-13	0.569037	0.248189	0.00106682	0.181708
Cell_530	0.998939	0.000568	0.000284193	1.22152e-06	0.000208058
Cell_531	0.996956	0.000531668	0.00144688	6.21997e-06	0.00105937
Cell_532	1.18097e-54	0.214555	0.000325408	0.00458262	0.780537
Cell_533	2.25138e-90	3.22997e-13	4.67428e-13	1	3.41708e-13
Cell_534	5.86631e-51	0.116969	0.508519	0.00218593	0.372327
Cell_535	1.25538e-21	0.518397	0.277346	0.0011922	0.203065
Cell_536	4.58134e-55	0.059946	9.99836e-05	0.00548627	0.934468
Cell_537	1.06841e-38	0.293621	0.406788	0.00174863	0.297842
Cell_538	1.71872e-67	0.0178646	0.564977	0.00243485	0.414724
Cell_539	1.32463e-33	0.191799	0.434102	0.00218352	0.371916
Cell_540	3.16528e-06	0.105024	0.515449	0.00231866	0.377205
Cell_541	1.04052e-46	0.0268438	0.560429	0.00240898	0.410318
Cell_542	1.7749e-41	0.00141565	0.995504	1.79815e-05	0.00306276
Cell_543	3.12176e-44	0.0404825	0.925034	0.000201273	0.0342826
Cell_544	1.93561e-20	0.486457	0.295739	0.00127143	0.216533
Cell_545	5.15949e-51	0.247155	0.433572	0.00186367	0.317409
Cell_546	3.94511e-23	0.302427	0.401752	0.00172694	0.294095
Cell_547	1.26395e-63	0.511797	0.00175878	0.00283925	0.483605
Cell_548	1.05471e-19	0.06309	0.539621	0.00231904	0.39497
Cell_549	1.5516e-43	0.341471	0.379233	0.00163025	0.277666
Cell_550	3.05077e-103	0.034821	0.555826	0.00238929	0.406964
Cell_551	2.13972e-25	0.209743	0.0152163	0.00452606	0.770515
Cell_552	0.998729	0.000578153	0.000399038	1.71528e-06	0.000292152
Cell_553	3.18676e-31	0.558512	0.254262	0.00109279	0.186133
Cell_554	5.37445e-47	0.000281477	0.999162	3.24897e-06	0.000553373
Cell_555	5.72892e-27	0.129056	0.501569	0.00215629	0.367218
Cell_556	1.10519e-56	0.253512	1.06351e-06	0.00435707	0.74213
Cell_557	0.000269295	0.427945	0.329279	0.00141545	0.241091
Cell_558	5.26347e-69	5.27441e-07	0.999999	3.95219e-09	6.73166e-07
Cell_559	1.11109e-25	0.310565	0.397031	0.00170669	0.290698
Cell_560	2.11473e-20	0.0430996	0.48703	0.00279672	0.467074
Cell_561	2.36806e-31	0.386963	0.00288878	0.00356127	0.606587
Cell_562	3.06462e-15	5.54047e-07	0.999999	4.7022e-09	8.00895e-07
Cell_563	5.45067e-71	0.122277	0.505463	0.00217279	0.370088
Cell_564	3.13564e-66	0.0789917	0.743404	0.00103663	0.176567
Cell_565	2.11283e-62	0.000515353	0.00286844	0.994516	0.00210022
Cell_566	4.25993e-66	3.24258e-20	3.22511e-19	1	2.36128e-19
Cell_567	5.81728e-26	0.259512	0.426434	0.00183305	0.312221
Cell_568	1.72667e-20	0.240825	0.437273	0.00187958	0.320023
Cell_569	3.53835e-14	0.0833631	0.431783	0.115982	0.368871
Cell_570	2.14117e-56	0.653224	3.34684e-23	0.00202404	0.344752
Cell_571	3.1001e-56	6.40143e-11	1.19333e-10	1	8.73731e-11
Cell_572	2.9756e-26	0.533177	0.268967	0.00115487	0.196702
Cell_573	4.40914e-62	0.0202634	0.564314	0.00242537	0.412997
Cell_574	4.45976e-46	0.137595	0.554929	0.00179469	0.305681
Cell_575	7.86518e-24	0.0871072	0.525717	0.00225985	0.384916
Cell_576	1.26807e-65	0.0597785	0.541458	0.00232749	0.396436
Cell_577	1.01291e-35	0.195959	0.463031	0.00199039	0.339019
Cell_578	6.74414e-12	0.0975705	0.388826	0.228867	0.284737
Cell_579	1.64837e-41	0.0779167	0.531007	0.00228291	0.388793
Cell_580	2.26389e-28	0.184472	0.378948	0.0025482	0.434032
Cell_581	8.81949e-76	0.413422	1.60196e-08	0.00342385	0.583154
Cell_582	1.00147e-31	0.175093	0.475079	0.00204343	0.347785
Cell_583	1.37391e-07	0.123929	0.50451	0.00216871	0.369392
Cell_584	1.29384e-79	1.35254e-14	1	8.75253e-16	1.4908e-13
Cell_585	4.26758e-85	3.69043e-17	1	1.54291e-18	2.62597e-16
Cell_586	6.05285e-42	0.37935	1.33943e-07	0.00362257	0.617027
Cell_587	3.57635e-50	0.173789	0.475798	0.00204527	0.348367
Cell_588	1.46514e-44	0.0182323	0.565386	0.00243032	0.413951
Cell_589	3.60466e-72	0.150478	1.01106e-37	0.00495843	0.844563
Cell_590	3.77512e-24	0.18558	0.469014	0.00201615	0.34339
Cell_591	2.95729e-42	0.0927898	1.08615e-09	0.00529515	0.901915
Cell_592	8.45351e-80	0.422343	7.96444e-40	0.00337168	0.574286
Cell_593	7.59803e-32	0.424776	0.331406	0.00142318	0.242395
Cell_594	6.13176e-10	6.36215e-06	0.999986	4.48963e-08	7.64707e-06
Cell_595	1.4381e-40	0.135144	0.389749	0.00277308	0.472334
Cell_596	8.68562e-37	3.15543e-12	1	9.99636e-14	1.70267e-11
Cell_597	2.2979e-30	0.46299	0.309253	0.00132936	0.226428
Cell_598	6.15186e-42	5.83006e-09	5.92392e-09	1	4.33734e-09
Cell_599	0.999084	0.000532991	0.000220806	9.49484e-07	0.000161671
Cell_600	2.10727e-55	0.000391753	0.000647855	0.998486	0.000474344
Cell_601	2.09296e-81	1.69272e-08	3.91424e-10	1	4.59486e-08
Cell_602	1.0106e-40	2.05235e-14	1	1.21103e-16	2.06178e-14
Cell_603	2.44703e-87	7.12118e-18	1	1.08824e-19	1.85358e-17
Cell_604	1.35099e-44	0.0632425	0.497829	0.00256194	0.436367
Cell_605	1.10041e-42	0.453834	0.314525	0.00135202	0.230288
Cell_606	4.78999e-08	0.454447	0.314293	0.00135277	0.229907
Cell_607	7.30776e-44	0.366111	6.31099e-05	0.00369949	0.630127
Cell_608	0.99791	0.000533814	0.000896129	3.85205e-06	0.000656113
Cell_609	2.49593e-30	4.51724e-14	1	7.22734e-15	1.231e-12
Cell_610	1.58842e-36	7.89348e-23	1	1.02375e-25	1.74374e-23
Cell_611	6.76861e-89	0.241315	1.09092e-11	0.00442824	0.754257
Cell_612	4.19923e-58	0.215649	0.45169	0.001942	0.33072
Cell_613	9.68953e-52	0.204362	9.72121e-22	0.00464394	0.790995
Cell_614	0.998057	0.000535996	0.000810316	3.48333e-06	0.000593293
Cell_615	4.84764e-32	0.389056	0.35183	0.00151238	0.257602
Cell_616	5.05779e-49	2.625e-08	1	3.31769e-10	5.65073e-08
Cell_617	3.28526e-31	1.98704e-10	1	9.85278e-12	1.67812e-09
Cell_618	1.62927e-40	2.95273e-13	1	3.01669e-15	5.13535e-13
Cell_619	2.73422e-43	0.626538	0.215064	0.00092473	0.157473
Cell_620	2.90813e-29	4.31754e-05	0.999464	1.1032e-05	0.000481296
Cell_621	4.50066e-34	0.00345153	0.574967	0.0024607	0.419121
Cell_622	6.57823e-59	0.12425	0.504338	0.00216784	0.369244
Cell_623	7.62454e-62	0.562839	0.251753	0.00108218	0.184326
Cell_624	1.79426e-27	0.0558513	0.543849	0.00233648	0.397963
Cell_625	3.54794e-39	0.0409834	0.88976	0.000404232	0.0688524
Cell_626	4.32344e-27	0.221152	0.448522	0.00192803	0.328397
Cell_627	1.61617e-45	0.0451907	0.549853	0.0023637	0.402592
Cell_628	1.22266e-60	0.56929	9.97704e-21	0.00251398	0.428196
Cell_629	3.29832e-65	0.130879	0.500547	0.00215143	0.366422
Cell_630	3.25768e-102	0.334197	0.383422	0.00164818	0.280733
Cell_631	9.12787e-40	0.729814	0.155703	0.000668249	0.113815
Cell_632	9.81787e-14	0.653983	0.0699984	0.00161105	0.274407
Cell_633	5.39673e-06	0.14825	0.490502	0.00210848	0.359135
Cell_634	1.46662e-49	0.647847	1.28869e-12	0.00205543	0.350098
Cell_635	4.93736e-36	4.70127e-09	1	1.06884e-10	1.82045e-08
Cell_636	3.28915e-46	3.39781e-14	6.95728e-13	1	5.09369e-13
Cell_637	3.17265e-58	8.51365e-29	1	2.46984e-31	4.20683e-29
Cell_638	5.37096e-22	0.258718	0.427161	0.00211371	0.312007
Cell_639	2.71725e-17	0.220682	0.448795	0.00193141	0.328591
Cell_640	6.8047e-34	0.458539	0.311499	0.00188942	0.228073
Cell_641	1.30275e-14	0.243314	0.435772	0.0018731	0.319041
Cell_642	4.36001e-57	1.79241e-06	0.999998	1.4071e-09	2.39661e-07
Cell_643	1.56406e-06	0.0890748	0.52492	0.0022704	0.383734
Cell_644	1.034e-52	0.194069	1.39971e-11	0.00470401	0.801227
Cell_645	4.0661e-35	0.0711469	0.542297	0.00225627	0.3843
Cell_646	2.17802e-32	0.296038	0.405341	0.00174393	0.296877
Cell_647	2.82901e-63	0.34934	0.374701	0.0016107	0.274348
Cell_648	8.90557e-51	0.160392	0.345559	0.00288364	0.491165
Cell_649	2.29764e-39	0.0842428	0.527516	0.00226624	0.385975
Cell_650	5.23393e-69	0.599392	1.11701e-27	0.00233826	0.398269
Cell_651	7.34623e-44	0.145177	0.492207	0.00225735	0.360359
Cell_652	1.76608e-82	1.20538e-16	1	2.0477e-19	3.48693e-17
Cell_653	1.71968e-19	0.0943638	0.515549	0.00228044	0.387807
Cell_654	2.81126e-59	0.351315	0.373564	0.00160581	0.273515
Cell_655	4.69109e-46	0.0518859	0.554171	0.00229935	0.391644
Cell_656	4.24114e-46	1.50576e-06	0.999993	3.07242e-08	5.23309e-06
Cell_657	7.20153e-15	0.231116	0.442912	0.00190344	0.324069
Cell_658	3.4707e-38	0.260696	0.4258	0.00183032	0.311673
Cell_659	6.43643e-30	0.0415885	0.552217	0.00237094	0.403824
Cell_660	1.74784e-36	0.00151319	0.997341	6.68655e-06	0.00113871
Cell_661	4.25189e-23	0.0113009	0.977217	6.70364e-05	0.011415
Cell_662	0.997462	0.000531804	0.00115541	4.96614e-06	0.000845876
Cell_663	2.23504e-64	0.279509	2.11966e-07	0.00420531	0.716285
Cell_664	0.0186923	0.586873	0.227147	0.000976416	0.166312
Cell_665	1.61477e-39	0.209012	0.455513	0.00195809	0.333517
Cell_666	8.27887e-34	0.210154	1.71848e-05	0.00461002	0.785219
