cell	Node 0	Node 1	Node 2
Cell_0	3.16514e-41	0.645323	0.354677
Cell_1	7.79909e-77	0.646444	0.353556
Cell_2	2.98684e-50	0.646465	0.353535
Cell_3	8.39505e-69	0.646445	0.353555
Cell_4	3.61061e-46	0.862571	0.137429
Cell_5	1.47388e-29	0.639742	0.360258
Cell_6	3.71918e-36	0.645894	0.354106
Cell_7	1.29412e-12	2.68145e-21	1
Cell_8	4.06661e-42	0.652987	0.347013
Cell_9	3.84757e-40	0.646126	0.353874
Cell_10	0.996659	2.41359e-33	0.00334124
Cell_11	4.50493e-36	0.608581	0.391419
Cell_12	8.51886e-54	0.646392	0.353608
Cell_13	6.51845e-40	0.645958	0.354042
Cell_14	3.59779e-15	0.454153	0.545847
Cell_15	3.63591e-13	3.95675e-19	1
Cell_16	3.7064e-40	0.999776	0.000223517
Cell_17	4.85073e-57	0.646442	0.353558
Cell_18	1.23298e-49	8.99836e-37	1
Cell_19	3.28193e-36	0.646398	0.353602
Cell_20	4.79838e-46	0.646449	0.353551
Cell_21	6.3413e-41	1	1.38594e-07
Cell_22	1.21028e-32	1.35063e-07	1
Cell_23	1.11711e-44	0.646406	0.353594
Cell_24	1.18865e-48	0.646394	0.353606
Cell_25	1.99465e-44	0.655437	0.344563
Cell_26	2.06527e-44	0.64607	0.35393
Cell_27	1.11253e-40	3.03593e-06	0.999997
Cell_28	1.51989e-50	0.964711	0.0352892
Cell_29	1.36039e-77	0.655082	0.344918
Cell_30	8.60058e-48	0.646423	0.353577
Cell_31	2.82012e-38	0.647175	0.352825
Cell_32	4.03474e-38	0.646317	0.353683
Cell_33	1.15028e-28	0.646068	0.353932
Cell_34	6.36605e-69	0.640036	0.359964
Cell_35	2.48954e-57	0.646444	0.353556
Cell_36	0.983929	2.61564e-12	0.0160709
Cell_37	9.83541e-46	0.410752	0.589248
Cell_38	9.69368e-45	1	1.24232e-08
Cell_39	1.31356e-60	1	1.57805e-15
Cell_40	3.79293e-58	0.646448	0.353552
Cell_41	2.75229e-42	0.646495	0.353505
Cell_42	2.39638e-68	0.646417	0.353583
Cell_43	7.18342e-52	0.635943	0.364057
Cell_44	1.90559e-65	0.99999	9.7719e-06
Cell_45	8.90551e-54	0.646452	0.353548
Cell_46	9.30329e-23	1.15347e-07	1
Cell_47	0.999921	4.46391e-13	7.87583e-05
Cell_48	3.26914e-86	0.999999	1.31505e-06
Cell_49	1.09762e-88	0.655565	0.344435
Cell_50	1.97582e-55	1	1.88677e-13
Cell_51	4.84485e-50	0.647082	0.352918
Cell_52	2.1592e-31	0.00022676	0.999773
Cell_53	8.85842e-87	0.646455	0.353545
Cell_54	1.82917e-77	0.78185	0.21815
Cell_55	5.87008e-67	0.646454	0.353546
Cell_56	0.999617	1.93184e-28	0.000383016
Cell_57	0.998685	9.545e-31	0.00131533
Cell_58	4.57567e-22	0.645252	0.354748
Cell_59	1.66307e-41	0.646427	0.353573
Cell_60	3.40171e-50	0.646366	0.353634
Cell_61	6.42789e-73	1	2.20354e-17
Cell_62	1.58659e-29	0.646054	0.353946
Cell_63	7.34418e-09	6.55165e-34	1
Cell_64	6.99834e-66	0.646534	0.353466
Cell_65	2.01045e-27	0.645267	0.354733
Cell_66	1.62601e-31	0.645286	0.354714
Cell_67	2.95432e-21	0.114926	0.885074
Cell_68	1.77375e-31	0.644736	0.355264
Cell_69	2.72588e-53	0.646549	0.353451
Cell_70	1.59135e-75	0.646625	0.353375
Cell_71	6.02838e-56	0.61558	0.38442
Cell_72	1.52917e-25	0.645964	0.354036
Cell_73	7.49228e-34	1.67685e-41	1
Cell_74	6.76754e-41	0.647137	0.352863
Cell_75	3.87249e-32	0.646377	0.353623
Cell_76	2.80941e-52	0.646443	0.353557
Cell_77	5.66599e-41	0.646331	0.353669
Cell_78	1.05157e-45	0.646438	0.353562
Cell_79	1.0438e-51	0.646579	0.353421
Cell_80	3.50767e-25	2.67932e-21	1
Cell_81	0.99939	2.41464e-22	0.000610264
Cell_82	2.95463e-65	1	7.96714e-12
Cell_83	3.44815e-64	1	1.72809e-29
Cell_84	3.12197e-90	0.99989	0.000110472
Cell_85	6.00722e-60	0.646453	0.353547
Cell_86	1.83481e-33	0.63745	0.36255
Cell_87	4.02131e-17	0.643638	0.356362
Cell_88	9.56892e-11	1.11525e-24	1
Cell_89	4.1039e-58	0.646371	0.353629
Cell_90	7.1589e-17	2.82485e-25	1
Cell_91	1.51921e-58	0.646476	0.353524
Cell_92	2.01639e-36	0.646439	0.353561
Cell_93	0.997229	1.09889e-21	0.00277079
Cell_94	7.33187e-36	0.645068	0.354932
Cell_95	1.15829e-66	0.646462	0.353538
Cell_96	6.01208e-51	0.646489	0.353511
Cell_97	3.12167e-06	2.69079e-21	0.999997
Cell_98	4.1526e-71	0.646437	0.353563
Cell_99	1.84861e-49	0.644736	0.355264
Cell_100	1.06633e-85	0.974261	0.0257393
Cell_101	3.02798e-64	0.64682	0.35318
Cell_102	1.45546e-10	5.01223e-20	1
Cell_103	0.99916	1.37096e-46	0.000840494
Cell_104	2.42755e-60	0.646076	0.353924
Cell_105	2.33328e-45	0.999365	0.000634911
Cell_106	1.91856e-12	0.644876	0.355124
Cell_107	2.32856e-37	0.682516	0.317484
Cell_108	1.28833e-36	1.77526e-14	1
Cell_109	5.03322e-42	1	4.28151e-07
Cell_110	2.68134e-17	0.639774	0.360226
Cell_111	2.00277e-27	3.70259e-28	1
Cell_112	0.000904817	0.586051	0.413044
Cell_113	2.10504e-40	0.646368	0.353632
Cell_114	5.32351e-24	0.784192	0.215808
Cell_115	3.73256e-35	0.646201	0.353799
Cell_116	1.56247e-63	0.646448	0.353552
Cell_117	1.39735e-43	0.646429	0.353571
Cell_118	2.99781e-31	0.645329	0.354671
Cell_119	1.17148e-72	0.656226	0.343774
Cell_120	9.23227e-47	0.629118	0.370882
Cell_121	1.11856e-46	0.646481	0.353519
Cell_122	4.4916e-34	0.646676	0.353324
Cell_123	0.999597	5.1025e-26	0.000403385
Cell_124	4.91365e-60	1	1.07947e-09
Cell_125	1.69906e-54	0.646449	0.353551
Cell_126	3.48279e-46	0.646321	0.353679
Cell_127	1.35525e-61	0.646443	0.353557
Cell_128	2.58369e-23	0.647504	0.352496
Cell_129	2.09338e-34	0.645743	0.354257
Cell_130	3.91885e-35	3.84582e-08	1
Cell_131	1.31615e-31	0.000328763	0.999671
Cell_132	6.51592e-14	2.16271e-05	0.999978
Cell_133	2.73792e-65	1	2.1417e-07
Cell_134	2.34838e-61	0.644783	0.355217
Cell_135	1.04803e-22	0.288564	0.711436
Cell_136	4.14259e-61	0.646446	0.353554
Cell_137	0.000926561	1.34293e-15	0.999073
Cell_138	8.17775e-78	0.646443	0.353557
Cell_139	0.999985	1.76459e-48	1.4811e-05
Cell_140	4.31819e-19	0.641417	0.358583
Cell_141	3.04042e-69	0.646393	0.353607
Cell_142	2.27958e-35	0.646257	0.353743
Cell_143	0.999195	1.4858e-17	0.000805206
Cell_144	5.38978e-38	0.708395	0.291605
Cell_145	2.21624e-68	1	3.76796e-09
Cell_146	7.50355e-75	0.646465	0.353535
Cell_147	3.94991e-25	3.17665e-05	0.999968
Cell_148	8.9689e-55	0.646414	0.353586
Cell_149	4.04916e-37	0.646299	0.353701
Cell_150	9.49752e-27	0.124873	0.875127
Cell_151	8.7586e-25	0.641289	0.358711
Cell_152	8.83303e-18	0.221795	0.778205
Cell_153	6.91335e-46	0.646421	0.353579
Cell_154	6.48745e-43	0.645799	0.354201
Cell_155	4.48966e-55	1.30405e-23	1
Cell_156	4.56292e-29	0.999629	0.000371317
Cell_157	2.24456e-82	1	3.0133e-07
Cell_158	1.81134e-50	0.999163	0.000836642
Cell_159	6.1222e-25	0.643527	0.356473
Cell_160	0.999511	5.32578e-29	0.000489175
Cell_161	1.58697e-74	1	3.70928e-16
Cell_162	2.02469e-40	1	2.30544e-15
Cell_163	0.997894	2.83724e-15	0.00210576
Cell_164	4.35844e-58	0.646389	0.353611
Cell_165	3.44893e-23	2.51831e-24	1
Cell_166	8.96321e-36	0.645095	0.354905
Cell_167	9.27013e-32	0.637449	0.362551
Cell_168	5.19603e-18	0.649707	0.350293
Cell_169	2.4158e-82	0.646406	0.353594
Cell_170	1.14729e-36	0.998921	0.0010795
Cell_171	7.26775e-43	1	7.67077e-09
Cell_172	3.14847e-57	1	1.93968e-25
Cell_173	1.75269e-52	0.64614	0.35386
Cell_174	1.46244e-33	0.646033	0.353967
Cell_175	7.46506e-90	0.646443	0.353557
Cell_176	2.59158e-50	0.646446	0.353554
Cell_177	1.49964e-41	0.64258	0.35742
Cell_178	1.26625e-55	0.6464	0.3536
Cell_179	4.77014e-51	0.645462	0.354538
Cell_180	2.56632e-73	0.646451	0.353549
Cell_181	3.34334e-68	1	1.98877e-23
Cell_182	4.84837e-61	0.646421	0.353579
Cell_183	1.53625e-57	0.646441	0.353559
Cell_184	5.46733e-56	0.64779	0.35221
Cell_185	4.89217e-29	0.629189	0.370811
Cell_186	4.02965e-47	0.646369	0.353631
Cell_187	1.83547e-42	0.647081	0.352919
Cell_188	0.991313	6.3055e-30	0.00868725
Cell_189	2.19502e-52	0.64646	0.35354
Cell_190	1.8776e-38	0.000586071	0.999414
Cell_191	3.90029e-17	1.43642e-27	1
Cell_192	4.85737e-70	0.646436	0.353564
Cell_193	1.92277e-49	0.646332	0.353668
Cell_194	2.19507e-05	1.4723e-29	0.999978
Cell_195	1.56031e-28	0.646226	0.353774
Cell_196	4.07558e-41	0.645047	0.354953
Cell_197	1.69286e-24	0.634149	0.365851
Cell_198	2.18798e-41	0.648433	0.351567
Cell_199	0.999841	1.06812e-40	0.000158864
Cell_200	7.6505e-11	6.34764e-34	1
Cell_201	7.25428e-56	0.646468	0.353532
Cell_202	3.16847e-59	0.646439	0.353561
Cell_203	1.37902e-22	0.638187	0.361813
Cell_204	6.3741e-36	0.000629018	0.999371
Cell_205	1.07169e-62	2.3625e-07	1
Cell_206	4.3432e-15	2.05207e-38	1
Cell_207	7.40423e-54	0.646495	0.353505
Cell_208	5.82192e-40	0.645264	0.354736
Cell_209	2.82669e-52	1	1.09568e-13
Cell_210	1.58387e-24	0.589171	0.410829
Cell_211	2.0524e-59	0.646184	0.353816
Cell_212	2.70874e-60	0.646344	0.353656
Cell_213	1.26942e-55	0.641324	0.358676
Cell_214	1.42878e-34	0.646388	0.353612
Cell_215	2.84156e-76	1	5.97536e-21
Cell_216	1.74904e-28	0.647802	0.352198
Cell_217	3.55045e-44	0.646565	0.353435
Cell_218	6.85054e-38	0.0535133	0.946487
Cell_219	4.57187e-10	2.21655e-35	1
Cell_220	5.92171e-70	0.64644	0.35356
Cell_221	1.10746e-80	1	1.10638e-30
Cell_222	8.08753e-89	0.646435	0.353565
Cell_223	2.93548e-27	0.647618	0.352382
Cell_224	0.998074	2.13782e-27	0.00192571
Cell_225	0.999095	1.29466e-48	0.000904993
Cell_226	9.25683e-16	6.04663e-14	1
Cell_227	5.25733e-34	0.646306	0.353694
Cell_228	1.75522e-38	0.999725	0.000275169
Cell_229	8.74282e-90	0.646439	0.353561
Cell_230	6.18522e-37	0.646477	0.353523
Cell_231	2.07349e-38	0.746085	0.253915
Cell_232	6.4341e-17	0.645256	0.354744
Cell_233	7.45497e-49	0.646262	0.353738
Cell_234	3.28848e-49	0.645801	0.354199
Cell_235	7.65517e-17	0.454168	0.545832
Cell_236	2.10282e-40	0.64637	0.35363
Cell_237	2.87661e-53	0.646459	0.353541
Cell_238	2.00128e-17	1.3966e-36	1
Cell_239	1.28074e-68	0.646869	0.353131
Cell_240	4.43425e-40	0.646014	0.353986
Cell_241	1.4202e-22	0.871772	0.128228
Cell_242	4.3935e-06	2.31277e-06	0.999993
Cell_243	0.999624	9.45358e-53	0.000375655
Cell_244	9.85825e-54	0.646439	0.353561
Cell_245	6.75237e-88	0.662032	0.337968
Cell_246	5.04596e-17	0.645927	0.354073
Cell_247	1.35452e-27	0.674467	0.325533
Cell_248	0.990214	2.29378e-06	0.00978338
Cell_249	4.29463e-76	0.646395	0.353605
Cell_250	2.11506e-35	0.642427	0.357573
Cell_251	0.999396	6.70278e-28	0.000604054
Cell_252	5.835e-05	1.27707e-21	0.999942
Cell_253	4.23366e-57	0.64609	0.35391
Cell_254	3.26868e-59	0.999999	8.65081e-07
Cell_255	3.4349e-54	0.646446	0.353554
Cell_256	8.33928e-92	1	5.40982e-22
Cell_257	4.5681e-23	0.646134	0.353866
Cell_258	4.02434e-18	0.644125	0.355875
Cell_259	1.49289e-43	0.646455	0.353545
Cell_260	4.93058e-25	0.646022	0.353978
Cell_261	1.92738e-50	0.646505	0.353495
Cell_262	7.40666e-44	0.646465	0.353535
Cell_263	6.34041e-55	0.646405	0.353595
Cell_264	1.7163e-54	0.646414	0.353586
Cell_265	2.16441e-72	0.64665	0.35335
Cell_266	1.62176e-17	2.51598e-13	1
Cell_267	5.91378e-31	0.646438	0.353562
Cell_268	1.10008e-55	0.999998	1.66368e-06
Cell_269	6.20219e-15	0.63986	0.36014
Cell_270	6.76927e-40	0.646375	0.353625
Cell_271	5.50548e-26	5.28712e-20	1
Cell_272	1.17215e-47	0.646434	0.353566
Cell_273	6.85663e-100	0.646462	0.353538
Cell_274	5.33611e-48	0.646287	0.353713
Cell_275	2.10487e-26	0.99998	1.98068e-05
Cell_276	1.55498e-14	2.55077e-10	1
Cell_277	1.48542e-53	1	1.9118e-10
Cell_278	2.24673e-39	0.746625	0.253375
Cell_279	2.61559e-101	0.646458	0.353542
Cell_280	3.54625e-44	0.643887	0.356113
Cell_281	3.78383e-28	1.45017e-11	1
Cell_282	5.88068e-22	5.31668e-06	0.999995
Cell_283	7.43792e-40	0.646441	0.353559
Cell_284	1.08882e-79	1	5.12312e-32
Cell_285	2.49953e-14	0.63414	0.36586
Cell_286	7.7728e-91	0.646452	0.353548
Cell_287	4.8053e-50	0.645132	0.354868
Cell_288	1.39544e-66	0.646095	0.353905
Cell_289	3.92173e-33	0.646351	0.353649
Cell_290	7.33333e-44	0.464643	0.535357
Cell_291	3.61974e-66	0.646982	0.353018
Cell_292	1.52856e-27	0.641773	0.358227
Cell_293	8.05457e-16	0.635151	0.364849
Cell_294	4.5117e-40	0.646472	0.353528
Cell_295	1.33144e-59	0.64642	0.35358
Cell_296	2.16883e-18	6.25835e-12	1
Cell_297	5.86939e-92	1	3.46126e-13
Cell_298	0.998539	1.62123e-27	0.00146128
Cell_299	5.83155e-28	0.646323	0.353677
Cell_300	1.22691e-28	0.646513	0.353487
Cell_301	1.25312e-23	0.12248	0.87752
Cell_302	4.12224e-62	0.646307	0.353693
Cell_303	6.72705e-27	0.648566	0.351434
Cell_304	1.7698e-48	0.646425	0.353575
Cell_305	9.06743e-35	0.644373	0.355627
Cell_306	1.57165e-05	2.27535e-31	0.999984
Cell_307	1.8122e-08	9.59312e-19	1
Cell_308	2.86777e-28	0.646482	0.353518
Cell_309	6.46463e-40	0.648891	0.351109
Cell_310	1.04457e-64	0.646508	0.353492
Cell_311	0.953844	1.61599e-20	0.0461563
Cell_312	1.38795e-33	1	5.88634e-09
Cell_313	2.85106e-42	0.999994	6.00514e-06
Cell_314	8.46141e-50	0.646443	0.353557
Cell_315	0.999701	1.43171e-51	0.000298693
Cell_316	3.38511e-20	1	8.64158e-09
Cell_317	1.98531e-55	0.0333092	0.966691
Cell_318	2.91484e-49	0.646068	0.353932
Cell_319	3.51251e-37	0.646344	0.353656
Cell_320	6.17048e-64	0.646429	0.353571
Cell_321	1.90009e-30	0.646047	0.353953
Cell_322	5.05117e-39	0.646458	0.353542
Cell_323	5.42066e-66	0.646458	0.353542
Cell_324	5.58934e-58	0.74843	0.25157
Cell_325	0.999642	8.78112e-30	0.000358183
Cell_326	5.61629e-39	0.64637	0.35363
Cell_327	3.69707e-61	0.645793	0.354207
Cell_328	6.24087e-71	0.64745	0.35255
Cell_329	1.92594e-06	1.84542e-14	0.999998
Cell_330	0.980161	7.49589e-18	0.0198389
Cell_331	2.61121e-40	0.646217	0.353783
Cell_332	2.59829e-38	0.998448	0.00155155
Cell_333	2.77796e-40	0.639794	0.360206
Cell_334	2.60909e-80	0.646443	0.353557
Cell_335	1.4701e-20	0.733849	0.266151
Cell_336	1.94203e-52	0.646381	0.353619
Cell_337	1.88707e-13	0.630816	0.369184
Cell_338	9.29859e-45	0.646758	0.353242
Cell_339	2.55121e-31	0.645463	0.354537
Cell_340	2.63702e-33	0.646419	0.353581
Cell_341	1.54692e-46	0.645721	0.354279
Cell_342	3.40245e-40	0.646259	0.353741
Cell_343	2.44654e-44	0.646444	0.353556
Cell_344	3.76311e-71	1	1.13336e-07
Cell_345	6.01291e-33	0.991766	0.00823395
Cell_346	1.61617e-56	0.6464	0.3536
Cell_347	7.17609e-59	5.74356e-08	1
Cell_348	7.7911e-66	0.646445	0.353555
Cell_349	1.31837e-32	0.00194272	0.998057
Cell_350	1.10218e-20	1.61404e-11	1
Cell_351	6.0902e-20	3.73655e-20	1
Cell_352	6.41961e-78	0.646425	0.353575
Cell_353	3.43068e-39	0.646435	0.353565
Cell_354	1.42329e-37	0.646478	0.353522
Cell_355	0.00289461	1.85001e-20	0.997105
Cell_356	4.3464e-42	0.646342	0.353658
Cell_357	5.41741e-25	0.647351	0.352649
Cell_358	7.24296e-50	1	4.81823e-26
Cell_359	1.73194e-37	0.64663	0.35337
Cell_360	3.42878e-49	0.645947	0.354053
Cell_361	1.18101e-62	0.646506	0.353494
Cell_362	0.999182	4.0478e-36	0.000817817
Cell_363	1.35206e-29	0.643438	0.356562
Cell_364	4.37997e-44	0.646179	0.353821
Cell_365	3.45505e-21	0.634344	0.365656
Cell_366	2.21151e-31	0.646285	0.353715
Cell_367	2.54359e-80	0.645449	0.354551
Cell_368	3.95702e-31	0.0149946	0.985005
Cell_369	2.01012e-54	0.646371	0.353629
Cell_370	1.3627e-55	0.646471	0.353529
Cell_371	7.97483e-09	0.667024	0.332976
Cell_372	4.16783e-20	1.64694e-06	0.999998
Cell_373	2.06838e-39	0.999997	2.54125e-06
Cell_374	3.13756e-79	0.646444	0.353556
Cell_375	8.28103e-78	0.646447	0.353553
Cell_376	2.23176e-48	0.645581	0.354419
Cell_377	1.67919e-25	1.84778e-20	1
Cell_378	1.91608e-35	0.645465	0.354535
Cell_379	1.22135e-35	0.646204	0.353796
Cell_380	1.72372e-56	0.646817	0.353183
Cell_381	8.78297e-86	0.646442	0.353558
Cell_382	2.96521e-62	1	2.44617e-16
Cell_383	6.91206e-62	0.64643	0.35357
Cell_384	1.1911e-41	0.645025	0.354975
Cell_385	9.36107e-19	3.84673e-34	1
Cell_386	7.42042e-63	0.990475	0.00952522
Cell_387	0.32901	0.304731	0.366259
Cell_388	6.00872e-18	0.645884	0.354116
Cell_389	5.97221e-55	0.646984	0.353016
Cell_390	2.26766e-56	1	7.85276e-13
Cell_391	1.41169e-44	1	8.57474e-11
Cell_392	0.99371	6.70711e-20	0.00628981
Cell_393	3.04606e-09	0.454952	0.545048
Cell_394	7.86766e-91	1	6.78313e-33
Cell_395	1.80643e-28	0.629153	0.370847
Cell_396	0.99854	2.50455e-25	0.00146013
Cell_397	1.11137e-60	0.645444	0.354556
Cell_398	1.75001e-42	0.646355	0.353645
Cell_399	0.99958	1.12425e-24	0.000419569
Cell_400	3.57357e-48	0.646423	0.353577
Cell_401	5.55741e-09	5.66257e-09	1
Cell_402	1.63094e-21	0.643527	0.356473
Cell_403	4.98976e-58	0.646464	0.353536
Cell_404	1.96654e-42	0.646414	0.353586
Cell_405	3.51886e-21	0.64607	0.35393
Cell_406	5.68635e-37	0.99998	1.97333e-05
Cell_407	1.56765e-16	2.87736e-27	1
Cell_408	1.53138e-21	0.608403	0.391597
Cell_409	3.62051e-70	0.626401	0.373599
Cell_410	3.29584e-40	0.646465	0.353535
Cell_411	5.46171e-48	0.643286	0.356714
Cell_412	1.32197e-54	0.999997	2.56017e-06
Cell_413	3.93811e-28	0.646444	0.353556
Cell_414	1.5031e-25	1.06632e-17	1
Cell_415	3.77376e-65	1	1.61375e-17
Cell_416	1.17652e-55	1	9.82583e-19
Cell_417	3.58859e-16	1.73627e-12	1
Cell_418	1.3663e-67	1	3.87938e-17
Cell_419	1.44282e-12	4.93062e-15	1
Cell_420	3.34936e-84	0.646443	0.353557
Cell_421	3.3847e-106	0.872242	0.127758
Cell_422	1.80682e-31	0.646133	0.353867
Cell_423	1.15321e-47	0.999995	4.52509e-06
Cell_424	4.14767e-56	0.646416	0.353584
Cell_425	3.74673e-37	0.64629	0.35371
Cell_426	3.02683e-31	0.646117	0.353883
Cell_427	2.27877e-27	0.646386	0.353614
Cell_428	0.999313	1.20806e-51	0.000686958
Cell_429	6.41302e-79	1	2.53327e-07
Cell_430	1.87853e-18	8.85624e-35	1
Cell_431	2.03465e-86	0.646439	0.353561
Cell_432	3.30235e-32	0.64624	0.35376
Cell_433	6.94016e-37	0.975495	0.0245048
Cell_434	1.39095e-34	0.646513	0.353487
Cell_435	9.13703e-35	0.646318	0.353682
Cell_436	2.44085e-66	0.646607	0.353393
Cell_437	4.31411e-19	0.866187	0.133813
Cell_438	1.68512e-11	0.454158	0.545842
Cell_439	2.00867e-21	0.646425	0.353575
Cell_440	1.86203e-48	0.646529	0.353471
Cell_441	0.999825	1.94436e-20	0.000175001
Cell_442	7.79745e-72	4.17486e-08	1
Cell_443	0.999282	7.97472e-20	0.000717641
Cell_444	1.26728e-45	1	2.55886e-20
Cell_445	1.06721e-64	0.646452	0.353548
Cell_446	1.13949e-57	0.642486	0.357514
Cell_447	9.71265e-38	0.646429	0.353571
Cell_448	1.1717e-43	0.645257	0.354743
Cell_449	6.936e-46	0.646212	0.353788
Cell_450	9.90198e-71	1	9.72842e-24
Cell_451	2.4796e-37	0.651425	0.348575
Cell_452	3.27806e-54	0.653089	0.346911
Cell_453	1.32963e-15	0.692691	0.307309
Cell_454	1.56507e-94	1	1.93053e-10
Cell_455	0.989796	1.99638e-15	0.0102039
Cell_456	1.74544e-55	1	6.70101e-09
Cell_457	2.80947e-23	0.634261	0.365739
Cell_458	0.996045	1.56474e-21	0.00395502
Cell_459	3.58138e-66	0.64398	0.35602
Cell_460	1.03261e-46	0.64643	0.35357
Cell_461	1.26312e-42	1.31594e-10	1
Cell_462	1.50726e-93	0.646689	0.353311
Cell_463	2.11149e-60	1	7.04898e-19
Cell_464	3.40112e-99	0.646448	0.353552
Cell_465	4.2867e-80	0.647163	0.352837
Cell_466	2.51349e-66	1	3.30751e-13
Cell_467	2.07893e-53	1	8.46606e-13
Cell_468	5.45099e-86	0.646736	0.353264
Cell_469	1.45166e-45	0.646322	0.353678
Cell_470	3.36247e-52	0.00013429	0.999866
Cell_471	2.58144e-50	0.63899	0.36101
Cell_472	2.69865e-32	6.25663e-12	1
Cell_473	2.69598e-76	1	4.17857e-09
Cell_474	5.37917e-33	0.64389	0.35611
Cell_475	8.20865e-87	1	1.42793e-15
Cell_476	4.27153e-27	1	1.08277e-07
Cell_477	0.997881	1.78176e-44	0.0021194
Cell_478	1.17705e-31	0.646288	0.353712
Cell_479	3.35005e-29	0.646425	0.353575
Cell_480	3.79354e-60	0.646433	0.353567
Cell_481	0.965561	0.0156402	0.0187984
Cell_482	6.38573e-16	1.11103e-16	1
Cell_483	0.992727	2.0894e-29	0.00727338
Cell_484	4.46863e-82	0.646501	0.353499
Cell_485	5.64116e-36	1.82133e-05	0.999982
Cell_486	3.27314e-47	0.646431	0.353569
Cell_487	3.04253e-05	0.629398	0.370572
Cell_488	1.92395e-59	0.646441	0.353559
Cell_489	4.53164e-53	0.628684	0.371316
Cell_490	1.51909e-29	0.646319	0.353681
Cell_491	3.08638e-39	0.999999	1.14356e-06
Cell_492	0.998479	2.04867e-15	0.0015207
Cell_493	2.32458e-20	0.645488	0.354512
Cell_494	2.44083e-67	0.988936	0.0110638
Cell_495	4.44997e-72	0.999905	9.50911e-05
Cell_496	1.55096e-36	0.646824	0.353176
Cell_497	5.79219e-54	0.646513	0.353487
Cell_498	3.55835e-43	0.646822	0.353178
Cell_499	2.35348e-08	0.634239	0.365761
Cell_500	1.46135e-70	0.64598	0.35402
Cell_501	4.48581e-12	0.00558904	0.994411
Cell_502	1.07844e-38	1	1.43696e-19
Cell_503	2.08366e-26	0.645716	0.354284
Cell_504	0.983325	0.0075728	0.00910187
Cell_505	1.313e-69	0.646419	0.353581
Cell_506	1.6013e-40	1	1.97701e-17
Cell_507	2.78011e-43	0.645705	0.354295
Cell_508	2.90959e-56	0.646453	0.353547
Cell_509	2.26605e-30	0.646715	0.353285
Cell_510	6.98535e-61	1	2.01839e-20
Cell_511	1.27787e-43	0.00317737	0.996823
Cell_512	3.9942e-39	0.75061	0.24939
Cell_513	0.999428	1.77085e-14	0.0005722
Cell_514	2.57714e-54	0.999999	8.21066e-07
Cell_515	0.999274	4.5421e-15	0.000725915
Cell_516	1.52584e-76	0.646443	0.353557
Cell_517	1.64515e-21	0.648508	0.351492
Cell_518	7.03333e-61	1	6.36118e-22
Cell_519	4.93152e-33	0.651288	0.348712
Cell_520	2.05089e-23	0.643897	0.356103
Cell_521	6.51408e-34	0.646858	0.353142
Cell_522	0.979699	3.31854e-12	0.0203011
Cell_523	2.3545e-32	0.646421	0.353579
Cell_524	5.14315e-25	1.95278e-24	1
Cell_525	0.998356	5.5693e-20	0.00164391
Cell_526	4.64394e-21	3.7171e-09	1
Cell_527	5.34397e-29	5.67334e-07	0.999999
Cell_528	0.999034	2.37454e-35	0.000966246
Cell_529	4.12869e-30	0.643277	0.356723
Cell_530	4.70179e-46	0.646211	0.353789
Cell_531	3.88532e-62	1	3.65219e-11
Cell_532	6.58684e-69	0.646444	0.353556
Cell_533	6.87811e-48	0.646708	0.353292
Cell_534	6.28515e-42	0.7047	0.2953
Cell_535	3.03737e-28	0.645814	0.354186
Cell_536	1.01133e-44	2.45157e-26	1
Cell_537	3.39053e-35	0.99993	7.04381e-05
Cell_538	1.03124e-56	0.646351	0.353649
Cell_539	5.63164e-55	0.646345	0.353655
Cell_540	3.94698e-50	0.646435	0.353565
Cell_541	3.25511e-45	0.646447	0.353553
Cell_542	1.00093e-06	0.454359	0.54564
Cell_543	1.03633e-34	0.646103	0.353897
Cell_544	4.29494e-38	0.646454	0.353546
Cell_545	1.9419e-65	0.645719	0.354281
Cell_546	0.998957	9.38538e-40	0.00104313
Cell_547	1.05225e-50	0.641714	0.358286
Cell_548	0.955882	4.09426e-11	0.0441182
Cell_549	0.999662	1.89698e-27	0.000337699
Cell_550	1.28496e-40	0.64626	0.35374
Cell_551	6.54253e-55	0.646465	0.353535
Cell_552	6.08562e-42	1	4.6047e-13
Cell_553	6.1054e-15	1.32563e-15	1
Cell_554	7.87285e-77	0.646467	0.353533
Cell_555	3.0871e-68	0.671257	0.328743
Cell_556	1.56331e-24	0.645609	0.354391
Cell_557	2.84601e-39	0.45692	0.54308
Cell_558	1.71955e-57	0.646665	0.353335
Cell_559	0.000229649	2.00497e-05	0.99975
Cell_560	0.999299	7.60165e-29	0.000700842
Cell_561	2.96152e-23	0.629183	0.370817
Cell_562	0.993265	3.50597e-31	0.00673469
Cell_563	1.40004e-41	0.64653	0.35347
Cell_564	5.6017e-26	0.645022	0.354978
Cell_565	1.08014e-23	0.640567	0.359433
Cell_566	2.92818e-60	0.64641	0.35359
Cell_567	2.00754e-26	0.000141173	0.999859
Cell_568	3.65085e-54	0.646069	0.353931
Cell_569	7.74745e-46	0.645803	0.354197
Cell_570	3.54249e-28	0.9995	0.000500279
Cell_571	2.21689e-58	0.647157	0.352843
Cell_572	1.47639e-55	0.646441	0.353559
Cell_573	2.46756e-56	0.646441	0.353559
Cell_574	1.3222e-11	3.06599e-13	1
Cell_575	9.99237e-44	0.645429	0.354571
Cell_576	2.80808e-37	5.80543e-46	1
Cell_577	3.7931e-51	0.646625	0.353375
Cell_578	1.95906e-31	0.645127	0.354873
Cell_579	0.994809	6.15869e-29	0.00519124
Cell_580	1.97127e-25	7.63171e-08	1
Cell_581	1.25323e-24	0.642759	0.357241
Cell_582	6.74631e-63	0.646383	0.353617
Cell_583	3.57615e-12	0.586509	0.413491
Cell_584	5.27117e-57	1	1.65798e-31
Cell_585	2.73863e-36	0.646486	0.353514
Cell_586	3.04989e-26	0.646291	0.353709
Cell_587	8.5868e-46	1	1.74192e-18
Cell_588	1.2299e-38	0.644925	0.355075
Cell_589	2.92841e-21	0.646754	0.353246
Cell_590	4.6059e-27	0.642912	0.357088
Cell_591	0.999606	8.94651e-40	0.000394276
Cell_592	5.05184e-21	0.643393	0.356607
Cell_593	1.75579e-62	0.64636	0.35364
Cell_594	5.98868e-81	0.646469	0.353531
Cell_595	7.74997e-20	0.97881	0.0211902
Cell_596	4.58674e-41	0.00136936	0.998631
Cell_597	6.87933e-15	0.643926	0.356074
Cell_598	3.73196e-35	0.64643	0.35357
Cell_599	1.31548e-10	5.01329e-20	1
Cell_600	4.48485e-67	0.647304	0.352696
Cell_601	3.16829e-45	0.999998	2.15408e-06
Cell_602	0.996415	2.55834e-25	0.0035852
Cell_603	2.24515e-61	1	6.71472e-12
Cell_604	1.6256e-06	7.75234e-50	0.999998
Cell_605	4.02708e-41	0.699776	0.300224
Cell_606	1.25507e-78	1	7.55313e-14
Cell_607	2.68135e-25	0.646289	0.353711
Cell_608	1.65755e-58	1	1.24521e-13
Cell_609	0.571721	2.73864e-44	0.428279
Cell_610	0.999682	1.80169e-38	0.000318067
Cell_611	9.13279e-62	1	6.8342e-13
Cell_612	1.94885e-44	0.646252	0.353748
Cell_613	7.73818e-47	0.646431	0.353569
Cell_614	8.38338e-54	0.646541	0.353459
Cell_615	1.71159e-34	0.646449	0.353551
Cell_616	4.53401e-66	0.786524	0.213476
Cell_617	1.01351e-26	0.646112	0.353888
Cell_618	9.52264e-45	0.646434	0.353566
Cell_619	0.99029	7.05287e-30	0.0097102
Cell_620	1.24075e-21	0.998176	0.00182449
Cell_621	4.94898e-76	0.849418	0.150582
Cell_622	2.6564e-46	0.646431	0.353569
Cell_623	9.17804e-49	1	1.60272e-08
Cell_624	1.23509e-29	0.643066	0.356934
Cell_625	1.07343e-47	1	8.11513e-16
Cell_626	4.2746e-56	0.646436	0.353564
Cell_627	4.83749e-52	0.64641	0.35359
Cell_628	1.98955e-91	0.646447	0.353553
Cell_629	5.55261e-55	0.641629	0.358371
Cell_630	5.38831e-48	0.786512	0.213488
Cell_631	1.85901e-39	0.658519	0.341481
Cell_632	4.42706e-21	0.129262	0.870738
Cell_633	1.96298e-34	1	7.52225e-10
Cell_634	1.47535e-27	0.646292	0.353708
Cell_635	1.85036e-23	0.935613	0.0643868
Cell_636	8.64576e-09	2.02913e-15	1
Cell_637	8.04935e-18	0.454192	0.545808
Cell_638	3.37784e-36	0.646372	0.353628
Cell_639	1.11113e-60	0.642646	0.357354
Cell_640	6.5556e-83	1	5.78022e-11
Cell_641	5.50287e-23	0.646273	0.353727
Cell_642	2.21127e-47	0.64639	0.35361
Cell_643	0.998472	4.7029e-41	0.00152783
Cell_644	1.61486e-73	0.646406	0.353594
Cell_645	0.989558	1.34286e-25	0.0104417
Cell_646	4.91866e-56	0.646465	0.353535
Cell_647	9.9478e-53	0.646432	0.353568
Cell_648	0.998023	1.4255e-33	0.0019765
Cell_649	1.04615e-33	0.647442	0.352558
Cell_650	1.40547e-27	2.11187e-08	1
Cell_651	7.34493e-58	0.646368	0.353632
Cell_652	4.65719e-39	0.646351	0.353649
Cell_653	1.62644e-88	1	9.48447e-25
Cell_654	0.996953	0.00138373	0.00166301
Cell_655	1.10173e-31	0.637446	0.362554
Cell_656	1.63137e-44	0.646301	0.353699
Cell_657	2.43844e-77	0.646437	0.353563
Cell_658	1.58079e-63	1	3.60232e-15
Cell_659	1.11778e-39	0.999995	4.76084e-06
Cell_660	1.372e-63	0.646439	0.353561
Cell_661	4.10897e-12	0.454183	0.545817
Cell_662	1.4302e-80	0.999999	1.35385e-06
Cell_663	1.05665e-33	0.642454	0.357546
Cell_664	2.78484e-86	0.646517	0.353483
Cell_665	4.74311e-27	1	1.70732e-12
Cell_666	2.90002e-50	0.646818	0.353182
Cell_667	4.4511e-61	0.646444	0.353556
Cell_668	5.24756e-66	0.646439	0.353561
Cell_669	0.998191	1.66811e-12	0.00180861
Cell_670	2.99878e-17	0.647379	0.352621
Cell_671	2.32382e-29	0.646474	0.353526
Cell_672	4.56122e-32	1	2.56356e-12
Cell_673	2.08274e-11	3.77385e-43	1
Cell_674	3.18178e-31	0.646264	0.353736
Cell_675	1.2649e-44	0.000252139	0.999748
Cell_676	6.96631e-76	0.64638	0.35362
Cell_677	1.68221e-50	1	2.29744e-21
Cell_678	7.0954e-27	0.646303	0.353697
Cell_679	6.20424e-40	0.644732	0.355268
Cell_680	7.32655e-54	0.989064	0.0109359
Cell_681	1.13982e-51	1	6.22926e-09
Cell_682	2.99768e-48	0.646418	0.353582
Cell_683	6.81791e-37	0.646097	0.353903
Cell_684	6.51932e-40	0.994984	0.00501628
Cell_685	6.28135e-16	0.645276	0.354724
Cell_686	4.18777e-79	0.646468	0.353532
Cell_687	1.53942e-61	0.646458	0.353542
Cell_688	0.99433	1.56318e-31	0.00567022
Cell_689	1.09075e-31	1	9.32782e-08
Cell_690	1.32796e-44	0.655538	0.344462
Cell_691	4.13958e-54	0.646433	0.353567
Cell_692	7.16385e-45	0.999597	0.000403393
Cell_693	0.998385	6.21352e-37	0.00161529
Cell_694	2.77478e-73	0.646441	0.353559
Cell_695	0.999034	6.96401e-34	0.000965535
Cell_696	1.02521e-110	0.64642	0.35358
Cell_697	2.17407e-34	0.646311	0.353689
Cell_698	4.32901e-11	1.13603e-24	1
Cell_699	3.41853e-63	0.64642	0.35358
Cell_700	3.98916e-45	0.647423	0.352577
Cell_701	2.43983e-32	0.645776	0.354224
Cell_702	2.75431e-46	0.648604	0.351396
Cell_703	1.10811e-09	0.634214	0.365786
Cell_704	4.80547e-88	0.646451	0.353549
Cell_705	7.21919e-81	0.646438	0.353562
Cell_706	1.36419e-54	0.650425	0.349575
Cell_707	3.9203e-60	0.646436	0.353564
Cell_708	6.68774e-34	0.646358	0.353642
Cell_709	8.09923e-48	0.645032	0.354968
Cell_710	0.998677	1.31227e-31	0.00132293
Cell_711	3.72831e-80	1	3.18344e-10
Cell_712	2.36175e-50	0.650383	0.349617
Cell_713	1.01577e-51	0.645896	0.354104
Cell_714	2.83953e-71	0.646436	0.353564
Cell_715	1.65159e-22	0.647062	0.352938
Cell_716	1.26801e-38	0.646567	0.353433
Cell_717	0.997194	3.7954e-15	0.00280552
Cell_718	2.40266e-38	1	4.58619e-17
Cell_719	1.94028e-32	1	1.08036e-09
Cell_720	1.53259e-40	0.64635	0.35365
Cell_721	0.999886	6.09371e-40	0.000113842
Cell_722	1.12273e-59	0.64644	0.35356
Cell_723	2.71139e-32	0.646392	0.353608
Cell_724	2.36084e-58	0.646442	0.353558
Cell_725	4.18051e-90	1	8.0948e-16
Cell_726	2.85167e-16	1.10948e-24	1
Cell_727	0.999422	6.07448e-25	0.00057754
Cell_728	1.23158e-40	0.646375	0.353625
Cell_729	5.52994e-83	0.646443	0.353557
Cell_730	1.61852e-37	0.645901	0.354099
Cell_731	1.42009e-44	0.645988	0.354012
Cell_732	1.81562e-51	1	7.02751e-08
Cell_733	1.39719e-34	0.645894	0.354106
Cell_734	0.996199	1.95519e-34	0.00380116
Cell_735	1.93186e-24	5.80604e-27	1
Cell_736	4.70354e-69	0.786532	0.213468
Cell_737	3.01923e-54	0.646441	0.353559
Cell_738	1.70828e-20	1.90753e-28	1
Cell_739	4.08012e-32	0.645068	0.354932
Cell_740	3.53433e-44	0.647163	0.352837
Cell_741	3.25789e-93	0.646229	0.353771
Cell_742	1.60679e-30	1	2.57143e-08
Cell_743	5.76071e-48	1	2.19156e-10
Cell_744	4.41745e-18	0.649061	0.350939
Cell_745	1.0508e-69	0.646441	0.353559
Cell_746	2.13055e-42	0.646402	0.353598
Cell_747	2.27476e-13	6.05761e-07	0.999999
Cell_748	2.83094e-18	0.640189	0.359811
Cell_749	2.20344e-94	0.646439	0.353561
Cell_750	6.82359e-42	0.646432	0.353568
Cell_751	1.03487e-08	5.65035e-24	1
Cell_752	3.00417e-70	0.646443	0.353557
Cell_753	8.7209e-17	5.01023e-20	1
Cell_754	6.76189e-63	0.646368	0.353632
Cell_755	6.46815e-42	0.646931	0.353069
Cell_756	0.991442	8.49108e-31	0.00855769
Cell_757	2.62267e-67	0.646442	0.353558
Cell_758	0.998431	1.83528e-26	0.00156936
Cell_759	5.84789e-67	0.646435	0.353565
Cell_760	1.2786e-38	0.64642	0.35358
Cell_761	1.58337e-64	0.99996	3.96535e-05
Cell_762	8.42997e-78	1	6.09307e-15
Cell_763	2.07728e-28	0.646528	0.353472
Cell_764	0.998698	2.23265e-25	0.00130181
Cell_765	3.84753e-51	0.646473	0.353527
Cell_766	0.999389	9.6034e-20	0.000611112
Cell_767	3.33642e-62	0.646455	0.353545
Cell_768	4.07022e-42	0.645042	0.354958
Cell_769	2.34576e-05	0.547126	0.452851
Cell_770	9.35213e-63	0.646436	0.353564
Cell_771	1.93769e-75	0.99986	0.000139588
Cell_772	9.37385e-46	0.654165	0.345835
Cell_773	0.997348	3.4559e-33	0.00265214
Cell_774	3.79361e-20	0.643893	0.356107
Cell_775	3.86414e-28	0.639937	0.360063
Cell_776	2.46621e-56	1	1.32974e-18
Cell_777	2.23253e-39	0.646348	0.353652
Cell_778	7.50134e-68	0.646451	0.353549
Cell_779	1.11619e-23	0.639711	0.360289
Cell_780	2.0214e-23	0.608675	0.391325
Cell_781	1.77013e-12	0.454843	0.545157
Cell_782	5.66656e-59	0.646468	0.353532
Cell_783	1.67387e-16	6.75099e-12	1
Cell_784	9.98688e-21	0.645731	0.354269
Cell_785	9.27163e-45	0.644627	0.355373
Cell_786	2.63624e-51	1	1.2957e-17
Cell_787	1.01693e-41	0.646505	0.353495
Cell_788	8.34915e-05	1.50124e-12	0.999917
Cell_789	1.53249e-29	0.644371	0.355629
Cell_790	9.84849e-64	0.646453	0.353547
Cell_791	1.25321e-63	0.646372	0.353628
Cell_792	7.1669e-43	0.702329	0.297671
Cell_793	1.94237e-50	0.645615	0.354385
Cell_794	1.5397e-59	1	4.99639e-10
Cell_795	3.9956e-68	1	1.10862e-12
Cell_796	5.50358e-21	0.636112	0.363888
Cell_797	1.12228e-46	0.64646	0.35354
Cell_798	4.89722e-61	0.646456	0.353544
Cell_799	2.717e-33	3.79278e-08	1
Cell_800	0.999651	2.47935e-26	0.000348571
Cell_801	1.14977e-20	0.645507	0.354493
Cell_802	5.23499e-13	7.1135e-23	1
Cell_803	4.92001e-38	0.649205	0.350795
Cell_804	1.19145e-77	0.646398	0.353602
Cell_805	9.9247e-31	0.593564	0.406436
Cell_806	1.74537e-70	0.646079	0.353921
Cell_807	4.40492e-66	0.646443	0.353557
Cell_808	2.95293e-36	0.646342	0.353658
Cell_809	5.23842e-49	0.999936	6.42668e-05
Cell_810	1.59048e-46	0.646375	0.353625
Cell_811	1.56332e-53	0.646415	0.353585
Cell_812	3.1393e-09	7.35465e-14	1
Cell_813	4.21418e-29	0.645893	0.354107
Cell_814	0.99709	3.23057e-27	0.0029102
Cell_815	0.999235	2.33644e-06	0.000762884
Cell_816	4.91592e-41	1	1.08302e-09
Cell_817	0.00064534	3.03967e-42	0.999355
Cell_818	1.99e-64	0.646423	0.353577
Cell_819	2.88855e-33	0.646009	0.353991
Cell_820	5.69804e-35	0.645196	0.354804
Cell_821	5.29845e-71	0.646344	0.353656
Cell_822	2.61355e-43	0.646429	0.353571
Cell_823	2.54363e-13	9.22273e-10	1
Cell_824	5.17217e-12	0.00305312	0.996947
Cell_825	3.64877e-28	0.646194	0.353806
Cell_826	2.44936e-65	1	1.06799e-09
Cell_827	1.0906e-55	0.646706	0.353294
Cell_828	0.998507	5.66457e-11	0.00149347
Cell_829	2.34303e-26	0.645484	0.354516
Cell_830	8.54368e-81	1	4.00013e-08
Cell_831	1.00007e-25	0.646	0.354
Cell_832	2.61296e-35	0.64626	0.35374
Cell_833	9.25314e-48	0.990259	0.00974122
Cell_834	1.36579e-17	0.454174	0.545826
Cell_835	1.63731e-39	1	5.48904e-12
Cell_836	5.96816e-58	0.646528	0.353472
Cell_837	3.74062e-25	0.00936183	0.990638
Cell_838	1.57309e-81	1	3.98125e-45
Cell_839	2.97492e-18	1.12416e-42	1
Cell_840	6.51353e-49	0.645051	0.354949
Cell_841	5.50972e-21	2.05208e-38	1
Cell_842	1.06965e-61	0.646537	0.353463
Cell_843	6.83429e-36	1	2.73485e-11
Cell_844	2.47059e-34	1.7529e-33	1
Cell_845	3.54765e-23	0.645916	0.354084
Cell_846	1.80835e-56	0.646357	0.353643
Cell_847	2.88305e-76	1	1.35889e-18
Cell_848	9.60855e-40	1.72699e-05	0.999983
Cell_849	1.40849e-19	0.454307	0.545693
Cell_850	3.59783e-70	1	9.86093e-18
Cell_851	4.57846e-43	0.644757	0.355243
Cell_852	1.36249e-23	6.05141e-13	1
Cell_853	1.0216e-55	0.646557	0.353443
Cell_854	3.55385e-39	0.999998	2.20456e-06
Cell_855	1.43757e-24	0.6797	0.3203
Cell_856	3.57781e-27	0.644748	0.355252
Cell_857	4.14372e-50	0.646398	0.353602
Cell_858	1.0386e-58	0.999999	1.06691e-06
Cell_859	2.00414e-43	0.646452	0.353548
Cell_860	2.32734e-38	0.645247	0.354753
Cell_861	4.78198e-22	0.646238	0.353762
Cell_862	0.820108	1.16169e-38	0.179892
Cell_863	2.3463e-26	0.645584	0.354416
Cell_864	8.20532e-41	0.646521	0.353479
Cell_865	2.84013e-44	0.952681	0.0473188
Cell_866	6.10801e-75	0.646874	0.353126
Cell_867	1.1712e-57	1	8.75053e-23
Cell_868	5.0122e-12	0.999997	2.88984e-06
Cell_869	5.41173e-48	0.652894	0.347106
Cell_870	3.13094e-93	1	2.61489e-12
Cell_871	8.64039e-45	0.784875	0.215125
Cell_872	3.05387e-98	1	2.67327e-26
Cell_873	0.999607	1.37298e-21	0.000393371
Cell_874	3.76061e-27	0.641379	0.358621
Cell_875	5.76196e-11	1.1095e-24	1
Cell_876	4.30792e-38	0.647563	0.352437
Cell_877	7.28883e-46	0.999951	4.90484e-05
Cell_878	1.65221e-30	4.17517e-10	1
Cell_879	3.93876e-48	0.645805	0.354195
Cell_880	4.55006e-48	0.646415	0.353585
Cell_881	6.10154e-16	0.641371	0.358629
Cell_882	1.6281e-64	0.643718	0.356282
Cell_883	8.00881e-98	0.646444	0.353556
Cell_884	3.53861e-41	0.646447	0.353553
Cell_885	2.20598e-17	1.90848e-28	1
Cell_886	1.65765e-43	0.990104	0.00989638
Cell_887	1.97707e-56	0.646492	0.353508
Cell_888	1.55275e-53	0.646797	0.353203
Cell_889	1.88225e-62	0.646251	0.353749
Cell_890	3.26777e-49	1	5.13608e-12
Cell_891	5.07646e-29	0.993497	0.00650299
Cell_892	4.20014e-28	0.999808	0.000191614
Cell_893	2.21691e-43	0.634392	0.365608
Cell_894	1.45561e-15	3.38809e-17	1
Cell_895	1.03119e-33	0.646444	0.353556
Cell_896	5.31849e-37	0.646811	0.353189
Cell_897	1.7808e-39	0.641326	0.358674
Cell_898	9.49531e-15	0.547689	0.452311
Cell_899	5.245e-44	0.64626	0.35374
Cell_900	8.24842e-38	0.64782	0.35218
Cell_901	1.51349e-15	1.74218e-13	1
Cell_902	1.51629e-58	1	1.38247e-07
Cell_903	6.82103e-30	0.646336	0.353664
Cell_904	8.15883e-78	0.646445	0.353555
Cell_905	0.999939	4.01586e-38	6.12958e-05
Cell_906	5.6913e-121	0.646453	0.353547
Cell_907	1.04543e-36	0.999999	5.91961e-07
Cell_908	1.83447e-33	0.645611	0.354389
Cell_909	6.07677e-47	0.924572	0.0754278
Cell_910	3.87969e-35	0.642475	0.357525
Cell_911	6.36811e-29	0.95	0.0499996
Cell_912	1.6594e-45	0.646424	0.353576
Cell_913	3.04791e-58	0.646435	0.353565
Cell_914	1.88721e-32	0.646178	0.353822
Cell_915	0.999413	2.22826e-11	0.000587376
Cell_916	8.88489e-52	0.643919	0.356081
Cell_917	4.50658e-58	0.889413	0.110587
Cell_918	3.58901e-55	0.647851	0.352149
Cell_919	1.5925e-54	0.646462	0.353538
Cell_920	5.1346e-44	0.646085	0.353915
Cell_921	4.44309e-35	2.16237e-05	0.999978
Cell_922	1.9269e-17	0.642722	0.357278
Cell_923	1.25211e-42	0.994215	0.00578507
Cell_924	2.53655e-28	0.646357	0.353643
Cell_925	5.34388e-62	0.646446	0.353554
Cell_926	1.94536e-22	0.637635	0.362365
Cell_927	8.68223e-84	0.646439	0.353561
Cell_928	4.25466e-42	0.646384	0.353616
Cell_929	1.9789e-30	0.646215	0.353785
Cell_930	4.46795e-83	0.646762	0.353238
Cell_931	8.31476e-06	2.45729e-32	0.999992
Cell_932	1.52683e-63	0.645863	0.354137
Cell_933	4.43046e-50	0.64641	0.35359
Cell_934	6.32869e-14	0.652817	0.347183
Cell_935	1.11178e-49	0.646454	0.353546
Cell_936	3.48786e-16	0.00994574	0.990054
Cell_937	2.18528e-26	2.00538e-07	1
Cell_938	2.0218e-24	0.643889	0.356111
Cell_939	3.40031e-29	0.634202	0.365798
Cell_940	4.6784e-92	0.646451	0.353549
Cell_941	7.76168e-10	1.34733e-12	1
Cell_942	5.0882e-145	0.646443	0.353557
Cell_943	4.55616e-27	0.643748	0.356252
Cell_944	1.59949e-20	0.646177	0.353823
Cell_945	0.995466	5.23894e-21	0.00453424
Cell_946	5.556e-60	0.646435	0.353565
Cell_947	2.7229e-58	0.999912	8.84357e-05
Cell_948	1.41085e-22	0.786179	0.213821
Cell_949	3.06986e-25	0.646305	0.353695
Cell_950	4.12801e-67	0.645924	0.354076
Cell_951	3.39011e-33	0.640582	0.359418
Cell_952	6.92027e-43	0.646386	0.353614
Cell_953	4.84531e-35	0.654613	0.345387
Cell_954	2.51531e-53	0.646443	0.353557
Cell_955	5.09464e-50	0.646439	0.353561
Cell_956	1.91053e-32	0.639744	0.360256
Cell_957	6.25062e-71	0.646461	0.353539
Cell_958	2.09576e-30	1.3804e-05	0.999986
Cell_959	8.40205e-44	0.646426	0.353574
Cell_960	2.52037e-30	1	1.36474e-11
Cell_961	2.68271e-35	0.646219	0.353781
Cell_962	3.88334e-18	0.646343	0.353657
Cell_963	5.32911e-53	1	1.16567e-17
Cell_964	5.65987e-35	0.646151	0.353849
Cell_965	6.12164e-42	0.646072	0.353928
Cell_966	7.25333e-63	0.648153	0.351847
Cell_967	1.01038e-45	0.646632	0.353368
Cell_968	7.98579e-32	0.646252	0.353748
Cell_969	5.95389e-36	0.999996	4.15935e-06
Cell_970	2.18749e-23	0.441362	0.558638
Cell_971	2.55177e-33	0.646125	0.353875
Cell_972	2.62251e-71	0.646427	0.353573
Cell_973	9.07468e-37	0.999999	1.02353e-06
Cell_974	5.98027e-23	0.646252	0.353748
Cell_975	5.11561e-23	2.84228e-39	1
Cell_976	0.998931	5.15849e-42	0.00106862
Cell_977	4.84564e-58	0.646305	0.353695
Cell_978	2.91072e-29	0.646009	0.353991
Cell_979	3.67638e-54	1.55923e-07	1
Cell_980	1.61094e-30	0.646468	0.353532
Cell_981	2.9248e-30	1.61546e-06	0.999998
Cell_982	0.999483	2.60533e-28	0.0005165
Cell_983	3.59412e-29	0.988805	0.0111948
Cell_984	2.53852e-53	0.64785	0.35215
Cell_985	5.23975e-26	0.645055	0.354945
Cell_986	5.30735e-32	0.887398	0.112602
Cell_987	6.93811e-60	0.651568	0.348432
Cell_988	2.17471e-43	0.646444	0.353556
Cell_989	2.16191e-23	0.646467	0.353533
Cell_990	2.6681e-59	1	2.94767e-07
Cell_991	4.56101e-30	0.644907	0.355093
Cell_992	2.85205e-72	0.646452	0.353548
Cell_993	0.00331833	0.456079	0.540602
Cell_994	3.58224e-57	0.646488	0.353512
Cell_995	1.92136e-24	0.642618	0.357382
Cell_996	7.44703e-55	6.17769e-17	1
Cell_997	0.995517	2.53745e-11	0.00448338
Cell_998	2.63035e-65	0.64645	0.35355
Cell_999	1.95534e-59	0.646386	0.353614
Cell_1000	0.996519	8.05081e-09	0.00348139
Cell_1001	5.31052e-58	0.772338	0.227662
Cell_1002	3.48217e-35	0.646455	0.353545
Cell_1003	0.99937	6.62671e-25	0.000629759
Cell_1004	6.05267e-26	0.123926	0.876074
Cell_1005	7.7984e-36	0.670843	0.329157
Cell_1006	6.33959e-32	0.646356	0.353644
Cell_1007	3.85559e-33	0.994557	0.00544273
Cell_1008	1.08562e-32	0.646236	0.353764
Cell_1009	0.998229	3.26743e-17	0.00177069
Cell_1010	8.92137e-68	1	3.89563e-08
Cell_1011	1.28584e-68	0.645804	0.354196
Cell_1012	0.993177	2.60049e-18	0.00682266
Cell_1013	7.71714e-29	0.64525	0.35475
Cell_1014	1.72147e-44	1.02496e-12	1
Cell_1015	9.2377e-57	1	1.19971e-22
Cell_1016	4.78891e-84	1	3.47969e-12
Cell_1017	1.55196e-42	0.961453	0.0385468
Cell_1018	9.27976e-32	0.639755	0.360245
Cell_1019	4.08165e-32	0.646427	0.353573
Cell_1020	0.000313829	2.34495e-34	0.999686
Cell_1021	2.53561e-51	0.646426	0.353574
Cell_1022	5.29405e-17	3.60932e-05	0.999964
Cell_1023	4.92774e-79	0.646459	0.353541
Cell_1024	5.14413e-170	0.646445	0.353555
Cell_1025	1.56984e-35	0.646093	0.353907
Cell_1026	4.42781e-48	0.646436	0.353564
Cell_1027	4.91842e-69	0.64644	0.35356
Cell_1028	3.86369e-38	0.644735	0.355265
Cell_1029	0.999729	3.01079e-28	0.000271376
Cell_1030	1.4561e-37	0.634128	0.365872
Cell_1031	4.068e-53	0.646519	0.353481
Cell_1032	1.94475e-38	0.646386	0.353614
Cell_1033	1.33009e-45	1.02495e-12	1
Cell_1034	9.73593e-15	0.645288	0.354712
Cell_1035	5.56223e-28	0.644474	0.355526
Cell_1036	6.04137e-57	0.329152	0.670848
Cell_1037	4.07884e-32	0.646757	0.353243
Cell_1038	2.61213e-47	0.646451	0.353549
Cell_1039	2.17122e-30	0.646438	0.353562
Cell_1040	0.952753	1.45895e-12	0.0472473
