cell	Node 0	Node 1	Node 2	Node 3	Node 4	Node 5	Node 6	Node 7
Cell_0	6.95575e-48	0.136263	1.42554e-22	2.70218e-41	0.797347	0.0478278	5.60243e-43	0.0185622
Cell_1	8.59519e-92	0.307758	9.31333e-62	4.87107e-77	0.63971	0.0377251	4.17591e-78	0.0148068
Cell_2	1.7063e-73	0.423258	6.76573e-51	1.56802e-50	0.532957	0.0314296	7.83675e-51	0.0123557
Cell_3	1.845e-91	0.131833	1.95652e-67	6.89252e-69	0.802281	0.0473132	2.09502e-69	0.0185734
Cell_4	1.03436e-68	0.998614	1.31087e-49	6.52853e-49	0.000662886	3.93315e-05	2.79012e-49	0.000683976
Cell_5	6.29202e-53	0.0555037	1.9514e-11	1.3795e-29	0.868142	0.0561943	2.79082e-30	0.0201601
Cell_6	1.17314e-48	0.488958	2.50731e-25	1.70612e-36	0.47205	0.02806	2.06287e-37	0.010932
Cell_7	1.2192e-35	1.0933e-20	4.06276e-08	1.76574e-12	4.91703e-21	1	7.65934e-13	1.1572e-22
Cell_8	4.71701e-82	0.270947	3.11606e-32	3.0144e-42	0.666157	0.0393338	1.06715e-42	0.0235619
Cell_9	1.62506e-47	0.278079	3.40341e-38	2.7295e-40	0.666581	0.0396235	4.82589e-42	0.0157165
Cell_10	2.05046e-29	1.85291e-34	0.0360363	0.882768	2.96248e-33	0.00224107	0.0789546	7.05918e-35
Cell_11	5.43273e-72	0.217563	2.49339e-33	3.40998e-36	0.700743	0.0652518	4.76793e-37	0.0164419
Cell_12	1.02281e-64	0.999963	5.73105e-60	3.56341e-58	3.39611e-05	2.00508e-06	1.01938e-59	7.87822e-07
Cell_13	6.25611e-62	0.97694	1.70528e-35	1.59505e-41	0.021302	0.00126499	4.1951e-42	0.000493086
Cell_14	9.34931e-28	0.489618	7.08674e-09	2.28909e-15	0.382555	0.118969	8.12437e-16	0.00885709
Cell_15	1.71081e-38	3.38851e-19	5.92261e-14	4.55407e-13	7.26958e-19	1	6.72368e-14	1.68564e-20
Cell_16	1.02456e-46	0.000601793	1.20907e-38	7.02931e-40	0.000987205	5.82274e-05	9.21333e-41	0.998353
Cell_17	2.67189e-87	0.246713	3.58875e-52	3.46551e-57	0.696123	0.0410525	1.30983e-57	0.016111
Cell_18	8.3764e-82	2.89904e-35	5.46308e-20	1.41304e-49	1.64897e-36	1	8.38936e-50	3.82536e-38
Cell_19	7.73958e-38	0.141488	1.8382e-38	2.82733e-36	0.793329	0.046817	4.01453e-38	0.0183661
Cell_20	2.24559e-67	0.0800953	5.09785e-45	4.11844e-46	0.850087	0.0501322	1.78136e-46	0.0196855
Cell_21	3.07395e-77	1.21019e-06	1.74065e-30	1.0686e-40	6.12402e-07	3.619e-08	7.89812e-41	0.999998
Cell_22	1.50652e-51	2.16967e-07	1.11336e-27	2.20696e-32	3.82646e-07	0.999999	2.13508e-33	8.8607e-09
Cell_23	9.99793e-54	0.0556136	1.0396e-40	9.61735e-45	0.872688	0.0514945	4.44794e-46	0.0202039
Cell_24	2.72728e-60	0.591304	1.19753e-46	4.81024e-49	0.377658	0.0222904	4.55658e-50	0.00874757
Cell_25	4.05667e-67	0.0569337	6.35545e-24	1.87103e-44	0.851497	0.0525162	4.02233e-45	0.0390534
Cell_26	1.6252e-75	0.0762352	3.19201e-30	1.81271e-44	0.853408	0.0505997	2.63267e-44	0.0197576
Cell_27	7.40453e-81	2.77398e-06	3.60632e-31	2.03893e-40	8.60123e-06	0.999988	1.70602e-40	1.99074e-07
Cell_28	1.01862e-57	0.0189528	4.62108e-52	2.1953e-50	0.143187	0.0084446	3.11747e-52	0.829416
Cell_29	4.24642e-90	0.337906	3.5295e-60	1.00475e-77	0.602525	0.0356679	6.99582e-79	0.0239008
Cell_30	4.91523e-74	0.0877381	3.4887e-36	8.35637e-48	0.843009	0.0497329	8.95797e-49	0.0195196
Cell_31	1.49461e-64	0.318658	2.9333e-27	1.8819e-38	0.62835	0.037233	4.22377e-39	0.015759
Cell_32	2.37645e-58	0.28552	5.25948e-34	2.80094e-38	0.660187	0.0390068	4.46033e-39	0.015287
Cell_33	6.4181e-37	0.374313	4.54183e-28	7.55205e-29	0.577879	0.0343166	1.80791e-29	0.0134916
Cell_34	6.77427e-85	0.133537	1.67073e-54	5.70775e-69	0.79603	0.0515266	4.82284e-69	0.0189067
Cell_35	2.10069e-74	0.10573	1.16643e-39	2.21112e-57	0.825643	0.0489535	3.77016e-58	0.0196739
Cell_36	6.58547e-17	2.4551e-12	0.26553	0.532339	1.82045e-12	0.0059264	0.196204	4.21909e-14
Cell_37	3.9569e-77	0.720754	1.23371e-39	3.58201e-46	0.200105	0.0745021	2.01058e-46	0.0046382
Cell_38	1.32909e-53	9.17214e-06	9.34508e-42	1.77912e-44	5.48666e-08	3.23746e-09	1.25381e-45	0.999991
Cell_39	5.2028e-71	6.24699e-16	8.70362e-48	1.98985e-60	6.97675e-15	4.11553e-16	8.63395e-62	1
Cell_40	8.68694e-82	0.155259	2.34563e-58	2.99673e-58	0.780626	0.0460374	6.40308e-59	0.0180778
Cell_41	3.39754e-51	0.079718	2.44996e-38	2.65398e-42	0.850335	0.0501592	1.36328e-43	0.0197875
Cell_42	2.66266e-92	0.110526	1.13257e-60	2.25493e-68	0.821942	0.0484963	3.55233e-69	0.019036
Cell_43	2.04123e-74	0.261617	1.34194e-35	5.46174e-52	0.665515	0.0492573	1.22154e-52	0.0236109
Cell_44	7.39563e-81	1.10456e-05	4.73017e-52	3.14942e-65	4.3205e-05	2.54792e-06	8.09281e-66	0.999943
Cell_45	1.05996e-63	0.249989	1.69881e-52	6.17626e-54	0.693033	0.040888	9.3555e-56	0.0160904
Cell_46	3.7109e-41	2.20882e-08	1.47395e-08	1.85201e-22	3.2652e-07	1	2.95963e-23	7.67214e-09
Cell_47	0.462138	1.78023e-12	0.000167006	0.537307	3.01694e-13	2.77401e-05	0.000359941	7.1656e-15
Cell_48	1.12714e-92	3.73598e-07	3.43124e-60	5.66108e-86	5.81426e-06	3.42922e-07	2.33262e-87	0.999993
Cell_49	1.98587e-112	0.230295	5.71775e-72	8.89294e-89	0.700331	0.0413003	7.22436e-90	0.0280737
Cell_50	1.54247e-69	9.93283e-13	3.67279e-48	3.28939e-55	8.34032e-13	4.9224e-14	4.23425e-56	1
Cell_51	1.13016e-96	0.0770612	4.0948e-49	4.62745e-50	0.851935	0.0502594	3.39478e-51	0.0207445
Cell_52	3.45336e-54	1.33924e-10	1.40529e-13	4.5494e-31	1.30197e-09	0.999734	3.55929e-32	0.000265658
Cell_53	9.19109e-103	0.715856	1.3628e-59	2.27574e-87	0.262576	0.0154849	2.79655e-88	0.00608314
Cell_54	1.62521e-92	0.0406361	4.50436e-71	2.25748e-77	0.62942	0.0405301	1.79841e-78	0.289414
Cell_55	2.79455e-85	0.33447	1.31501e-57	3.61134e-67	0.615011	0.03627	3.72215e-68	0.0142492
Cell_56	9.60222e-06	7.92497e-29	0.00340091	0.989006	2.34944e-28	0.000254016	0.00732985	5.44017e-30
Cell_57	3.17982e-15	1.15446e-31	0.0132622	0.958244	1.38354e-30	0.00104	0.0274536	3.20401e-32
Cell_58	7.65951e-48	0.363403	7.03175e-16	3.13352e-22	0.587736	0.0352545	1.07087e-22	0.0136069
Cell_59	3.86748e-69	0.285651	1.49651e-29	1.13533e-41	0.659873	0.0390123	6.09464e-42	0.0154636
Cell_60	4.12159e-56	0.477329	1.70133e-34	1.94794e-50	0.482938	0.0285255	1.3864e-52	0.0112072
Cell_61	3.48419e-91	7.18583e-16	1.16981e-66	9.86459e-73	9.69682e-17	5.72683e-18	1.34109e-73	1
Cell_62	2.93064e-42	0.304755	4.88471e-30	9.88326e-30	0.642138	0.0381325	1.09523e-30	0.0149746
Cell_63	1.8524e-34	6.48998e-35	0.90389	9.2034e-10	1.15441e-34	0.09611	1.11497e-10	2.67428e-36
Cell_64	3.8049e-121	0.0890668	1.81233e-51	6.18102e-66	0.841316	0.0497394	5.63217e-67	0.0198781
Cell_65	4.48146e-49	0.0532017	5.81103e-28	1.7903e-27	0.874105	0.052432	6.73092e-28	0.0202613
Cell_66	1.42704e-44	0.171662	1.90521e-23	1.1916e-31	0.764286	0.0459931	3.617e-33	0.0180581
Cell_67	8.63076e-40	0.166931	4.15776e-16	4.19282e-21	0.22944	0.597606	1.11834e-21	0.0060234
Cell_68	9.90243e-45	0.25109	2.07953e-23	1.37075e-31	0.691145	0.041761	3.32678e-33	0.0160031
Cell_69	2.19175e-62	0.499888	4.20944e-48	1.52674e-53	0.462048	0.0272589	2.0017e-54	0.0108052
Cell_70	1.82034e-83	0.211917	3.90962e-63	1.30082e-75	0.728035	0.0429417	2.65346e-76	0.0171064
Cell_71	8.45389e-88	0.740014	4.36424e-28	1.49521e-56	0.234133	0.0202925	2.11814e-56	0.00556094
Cell_72	6.03496e-48	0.123069	6.36451e-27	1.33575e-25	0.810066	0.0481047	1.36266e-26	0.01876
Cell_73	2.44815e-50	7.79846e-41	1.82778e-18	8.8722e-34	3.07187e-41	1	3.91297e-35	7.16358e-43
Cell_74	1.96852e-58	0.575008	5.40739e-31	3.236e-41	0.392254	0.0231431	1.9959e-41	0.00959576
Cell_75	1.07658e-50	0.05848	1.404e-31	3.84382e-32	0.869967	0.0513733	4.31713e-33	0.0201793
Cell_76	8.00677e-102	0.888045	1.41987e-53	2.73169e-53	0.10346	0.00610126	3.1836e-54	0.00239441
Cell_77	3.21742e-65	0.10396	5.42442e-38	5.17333e-41	0.827952	0.0489112	7.95861e-42	0.0191769
Cell_78	2.39453e-64	0.392525	5.94721e-40	6.2648e-46	0.561374	0.0331081	1.57634e-46	0.0129927
Cell_79	8.87807e-74	0.38468	1.02622e-48	6.4161e-52	0.568483	0.0335294	2.13566e-52	0.0133073
Cell_80	2.32566e-38	8.0779e-21	5.39182e-12	4.1774e-25	4.91703e-21	1	9.58025e-26	1.14101e-22
Cell_81	1.6742e-13	2.40758e-22	0.0119721	0.96135	3.25564e-22	0.000447844	0.0262302	7.54763e-24
Cell_82	2.65669e-82	4.72814e-10	9.06767e-54	5.28034e-65	3.51508e-11	2.08738e-12	1.24445e-65	1
Cell_83	1.46975e-83	3.73019e-28	9.84177e-55	3.27777e-64	4.15539e-29	2.45315e-30	1.61205e-64	1
Cell_84	1.89416e-114	0.000170308	3.17299e-66	5.03721e-90	0.000488247	2.8796e-05	5.62947e-91	0.999313
Cell_85	2.36409e-92	0.207626	3.9426e-44	4.58447e-60	0.732214	0.0431866	1.60318e-60	0.0169737
Cell_86	8.0911e-51	0.0813686	2.07054e-31	1.68534e-33	0.842897	0.056209	1.94795e-34	0.0195251
Cell_87	7.49325e-45	0.0548987	1.36629e-13	3.78999e-17	0.870657	0.0536979	1.22773e-17	0.0207466
Cell_88	6.05981e-37	3.97722e-25	7.28745e-11	1.18568e-10	2.03462e-24	1	5.91104e-11	5.14995e-26
Cell_89	2.61807e-79	0.079582	2.53257e-52	3.78268e-58	0.850506	0.0502141	1.20431e-58	0.0196976
Cell_90	9.06611e-36	6.67745e-27	0.975672	2.11539e-18	1.26307e-26	0.024328	1.29288e-19	2.9266e-28
Cell_91	1.07758e-80	0.339595	2.33222e-54	1.07933e-58	0.610039	0.0360504	1.02134e-59	0.0143163
Cell_92	6.65504e-59	0.170943	5.34573e-36	1.76633e-36	0.76613	0.045187	4.63121e-37	0.0177396
Cell_93	4.00953e-17	1.37784e-22	0.0159754	0.948553	1.33761e-21	0.00184001	0.033632	3.23076e-23
Cell_94	2.9289e-49	0.073043	2.06533e-18	6.63037e-36	0.855591	0.0514877	4.69157e-37	0.019878
Cell_95	1.35993e-80	0.142764	4.52977e-47	9.5432e-67	0.792155	0.0467169	2.86687e-68	0.0183647
Cell_96	1.40197e-83	0.589295	1.85639e-38	2.41204e-51	0.379501	0.0223831	3.76258e-51	0.00882131
Cell_97	9.33889e-29	1.02018e-20	5.59353e-07	4.0984e-06	4.91701e-21	0.999994	1.22386e-06	1.22817e-22
Cell_98	7.2587e-83	0.892685	7.8012e-57	4.32456e-72	0.0991708	0.00584893	1.16831e-73	0.0022954
Cell_99	2.05268e-59	0.192451	6.45049e-29	1.63719e-49	0.745262	0.0450309	1.60298e-50	0.0172561
Cell_100	3.55934e-105	0.0145233	6.38404e-67	1.67686e-85	0.106776	0.00629702	5.1259e-86	0.872403
Cell_101	1.64774e-69	0.528419	1.43435e-60	1.33748e-64	0.43552	0.0256836	1.98979e-66	0.0103771
Cell_102	1.13196e-42	3.76356e-22	0.932789	1.22238e-11	6.18606e-21	0.0672105	7.54908e-12	1.43413e-22
Cell_103	4.5467e-09	1.86526e-47	0.0064112	0.978902	1.92127e-46	0.000642704	0.0140446	4.44683e-48
Cell_104	7.33163e-81	0.610936	4.01955e-45	9.32974e-61	0.359384	0.0213236	3.55672e-61	0.00835686
Cell_105	9.11417e-71	0.00049607	1.39954e-44	4.1571e-45	0.00277129	0.000169441	1.04469e-45	0.996563
Cell_106	8.36825e-52	0.0566741	4.55187e-14	1.78738e-12	0.870362	0.0525898	8.7668e-14	0.0203738
Cell_107	2.33587e-58	0.76503	4.54116e-38	5.92844e-38	0.20336	0.0120296	1.0182e-38	0.0195804
Cell_108	7.01569e-53	1.2659e-14	7.90475e-27	2.39298e-36	5.02957e-14	1	3.98937e-37	1.16428e-15
Cell_109	2.16857e-64	2.40904e-07	1.33867e-29	8.94487e-42	1.89187e-06	1.118e-07	9.52965e-43	0.999998
Cell_110	3.5075e-46	0.116475	2.22609e-15	2.29339e-17	0.812056	0.0525639	9.61098e-18	0.0189047
Cell_111	3.48974e-47	1.26935e-27	0.0056788	2.72177e-27	6.74909e-28	0.994321	4.03064e-28	1.56254e-29
Cell_112	7.84818e-22	0.1069	5.74931e-05	0.000970983	0.783737	0.0899977	3.87859e-05	0.0182978
Cell_113	5.39606e-63	0.178977	6.62681e-26	1.87776e-40	0.758624	0.0448034	6.53645e-41	0.0175954
Cell_114	1.17972e-44	0.266331	8.25451e-15	4.16593e-24	0.482206	0.0297401	3.04679e-25	0.221723
Cell_115	7.35811e-51	0.237782	3.05258e-34	2.85412e-35	0.704202	0.041687	5.70349e-36	0.0163288
Cell_116	1.79747e-73	0.236903	1.06565e-59	1.08742e-63	0.705183	0.0415866	3.60722e-65	0.0163273
Cell_117	9.54904e-88	0.36494	1.00324e-43	9.8688e-44	0.586861	0.0346158	2.41512e-44	0.0135831
Cell_118	4.07769e-42	0.188731	1.51321e-25	2.30052e-31	0.748905	0.044922	3.68056e-32	0.0174426
Cell_119	4.39898e-109	0.230813	7.08955e-62	8.81343e-73	0.699053	0.0412262	8.39674e-73	0.0289082
Cell_120	1.81991e-72	0.171055	3.40725e-32	7.94841e-47	0.755532	0.0559198	1.36692e-47	0.0174934
Cell_121	4.27573e-65	0.376767	3.72928e-42	7.23015e-47	0.575898	0.0339634	6.31752e-48	0.0133709
Cell_122	7.94492e-48	0.0564723	4.18655e-24	3.91478e-34	0.871278	0.0514883	8.59672e-36	0.0207614
Cell_123	5.76826e-11	1.28301e-26	0.00799242	0.97438	6.89944e-26	0.000292456	0.0173352	1.60035e-27
Cell_124	1.03458e-72	5.14906e-10	9.03982e-60	9.02461e-60	4.76971e-09	2.81867e-10	2.02688e-60	1
Cell_125	1.24233e-72	0.319536	2.18146e-49	1.1036e-54	0.628817	0.037084	8.33126e-56	0.0145629
Cell_126	2.23011e-66	0.563653	1.13154e-39	1.56704e-46	0.403186	0.023822	7.60681e-47	0.00933921
Cell_127	8.24849e-80	0.251644	4.58024e-57	9.93208e-62	0.691567	0.0407834	4.17289e-63	0.0160054
Cell_128	2.10821e-56	0.969889	6.30704e-26	7.68736e-25	0.0277674	0.00164062	7.30545e-26	0.000702835
Cell_129	3.4753e-54	0.289095	9.34493e-22	1.48673e-34	0.65497	0.0395752	1.59882e-35	0.0163598
Cell_130	8.03892e-53	1.00481e-08	9.24663e-36	5.48323e-35	7.38971e-08	1	6.23796e-36	2.13821e-09
Cell_131	2.61863e-50	0.000277442	9.89018e-27	2.55691e-31	0.000930652	0.99877	4.57827e-32	2.15661e-05
Cell_132	4.4003e-15	3.09758e-06	0.542236	4.8321e-14	2.08438e-05	0.45774	2.33575e-15	4.83846e-07
Cell_133	2.03778e-86	1.55346e-06	2.29874e-56	4.48986e-65	9.4687e-07	5.58551e-08	3.04375e-66	0.999997
Cell_134	3.38684e-70	0.0946189	2.47875e-50	2.15249e-61	0.835483	0.0504823	2.21582e-63	0.0194159
Cell_135	2.08785e-29	0.161832	1.07032e-15	1.23912e-22	0.47616	0.350836	3.03759e-24	0.0111724
Cell_136	1.2797e-94	0.141237	1.93662e-58	3.30472e-61	0.793583	0.0468024	2.07098e-61	0.0183774
Cell_137	3.59115e-21	1.98879e-17	0.970575	3.38412e-05	7.18535e-17	0.0293805	1.02094e-05	2.07908e-18
Cell_138	6.12558e-106	0.617195	1.88558e-68	2.96166e-78	0.353756	0.0208616	7.21253e-79	0.00818725
Cell_139	0.37822	2.14106e-49	0.000288628	0.620852	1.57248e-48	7.20252e-06	0.000632366	3.64659e-50
Cell_140	5.7881e-27	0.0943266	7.56717e-15	4.16461e-19	0.833377	0.0528075	3.23763e-20	0.0194889
Cell_141	4.47189e-70	0.52551	1.26446e-56	1.45008e-69	0.438456	0.0258789	1.66669e-71	0.0101555
Cell_142	5.17947e-49	0.133768	3.60852e-24	1.78053e-35	0.800365	0.0473307	6.50823e-37	0.0185358
Cell_143	2.65434e-07	1.40015e-18	0.00859739	0.984049	2.01365e-17	0.000590072	0.00676284	4.66789e-19
Cell_144	5.43123e-65	0.756324	2.87212e-33	1.49147e-38	0.199931	0.0118308	7.51773e-39	0.0319138
Cell_145	3.70609e-121	4.73448e-09	9.18639e-42	3.82863e-68	1.66565e-08	9.82956e-10	2.05815e-68	1
Cell_146	1.15404e-88	0.202919	1.48834e-68	5.78953e-75	0.73656	0.043439	3.43828e-76	0.0170818
Cell_147	2.19997e-30	1.44668e-05	4.01667e-18	7.52659e-25	8.99836e-05	0.999893	2.56483e-26	2.08696e-06
Cell_148	1.04124e-68	0.916827	9.18883e-55	7.32911e-56	0.0768591	0.00453459	1.76223e-56	0.0017792
Cell_149	2.17388e-55	0.74597	6.74402e-31	1.08645e-37	0.234718	0.0138735	4.22443e-38	0.00543883
Cell_150	1.07773e-35	0.18471	1.46987e-20	1.35533e-26	0.240819	0.568111	3.43138e-27	0.00636037
Cell_151	7.08472e-50	0.0668869	4.45021e-22	7.86709e-25	0.858808	0.054419	4.90584e-26	0.0198859
Cell_152	1.26336e-36	0.106022	8.02025e-12	1.2492e-17	0.420122	0.46409	1.00446e-17	0.00976612
Cell_153	8.61806e-76	0.151382	1.24911e-42	5.58314e-46	0.78419	0.0462662	3.96141e-46	0.0181617
Cell_154	1.81649e-50	0.993363	6.49004e-39	4.41809e-45	0.00611442	0.000369451	2.57528e-47	0.00015335
Cell_155	1.9588e-64	2.51714e-24	5.79274e-26	6.06171e-55	2.35895e-23	1	5.89926e-56	6.82563e-25
Cell_156	3.69288e-34	0.000118892	9.81014e-26	7.94476e-29	0.00163733	9.71487e-05	2.4885e-30	0.998147
Cell_157	1.66356e-102	7.58319e-07	2.2058e-66	3.89659e-82	1.3053e-06	8.21941e-08	5.75987e-83	0.999998
Cell_158	1.04121e-77	0.00161002	2.28913e-44	2.71263e-50	0.00368323	0.000217228	6.23714e-51	0.99449
Cell_159	5.80049e-48	0.25874	3.92517e-14	5.08446e-25	0.682999	0.0421241	2.77124e-25	0.0161375
Cell_160	1.8098e-06	2.38395e-29	0.00499588	0.983947	6.8129e-29	0.000342577	0.0107123	1.6851e-30
Cell_161	2.47181e-96	9.69534e-17	2.03345e-55	2.6027e-74	1.62443e-15	9.58729e-17	7.65654e-75	1
Cell_162	5.45813e-53	2.98603e-15	1.94602e-37	3.17976e-40	9.88713e-15	6.36659e-16	3.24233e-41	1
Cell_163	1.02658e-17	8.0605e-15	0.00586175	0.980092	3.42542e-15	0.00136608	0.01268	7.98214e-17
Cell_164	2.25727e-73	0.424789	1.57335e-54	2.47685e-58	0.531503	0.0313801	5.02203e-60	0.012327
Cell_165	1.7531e-37	1.22902e-24	1.73844e-11	4.16228e-23	4.5383e-24	1	1.55404e-24	1.38262e-25
Cell_166	4.58214e-42	0.0911208	5.8253e-16	7.34635e-36	0.838868	0.0504813	1.22593e-37	0.0195303
Cell_167	1.13328e-44	0.771102	8.73674e-24	2.08014e-32	0.210027	0.0140058	1.18476e-33	0.00486496
Cell_168	1.90718e-36	0.731814	1.31621e-10	1.57971e-18	0.241055	0.0160749	2.83428e-19	0.0110559
Cell_169	1.03685e-109	0.10785	6.7858e-77	2.14886e-82	0.824419	0.0486457	3.17644e-83	0.0190852
Cell_170	3.07766e-58	0.00287382	8.12183e-29	1.98872e-36	0.00471984	0.00028403	1.62469e-36	0.992122
Cell_171	7.57119e-52	5.51179e-08	3.56143e-39	1.20608e-42	3.391e-08	2.00097e-09	3.02028e-44	1
Cell_172	3.30885e-74	4.10671e-26	5.0923e-59	1.73167e-57	2.77052e-25	1.63758e-26	1.11494e-58	1
Cell_173	1.73894e-73	0.695345	2.34832e-51	5.94436e-53	0.281447	0.0166772	2.77929e-54	0.00653008
Cell_174	1.22324e-43	0.667908	2.445e-34	5.45234e-34	0.306683	0.0182301	5.4821e-35	0.00717896
Cell_175	3.69994e-135	0.0515946	2.14646e-83	6.5532e-90	0.87643	0.0516868	1.15196e-90	0.0202884
Cell_176	1.87823e-82	0.197	4.23818e-45	2.24274e-50	0.742059	0.0437615	8.81134e-51	0.0171795
Cell_177	2.08379e-84	0.341587	3.12882e-35	9.846e-42	0.606375	0.0378316	1.50239e-42	0.0142063
Cell_178	3.68288e-66	0.25728	2.92908e-53	8.66163e-56	0.686275	0.0405171	1.59219e-57	0.0159277
Cell_179	5.19679e-66	0.0751115	2.29067e-43	4.59239e-51	0.853985	0.0510922	2.8683e-52	0.0198111
Cell_180	3.1025e-101	0.186066	1.01487e-57	1.85689e-73	0.752159	0.0443566	2.87357e-74	0.0174193
Cell_181	9.42607e-84	5.9901e-23	2.75394e-62	5.928e-68	8.78505e-23	5.19516e-24	2.52991e-69	1
Cell_182	3.72289e-101	0.405084	7.2622e-47	2.78981e-61	0.549751	0.0324337	2.03676e-62	0.0127312
Cell_183	9.37854e-76	0.116198	3.38352e-48	1.33138e-57	0.816721	0.04817	1.25832e-58	0.0189116
Cell_184	2.4433e-78	0.372776	1.09521e-33	3.38175e-56	0.577281	0.0344008	1.26579e-56	0.0155422
Cell_185	3.3713e-56	0.746923	3.9618e-16	1.37494e-29	0.230637	0.0170704	1.07162e-29	0.00536924
Cell_186	3.71891e-70	0.0596078	6.36004e-30	3.35619e-47	0.868979	0.0513004	3.46912e-48	0.0201127
Cell_187	1.21074e-62	0.268083	3.11306e-26	1.31109e-42	0.675483	0.0398933	2.75461e-42	0.0165405
Cell_188	4.4954e-20	1.07981e-30	0.0190542	0.935659	7.77402e-30	0.00584369	0.0394434	1.80734e-31
Cell_189	8.70288e-69	0.187145	2.34098e-44	1.57393e-52	0.751066	0.0443209	2.14282e-53	0.0174677
Cell_190	1.52367e-57	1.90886e-05	4.67272e-31	3.48851e-38	5.83327e-05	0.999259	5.69098e-39	0.000663758
Cell_191	1.35349e-47	1.98332e-28	4.297e-11	4.5817e-17	2.6334e-27	1	2.9553e-17	6.09623e-29
Cell_192	2.63876e-88	0.114202	3.11058e-59	4.23584e-70	0.818575	0.0482778	4.26898e-71	0.0189449
Cell_193	8.49261e-108	0.217198	9.01359e-44	1.38129e-49	0.723298	0.0427357	5.35841e-51	0.0167684
Cell_194	8.26193e-28	1.89443e-31	0.918226	2.47527e-06	2.20596e-30	0.0817715	1.91842e-07	5.14661e-32
Cell_195	3.59792e-45	0.119396	1.72615e-26	1.38059e-28	0.813598	0.0481441	1.47184e-29	0.0188619
Cell_196	9.01096e-50	0.848304	1.13082e-35	6.5811e-42	0.140022	0.00842621	9.31626e-44	0.00324786
Cell_197	1.74484e-47	0.933149	1.40209e-22	1.14742e-25	0.0611765	0.00425655	1.9881e-26	0.0014184
Cell_198	1.71217e-66	0.430457	7.63824e-38	1.26022e-41	0.524456	0.030967	3.19456e-42	0.01412
Cell_199	0.128345	1.62553e-41	0.00251491	0.863524	1.31792e-40	0.000106942	0.00550992	3.05451e-42
Cell_200	2.93271e-14	7.89468e-35	6.84056e-13	9.41583e-11	1.16233e-33	1	1.49817e-12	2.73547e-35
Cell_201	4.86442e-62	0.369944	2.55494e-37	4.80398e-56	0.581913	0.0344225	3.86953e-57	0.0137202
Cell_202	1.9426e-74	0.485063	1.5377e-39	1.64188e-59	0.475858	0.0280647	1.21853e-60	0.0110142
Cell_203	2.24683e-43	0.71916	4.24724e-23	4.47042e-23	0.257374	0.0171631	2.86527e-23	0.0063023
Cell_204	5.25817e-56	0.00120943	1.60198e-26	1.22121e-35	0.00173618	0.996997	2.76892e-36	5.75983e-05
Cell_205	5.60402e-81	3.27798e-07	7.08682e-52	2.11144e-62	6.69335e-07	0.999999	1.85458e-63	1.5491e-08
Cell_206	6.65701e-31	6.91564e-39	0.869216	7.40539e-16	4.91862e-39	0.130784	7.85435e-17	1.13861e-40
Cell_207	6.6599e-72	0.0834306	5.64108e-49	6.88828e-54	0.846933	0.049949	3.37977e-55	0.0196877
Cell_208	7.59268e-57	0.570884	6.20868e-24	2.47662e-40	0.396171	0.0237638	1.71565e-41	0.00918081
Cell_209	2.36732e-69	2.1641e-13	4.16678e-53	4.62627e-52	4.8441e-13	2.85754e-14	9.11685e-53	1
Cell_210	1.14815e-44	0.0607231	0.000168382	1.77379e-24	0.821888	0.0943786	1.06568e-25	0.0228418
Cell_211	4.5114e-86	0.137347	4.13562e-39	1.73689e-59	0.796608	0.0472972	5.39045e-60	0.0187478
Cell_212	1.20093e-93	0.0540686	2.56968e-35	2.49821e-60	0.874033	0.0516335	4.25923e-61	0.0202648
Cell_213	2.70364e-79	0.999998	4.19418e-46	3.23749e-61	2.04879e-06	1.29823e-07	4.52441e-62	4.75676e-08
Cell_214	5.34342e-43	0.296798	8.43051e-33	9.43889e-35	0.649797	0.0383553	2.31104e-36	0.0150492
Cell_215	1.73506e-92	5.34905e-21	9.48419e-71	4.81478e-76	2.63867e-20	1.56203e-21	2.21406e-77	1
Cell_216	1.0516e-63	0.749482	8.30061e-26	3.86011e-29	0.230303	0.0138144	1.79483e-30	0.00640056
Cell_217	2.83288e-60	0.90668	6.94951e-43	3.31258e-45	0.0860641	0.0051293	4.44825e-46	0.00212645
Cell_218	5.02321e-42	0.574164	2.61033e-28	5.13523e-38	0.0596959	0.364753	3.39627e-40	0.00138728
Cell_219	1.96765e-17	3.27157e-34	2.65267e-11	6.20762e-10	3.90639e-35	1	4.7183e-11	1.54958e-36
Cell_220	9.41648e-79	0.162897	2.07715e-68	5.32285e-70	0.773571	0.0456237	1.31795e-71	0.017909
Cell_221	6.67013e-88	1.37501e-31	5.2785e-71	6.99778e-81	1.62137e-30	9.56203e-32	3.29289e-82	1
Cell_222	1.73932e-105	0.306091	1.99274e-79	6.02186e-89	0.641232	0.0378247	1.80249e-89	0.0148526
Cell_223	8.58402e-59	0.144212	1.36029e-26	2.54034e-27	0.789146	0.0465875	1.18237e-27	0.0200544
Cell_224	2.66419e-07	8.60761e-27	0.00755784	0.975023	2.7118e-27	0.00133283	0.0160865	6.34789e-29
Cell_225	0.00435853	2.05397e-47	0.00757213	0.970796	1.7906e-48	0.000682947	0.0165899	4.14432e-50
Cell_226	1.16681e-34	4.17376e-13	5.16399e-13	1.69897e-15	1.71311e-13	1	1.88746e-16	3.96482e-15
Cell_227	7.44824e-59	0.789076	1.35261e-31	1.06442e-34	0.194893	0.0115172	5.02639e-35	0.00451369
Cell_228	4.58973e-77	0.00295351	3.50895e-37	2.88674e-38	0.0012112	7.16621e-05	1.1665e-38	0.995764
Cell_229	6.45592e-108	0.280735	1.14432e-63	5.90224e-90	0.664671	0.0392031	1.57224e-90	0.0153914
Cell_230	4.68611e-48	0.333161	1.28824e-33	3.77434e-37	0.616168	0.0363484	8.84648e-39	0.0143234
Cell_231	1.5478e-63	0.718878	1.42167e-31	6.38554e-39	0.210843	0.0124425	1.17124e-39	0.0578372
Cell_232	1.58616e-38	0.0978364	2.14436e-16	6.42104e-17	0.832913	0.0499611	2.57412e-17	0.0192896
Cell_233	6.28208e-69	0.553508	2.28385e-36	3.30338e-49	0.412538	0.024396	1.32859e-49	0.00955781
Cell_234	2.81142e-80	0.682467	6.88219e-41	9.92593e-50	0.29329	0.0174552	1.59758e-50	0.00678777
Cell_235	2.6939e-33	0.347188	3.84902e-18	5.68135e-17	0.489305	0.152167	6.12144e-18	0.0113402
Cell_236	1.44643e-53	0.244727	4.8728e-27	1.56112e-40	0.697917	0.0412017	7.05211e-42	0.0161545
Cell_237	9.29118e-81	0.313776	1.69933e-44	1.98297e-53	0.634118	0.0374004	3.51649e-54	0.0147052
Cell_238	3.29404e-30	1.52989e-35	1.83644e-10	2.5437e-17	2.55874e-36	1	2.75544e-18	5.9595e-38
Cell_239	5.57642e-69	0.203679	5.59123e-56	1.01718e-68	0.735357	0.0433692	3.56556e-71	0.0175942
Cell_240	4.85355e-59	0.61771	4.49622e-35	1.64012e-40	0.353154	0.020957	1.60573e-41	0.00817921
Cell_241	1.49761e-41	0.716378	7.47679e-20	4.99497e-23	0.128111	0.00766459	5.97008e-24	0.147847
Cell_242	2.23371e-13	1.85709e-07	0.905425	6.01325e-07	4.45271e-07	0.094574	5.29436e-09	1.03311e-08
Cell_243	3.29181e-10	5.53551e-53	0.0071941	0.976774	1.28963e-52	0.000279651	0.0157523	2.99006e-54
Cell_244	5.41978e-67	0.0613401	5.52112e-48	8.67907e-54	0.867395	0.0511662	1.03874e-54	0.020099
Cell_245	2.40175e-123	0.738884	1.02786e-72	1.70239e-88	0.234895	0.0138528	7.5951e-89	0.0123683
Cell_246	8.1427e-34	0.765719	2.36686e-18	1.19451e-17	0.215781	0.0130381	2.48919e-18	0.00546176
Cell_247	1.2867e-44	0.653673	1.20303e-29	4.66811e-28	0.304504	0.0179716	2.62736e-29	0.0238511
Cell_248	8.14849e-15	1.54609e-06	0.0383029	0.87457	2.35684e-06	0.00457034	0.0825529	5.46679e-08
Cell_249	2.56929e-102	0.911618	2.74014e-60	3.85492e-77	0.0816709	0.00482016	1.06143e-77	0.00189125
Cell_250	7.53197e-62	0.465136	7.80561e-28	1.01499e-35	0.492716	0.0307404	1.63284e-36	0.0114077
Cell_251	6.77372e-08	6.79209e-28	0.00411558	0.986716	8.30543e-28	0.000408205	0.0087598	1.9283e-29
Cell_252	2.46102e-23	4.31726e-22	0.00129874	7.3294e-05	2.38531e-21	0.998614	1.39068e-05	5.79741e-23
Cell_253	5.08063e-80	0.763394	1.19804e-27	1.03311e-57	0.218578	0.0129598	6.67617e-58	0.0050683
Cell_254	1.76137e-72	2.5351e-07	1.7795e-32	5.44987e-59	3.8178e-06	2.26524e-07	1.20974e-59	0.999996
Cell_255	5.65606e-76	0.283535	6.2283e-55	2.36741e-54	0.662093	0.0390453	1.3638e-54	0.015327
Cell_256	1.8105e-111	7.06139e-20	4.53054e-84	1.43106e-91	2.39115e-21	1.41023e-22	5.55665e-92	1
Cell_257	4.90321e-36	0.313629	9.74905e-24	3.20069e-23	0.634093	0.0375733	2.1859e-24	0.0147046
Cell_258	9.39967e-30	0.147962	8.39036e-16	3.40983e-18	0.785492	0.0480262	4.62065e-19	0.0185201
Cell_259	6.14445e-80	0.16418	5.32012e-34	1.18243e-43	0.772329	0.0455632	4.39267e-45	0.0179281
Cell_260	2.15689e-49	0.301472	8.51359e-23	3.41503e-25	0.645298	0.0382879	1.07625e-25	0.014942
Cell_261	5.88621e-72	0.054974	3.60046e-44	1.85696e-50	0.872938	0.0515771	3.63602e-51	0.0205111
Cell_262	1.62096e-69	0.779015	2.84971e-26	1.8017e-44	0.204152	0.0120586	7.75371e-45	0.0047742
Cell_263	4.34914e-71	0.970038	3.76095e-49	1.92725e-56	0.0276807	0.0016355	1.93281e-57	0.000645398
Cell_264	1.22528e-89	0.981957	9.22969e-47	3.21718e-56	0.0166737	0.000983753	3.51156e-56	0.000386015
Cell_265	5.52606e-87	0.0913772	5.12752e-34	1.87281e-72	0.839258	0.0495353	5.09076e-73	0.0198295
Cell_266	4.52546e-37	1.39299e-13	4.48936e-06	3.4419e-17	7.12783e-13	0.999996	1.43716e-18	1.65099e-14
Cell_267	1.71785e-41	0.225378	1.623e-26	4.63812e-31	0.715705	0.0422554	4.12582e-32	0.0166616
Cell_268	9.08557e-78	3.79927e-06	4.37496e-48	1.81465e-55	7.35514e-06	4.33895e-07	1.51111e-56	0.999988
Cell_269	3.36794e-28	0.270741	1.85975e-11	5.23801e-15	0.670174	0.04338	8.23973e-16	0.015705
Cell_270	2.56819e-70	0.923639	1.1113e-40	5.04423e-41	0.0705627	0.00416537	2.49172e-41	0.00163326
Cell_271	4.60945e-37	5.33075e-19	2.34525e-18	7.28229e-26	9.20401e-20	1	2.90121e-27	4.22137e-21
Cell_272	1.63619e-66	0.608791	4.58046e-26	4.59454e-48	0.361429	0.0213483	8.05686e-49	0.00843183
Cell_273	3.14494e-118	0.504458	1.64816e-70	3.45767e-100	0.457904	0.0270103	5.06459e-101	0.0106275
Cell_274	1.55428e-66	0.555368	4.30555e-49	2.647e-48	0.410821	0.0242881	8.67562e-49	0.00952279
Cell_275	6.06517e-55	1.61487e-05	7.09398e-11	3.6871e-26	7.85593e-05	6.37252e-06	1.42819e-26	0.999899
Cell_276	1.60916e-34	7.43079e-11	4.11511e-15	2.89448e-14	7.2261e-10	1	8.8487e-15	1.67517e-11
Cell_277	1.27217e-88	8.54856e-12	5.25105e-29	2.38874e-53	1.20388e-10	1.4714e-10	1.34744e-54	1
Cell_278	1.07824e-68	0.99649	1.63807e-33	8.728e-42	0.00262667	0.000155739	1.02111e-41	0.000728043
Cell_279	4.68466e-130	0.18229	4.08398e-94	1.98592e-101	0.755635	0.044563	7.82618e-102	0.0175115
Cell_280	2.47156e-61	0.929496	4.89724e-22	2.64874e-45	0.0650229	0.0039756	2.8663e-46	0.00150512
Cell_281	6.60775e-32	4.20322e-12	3.32103e-18	7.67126e-28	4.10775e-11	1	1.55835e-29	9.54051e-13
Cell_282	1.70589e-50	6.18551e-06	2.38631e-17	1.12917e-21	1.50624e-05	0.999978	3.81825e-22	3.48702e-07
Cell_283	1.70006e-59	0.665225	1.08385e-40	2.66446e-40	0.309361	0.0182476	8.28128e-41	0.00716671
Cell_284	3.59203e-121	1.08102e-32	1.35677e-80	1.50719e-79	1.86529e-31	1.10044e-32	2.97129e-80	1
Cell_285	7.39523e-33	0.982336	1.44743e-13	4.87042e-16	0.0161649	0.00112473	7.97114e-17	0.00037453
Cell_286	6.94011e-109	0.229377	4.04068e-84	5.81347e-91	0.712133	0.041996	7.55383e-92	0.0164931
Cell_287	6.57211e-62	0.777721	3.04334e-43	1.15314e-50	0.205199	0.0123294	3.3596e-52	0.00475051
Cell_288	5.38809e-87	0.204133	1.39163e-64	1.1822e-66	0.735273	0.0435772	1.96264e-67	0.0170171
Cell_289	7.89251e-53	0.0969304	7.25893e-24	3.45078e-33	0.833794	0.0494721	3.91439e-34	0.0198036
Cell_290	4.0781e-65	0.393923	1.3295e-37	5.73875e-44	0.467738	0.127511	4.62631e-45	0.0108281
Cell_291	3.72441e-82	0.174623	3.26633e-53	3.03289e-66	0.762024	0.0449493	4.24874e-67	0.0184039
Cell_292	5.63518e-56	0.0925938	9.41247e-16	1.46743e-27	0.834479	0.0528774	1.94476e-27	0.0200495
Cell_293	1.18406e-21	0.20151	4.31786e-08	6.40795e-16	0.72951	0.050758	9.0758e-18	0.0182217
Cell_294	3.03852e-44	0.404509	2.14408e-34	2.51193e-40	0.550256	0.0324564	2.54249e-41	0.0127781
Cell_295	8.21021e-99	0.554621	5.33041e-53	5.92061e-60	0.411573	0.0242796	2.55231e-60	0.00952606
Cell_296	4.84624e-40	2.91787e-11	1.9069e-12	3.13154e-18	1.16878e-11	1	3.89337e-19	2.72093e-13
Cell_297	4.84821e-120	9.18601e-13	4.85022e-66	8.89006e-92	1.53038e-12	9.02523e-14	5.18215e-92	1
Cell_298	1.28718e-16	1.69858e-28	0.0220804	0.928477	2.18371e-27	0.00107328	0.0483688	5.05593e-29
Cell_299	2.20895e-55	0.13236	4.08255e-23	4.81382e-28	0.801613	0.0473921	1.74672e-28	0.0186342
Cell_300	6.12766e-44	0.652619	1.02824e-24	4.61335e-29	0.320868	0.0189618	2.76572e-30	0.00755148
Cell_301	2.6805e-42	0.217269	5.36438e-21	1.74276e-23	0.139621	0.596942	4.58262e-24	0.0461679
Cell_302	4.10482e-105	0.95584	1.12808e-55	1.83181e-63	0.0407944	0.00241398	1.41254e-64	0.000951754
Cell_303	2.8789e-45	0.775095	6.98488e-19	1.63984e-27	0.206722	0.0123203	1.52556e-28	0.00586327
Cell_304	4.71628e-56	0.105194	1.67653e-42	1.53343e-48	0.826882	0.0487795	7.73573e-50	0.0191448
Cell_305	1.25972e-52	0.992934	3.62834e-27	6.94101e-37	0.00651139	0.000398116	1.33924e-37	0.000156445
Cell_306	7.40582e-10	9.81857e-32	0.00154681	2.13217e-05	4.16326e-31	0.998431	8.51843e-07	9.67251e-33
Cell_307	1.31384e-42	2.12745e-18	6.89775e-08	3.62346e-08	2.71706e-18	1	1.54659e-08	6.28978e-20
Cell_308	3.58864e-37	0.307635	1.53397e-29	2.02362e-28	0.639717	0.0377486	3.43941e-30	0.0148995
Cell_309	1.54023e-61	0.332453	1.05359e-25	4.75657e-40	0.614203	0.0362741	4.49225e-40	0.0170699
Cell_310	3.57863e-78	0.206688	9.13386e-58	7.91093e-65	0.733032	0.0432285	4.68099e-66	0.0170513
Cell_311	4.00184e-13	5.12121e-21	0.0994223	0.763678	1.66865e-20	0.0217384	0.115161	4.38063e-22
Cell_312	7.69665e-48	2.01818e-09	1.69585e-23	2.3194e-33	2.58649e-08	1.55649e-09	3.8008e-34	1
Cell_313	2.69898e-66	4.22584e-05	6.33612e-43	4.94809e-42	2.65334e-05	1.568e-06	1.38378e-42	0.99993
Cell_314	2.42327e-93	0.0542799	5.99109e-51	7.72283e-50	0.87395	0.0515405	1.31242e-50	0.0202298
Cell_315	0.00139972	8.73953e-51	0.00265306	0.989903	2.05239e-51	0.000233654	0.00581074	4.75583e-53
Cell_316	2.87211e-46	6.54577e-09	7.21026e-21	3.18164e-20	1.98429e-08	1.21323e-09	1.5712e-20	1
Cell_317	1.02493e-76	0.0240914	2.41064e-43	3.46443e-55	0.087662	0.886218	2.93416e-56	0.00202886
Cell_318	2.97314e-83	0.868715	3.16691e-35	3.73609e-50	0.121254	0.00720051	8.46176e-51	0.00283089
Cell_319	1.38941e-60	0.1368	2.01069e-38	2.72588e-37	0.797568	0.0471239	3.67332e-38	0.0185077
Cell_320	4.83505e-89	0.294791	8.85508e-57	4.29467e-64	0.651665	0.0384455	9.5918e-65	0.0150979
Cell_321	3.31345e-55	0.255927	1.21596e-27	1.42772e-30	0.686051	0.0411518	2.94961e-31	0.0168703
Cell_322	3.51009e-55	0.321575	1.25028e-40	2.9079e-39	0.626884	0.0369835	2.73787e-40	0.0145576
Cell_323	1.27726e-97	0.185554	7.13897e-63	4.40548e-66	0.752624	0.0443838	1.22562e-66	0.0174387
Cell_324	3.50137e-82	0.347442	1.89797e-43	4.18652e-58	0.486448	0.0286897	5.45314e-59	0.13742
Cell_325	1.50624e-09	2.64231e-29	0.00599816	0.980604	1.26954e-29	0.000282439	0.0131151	2.93951e-31
Cell_326	1.56551e-68	0.129466	1.263e-30	4.82569e-39	0.804352	0.0475102	1.23579e-39	0.0186714
Cell_327	1.08628e-90	0.177497	4.78078e-54	2.83148e-61	0.759673	0.0452269	1.23488e-61	0.017603
Cell_328	7.29925e-108	0.0715324	6.31974e-51	5.38113e-71	0.856557	0.0505156	1.73779e-71	0.0213951
Cell_329	4.59511e-16	7.45705e-15	0.850503	4.08324e-07	5.10165e-15	0.149497	4.57921e-09	1.18471e-16
Cell_330	6.6526e-15	9.28634e-19	0.0376017	0.867749	8.73989e-18	0.0125802	0.0820692	2.11096e-19
Cell_331	2.5759e-59	0.0771996	1.31419e-41	2.32883e-40	0.852596	0.0504518	2.87691e-41	0.0197522
Cell_332	4.30476e-45	0.000822707	3.08533e-11	4.45923e-38	0.00657206	0.000438261	2.70372e-39	0.992167
Cell_333	2.84736e-66	0.896497	3.61377e-30	3.00937e-41	0.0951272	0.00615753	2.55139e-41	0.00221797
Cell_334	1.20419e-97	0.59668	1.08427e-64	1.0082e-80	0.372713	0.0219803	3.34003e-81	0.00862716
Cell_335	2.05231e-45	0.377562	9.3875e-22	1.05733e-20	0.48106	0.0285227	1.66975e-21	0.112855
Cell_336	1.23206e-69	0.142577	3.73913e-53	1.72903e-52	0.792314	0.0467676	8.38376e-54	0.0183406
Cell_337	7.66921e-32	0.176139	1.28475e-13	1.6471e-13	0.751715	0.0545814	2.88062e-14	0.0175639
Cell_338	1.65165e-60	0.795777	1.30789e-46	1.80741e-45	0.188611	0.0111278	2.85472e-46	0.00448356
Cell_339	6.9782e-53	0.367588	4.22133e-32	1.63152e-31	0.583929	0.0349352	6.16456e-32	0.0135481
Cell_340	3.94076e-54	0.058446	1.95139e-25	2.73388e-33	0.869901	0.051382	1.4448e-33	0.020271
Cell_341	3.63055e-69	0.932214	3.48607e-33	1.16624e-47	0.0626039	0.00373111	1.30195e-47	0.00145101
Cell_342	7.7792e-61	0.881479	1.17157e-42	4.3793e-41	0.109509	0.00647594	2.49363e-42	0.00253643
Cell_343	2.89602e-60	0.542727	4.1733e-41	1.0173e-44	0.422296	0.0249989	3.20252e-45	0.00997777
Cell_344	3.31391e-85	8.78389e-08	2.87365e-64	6.69386e-71	5.01075e-07	2.95572e-08	6.79537e-72	0.999999
Cell_345	5.37644e-59	0.0474	1.51775e-32	9.30294e-33	0.033983	0.00203313	3.40304e-33	0.916584
Cell_346	5.29558e-71	0.159176	1.65109e-53	1.3573e-56	0.776981	0.0458522	3.89772e-57	0.0179908
Cell_347	1.12218e-83	2.83893e-08	1.28758e-24	1.28342e-58	1.62725e-07	1	1.46282e-59	3.76608e-09
Cell_348	6.05626e-82	0.598499	4.8038e-59	2.88045e-66	0.371032	0.0218806	1.37269e-67	0.00858858
Cell_349	8.15777e-49	0.00591014	3.48261e-23	2.61197e-32	0.00488216	0.988857	3.58263e-33	0.000350676
Cell_350	5.9491e-31	2.66922e-12	5.12291e-20	2.13903e-20	4.57282e-11	1	2.66786e-22	1.05839e-12
Cell_351	1.21814e-39	2.82252e-20	1.58518e-11	1.14978e-19	1.05861e-19	1	1.49028e-20	2.45068e-21
Cell_352	1.97286e-93	0.987731	3.28793e-81	8.48026e-80	0.0113377	0.000668834	7.19509e-81	0.000262517
Cell_353	3.384e-52	0.112459	2.8577e-40	2.95004e-39	0.820156	0.0483819	4.1732e-40	0.0190025
Cell_354	2.57257e-67	0.0626287	1.73085e-33	1.35075e-37	0.866003	0.0511339	1.58671e-37	0.0202342
Cell_355	7.08319e-39	1.67265e-22	0.954526	0.000174075	1.53529e-21	0.0452583	4.16065e-05	3.82227e-23
Cell_356	2.18175e-68	0.147172	1.84946e-36	3.62681e-42	0.788046	0.0465411	5.08328e-43	0.0182412
Cell_357	2.41501e-36	0.054049	8.37911e-26	5.31135e-25	0.872619	0.0515358	1.87874e-26	0.0217963
Cell_358	9.4366e-75	1.05017e-25	2.81751e-42	6.69565e-50	1.17344e-25	7.09027e-27	8.83715e-51	1
Cell_359	4.62214e-57	0.212552	6.3159e-31	1.39037e-37	0.727206	0.0429744	1.01249e-38	0.0172677
Cell_360	2.95679e-80	0.0557469	5.05165e-39	3.11353e-49	0.872221	0.0518163	6.51908e-50	0.0202161
Cell_361	5.12686e-86	0.19766	3.91686e-47	9.78497e-63	0.741373	0.0437216	3.29785e-63	0.0172453
Cell_362	2.35406e-13	2.17583e-35	0.0116809	0.962164	5.11935e-36	0.00056431	0.0255906	1.18484e-37
Cell_363	3.04728e-54	0.309444	3.66409e-12	1.09823e-29	0.635072	0.0396219	4.68237e-30	0.0158628
Cell_364	8.03322e-71	0.173191	3.05754e-45	3.86836e-44	0.763904	0.0452211	6.55606e-45	0.0176837
Cell_365	4.02391e-41	0.521431	1.98115e-17	1.67359e-21	0.437804	0.0304616	6.04681e-22	0.0103035
Cell_366	4.43287e-60	0.855905	2.86875e-23	3.06991e-32	0.133087	0.00788607	9.14561e-33	0.00312267
Cell_367	5.56965e-106	0.141669	2.38832e-68	2.22301e-80	0.792546	0.0474164	3.15645e-81	0.0183681
Cell_368	3.97588e-72	0.0247347	2.58619e-24	7.12416e-31	0.0202964	0.945636	7.84227e-32	0.00933248
Cell_369	5.47247e-71	0.761219	4.6798e-29	4.55122e-55	0.220616	0.013035	5.70134e-56	0.00513005
Cell_370	2.02076e-63	0.424307	7.37251e-51	7.30878e-56	0.531979	0.0313729	1.10289e-57	0.0123411
Cell_371	1.73231e-30	0.212447	9.45789e-10	6.79875e-09	0.686338	0.0457688	2.04885e-09	0.0554462
Cell_372	6.52503e-33	2.93929e-05	2.52621e-14	7.89987e-20	4.66398e-06	0.999966	3.54976e-21	1.08745e-07
Cell_373	7.00572e-54	1.03477e-05	2.29896e-30	3.55893e-39	1.12195e-05	6.64816e-07	3.67783e-40	0.999978
Cell_374	6.99845e-96	0.228023	3.1546e-71	2.4086e-79	0.713395	0.0420703	7.87726e-81	0.0165117
Cell_375	1.20871e-104	0.29583	8.37065e-79	5.21546e-78	0.65073	0.0383749	7.01829e-79	0.0150651
Cell_376	1.24962e-61	0.302856	1.56052e-26	1.56504e-48	0.643806	0.0384364	2.62418e-49	0.014901
Cell_377	1.30119e-45	2.63833e-20	2.09419e-13	2.18656e-25	3.39228e-20	1	7.37261e-26	7.86854e-22
Cell_378	2.04271e-46	0.124474	8.11368e-31	1.51546e-35	0.808402	0.048365	3.47145e-36	0.0187591
Cell_379	1.65727e-52	0.129457	5.63383e-33	1.07216e-35	0.804332	0.0475957	1.19465e-36	0.0186155
Cell_380	1.7023e-97	0.0714128	5.39069e-53	1.77966e-56	0.857024	0.0507336	1.34492e-57	0.0208297
Cell_381	2.99629e-100	0.0566225	1.20504e-86	8.96125e-86	0.871787	0.0514129	2.49452e-86	0.0201777
Cell_382	9.16993e-76	1.07814e-15	3.80011e-44	5.12444e-62	1.07581e-15	6.35533e-17	1.24746e-63	1
Cell_383	6.64331e-91	0.295294	1.25764e-40	4.94612e-62	0.651215	0.0384132	2.71816e-62	0.0150772
Cell_384	3.02703e-60	0.547687	9.85305e-34	5.72016e-42	0.41752	0.0251254	1.19561e-42	0.00966758
Cell_385	9.79031e-31	1.06304e-31	6.08421e-13	1.1614e-18	7.05023e-34	1	9.26565e-20	1.63256e-35
Cell_386	1.07967e-94	0.014599	3.75142e-48	1.16174e-62	0.0407327	0.00240389	3.95566e-63	0.942264
Cell_387	3.65617e-22	0.0821931	0.0923283	0.291375	0.383268	0.119191	0.0227725	0.008872
Cell_388	5.47746e-34	0.0787126	6.93962e-18	5.98287e-18	0.850835	0.0506362	1.20191e-18	0.0198166
Cell_389	4.00925e-67	0.645309	1.38559e-47	2.32655e-55	0.327465	0.0193159	1.40743e-56	0.00790933
Cell_390	2.89632e-71	3.95359e-13	9.55671e-54	3.75712e-56	3.47201e-12	2.04769e-13	1.15319e-57	1
Cell_391	3.39687e-53	2.39368e-11	1.95834e-45	2.37664e-44	3.79052e-10	2.23691e-11	2.14997e-46	1
Cell_392	1.50257e-26	4.92649e-21	0.0459785	0.849427	7.68669e-20	0.00391865	0.100675	1.78044e-21
Cell_393	3.78558e-29	0.0654788	2.68344e-10	2.88444e-09	0.699768	0.217618	5.5549e-10	0.0171351
Cell_394	2.39689e-119	1.14452e-33	3.29992e-75	3.30229e-91	8.17461e-33	4.83916e-34	1.40433e-91	1
Cell_395	2.18681e-49	0.52356	5.82433e-19	8.91139e-29	0.43422	0.0321383	9.39523e-30	0.0100815
Cell_396	4.25458e-09	2.24708e-26	0.0176064	0.942784	3.4415e-25	0.00109375	0.0385154	7.9937e-27
Cell_397	7.12058e-72	0.12856	2.47621e-56	9.32684e-61	0.804676	0.0481356	4.4799e-62	0.0186279
Cell_398	3.52479e-59	0.627569	1.68628e-38	7.28349e-43	0.344072	0.0203418	1.01894e-43	0.00801778
Cell_399	1.14007e-09	6.59791e-25	0.00556247	0.98194	1.54606e-24	0.00031443	0.0121833	3.59292e-26
Cell_400	1.3294e-68	0.422517	2.77967e-49	1.99708e-48	0.533651	0.0314801	2.763e-49	0.0123523
Cell_401	4.49894e-37	1.03275e-07	0.665461	2.67195e-09	3.63836e-09	0.334539	2.17644e-09	8.50103e-11
Cell_402	5.61836e-63	0.0639681	1.52621e-12	1.71248e-21	0.862462	0.0531925	5.63333e-23	0.0203777
Cell_403	6.12641e-75	0.0989684	2.41289e-46	4.53841e-58	0.832593	0.0491119	5.12239e-59	0.019327
Cell_404	2.68238e-53	0.087038	1.72294e-35	1.79689e-42	0.84364	0.0497798	5.95101e-44	0.0195423
Cell_405	7.07291e-60	0.477988	5.66237e-18	1.99101e-21	0.481943	0.0286822	2.36532e-21	0.0113871
Cell_406	3.92835e-47	0.000182729	1.08689e-29	9.44713e-37	8.71953e-05	5.14905e-06	8.09027e-38	0.999725
Cell_407	2.64863e-24	1.48696e-25	1.19904e-08	2.15517e-16	5.26656e-27	1	5.12185e-18	1.25495e-28
Cell_408	9.16165e-40	0.0577907	9.34688e-22	1.56288e-21	0.844067	0.0785978	9.44457e-23	0.0195445
Cell_409	4.11587e-92	0.97758	1.37986e-71	1.23641e-71	0.0126607	0.0039373	3.09387e-72	0.00582152
Cell_410	4.93013e-70	0.724224	1.90563e-40	8.13565e-41	0.254832	0.0150307	4.27273e-41	0.00591342
Cell_411	1.25708e-63	0.348032	2.62413e-30	3.65857e-48	0.600965	0.0370646	2.4487e-49	0.013938
Cell_412	8.62996e-74	2.47805e-06	4.04367e-45	2.30552e-54	1.13195e-05	6.67576e-07	1.45016e-55	0.999986
Cell_413	1.6786e-51	0.168918	1.66838e-28	3.20553e-28	0.76681	0.0456356	1.93248e-28	0.018637
Cell_414	6.51058e-38	2.61364e-18	1.45579e-12	2.14413e-25	1.96157e-17	1	1.20069e-26	4.54176e-19
Cell_415	2.73393e-82	7.23189e-15	3.1101e-53	5.88809e-65	6.49704e-17	3.84326e-18	2.48985e-65	1
Cell_416	3.5766e-83	3.95491e-19	1.46903e-38	1.88966e-55	4.28437e-18	2.64239e-19	1.49849e-55	1
Cell_417	7.73997e-33	3.89719e-11	8.63316e-17	5.92914e-16	2.50749e-12	1	1.89892e-17	3.57864e-13
Cell_418	7.60617e-84	1.68858e-17	1.03782e-46	2.16748e-67	1.71488e-16	1.01206e-17	1.54391e-68	1
