cell	Node 0	Node 1	Node 2	Node 3	Node 4	Node 5	Node 6	Node 7	Node 8	Node 9	Node 10
Cell_0	9.12195e-42	2.27453e-22	0.0125786	0.000329725	0.115244	0.832825	0.0248543	0.0125665	2.04924e-41	1.37721e-09	0.00160231
Cell_1	5.13134e-77	1.11355e-61	0.0312697	0.000814963	0.806502	0.0882311	0.0607096	0.00132366	4.91261e-78	7.13514e-15	0.0111488
Cell_2	1.34496e-50	1.13575e-51	0.0213233	0.00055663	0.907869	0.0156462	0.0413988	0.000235105	3.34848e-52	0.000400571	0.0125702
Cell_3	2.47321e-69	2.24751e-68	0.0133587	0.000348231	0.117684	0.828612	0.0259363	0.0124335	5.20512e-69	1.13156e-26	0.00162715
Cell_4	1.61045e-49	7.43312e-51	7.66068e-06	8.90034e-06	0.618702	3.64727e-15	1.49674e-05	2.4392e-15	2.60154e-60	2.41411e-34	0.381266
Cell_5	3.12555e-31	2.12653e-13	0.000912712	2.38657e-05	0.00312839	0.979198	0.00195095	0.0147384	1.13775e-29	4.05016e-06	4.33878e-05
Cell_6	1.30688e-36	1.54561e-25	0.0167785	0.000437526	0.931736	0.00523774	0.0328442	7.86201e-05	1.38424e-38	5.12044e-10	0.012887
Cell_7	1.15575e-12	5.96513e-09	1.4934e-22	3.95747e-24	1.7802e-20	8.3904e-24	1	1.27987e-25	2.20321e-15	7.28535e-11	2.50218e-22
Cell_8	3.21879e-42	9.1453e-33	0.0330068	0.00131454	0.719726	0.162851	0.0641648	0.00373337	5.38844e-43	9.28253e-10	0.0152035
Cell_9	2.88793e-40	1.98174e-37	0.0327259	0.000868822	0.731918	0.157709	0.0640613	0.0024101	4.72209e-41	6.5653e-22	0.0103065
Cell_10	0.0256669	0.00115118	4.03646e-36	1.08302e-37	1.35349e-35	4.5101e-33	0.000100529	6.96567e-35	0.973067	1.40239e-05	1.92619e-37
Cell_11	3.37113e-36	1.71538e-33	0.0321453	0.000849273	0.535057	0.3198	0.0997869	0.00486349	1.13794e-36	6.95586e-31	0.00749786
Cell_12	1.40163e-58	7.72925e-60	6.24836e-07	1.63211e-08	0.986333	5.24308e-20	1.21456e-06	7.88333e-22	3.9906e-73	1.72579e-36	0.0136651
Cell_13	6.46596e-42	2.55747e-36	0.000400695	1.04437e-05	0.985186	3.45232e-09	0.000783558	5.17953e-11	1.89022e-48	2.69305e-20	0.0136196
Cell_14	1.58676e-15	1.34677e-09	0.0123049	0.000320784	0.844301	0.00269116	0.128668	4.03845e-05	1.17749e-17	8.8335e-11	0.0116745
Cell_15	2.9654e-13	2.55469e-14	2.20776e-20	5.76428e-22	5.51706e-19	7.61033e-20	1	1.14376e-21	3.46831e-14	3.12658e-16	7.64026e-21
Cell_16	7.01073e-40	8.95235e-39	4.56885e-05	0.0520261	0.00149315	6.781e-05	8.8719e-05	0.0444475	3.53047e-41	1.59054e-06	0.901829
Cell_17	3.82862e-57	1.0207e-52	0.0356859	0.000929976	0.678045	0.203628	0.0692845	0.00305459	7.41255e-58	6.09814e-10	0.00937218
Cell_18	9.18284e-50	5.86092e-21	5.00871e-38	1.30834e-39	4.72087e-35	4.42609e-42	1	6.65512e-44	2.75331e-55	7.1382e-23	6.54072e-37
Cell_19	1.07936e-36	4.85643e-38	0.0141921	0.000369954	0.135696	0.808165	0.0275736	0.0121267	2.08546e-36	1.9043e-12	0.00187619
Cell_20	3.11829e-47	8.6845e-47	0.0029871	7.7888e-05	0.0150886	0.961129	0.0057995	0.0144259	3.40432e-46	0.000282911	0.000208678
Cell_21	3.57447e-41	7.66518e-32	9.50532e-09	0.017477	1.00702e-06	4.16707e-10	1.84942e-08	0.000441033	5.3169e-44	5.03104e-11	0.982081
Cell_22	1.39671e-32	7.08679e-28	1.12368e-08	2.92988e-10	3.41582e-07	1.52272e-08	1	2.28543e-10	6.42195e-34	2.18867e-13	4.72401e-09
Cell_23	2.43894e-46	5.57574e-42	0.00103231	2.69106e-05	0.00352685	0.97805	0.00200542	0.0146763	7.84037e-45	0.000633204	4.8765e-05
Cell_24	3.11272e-49	7.96004e-47	0.0113399	0.000295756	0.951866	0.00127594	0.0220357	1.91556e-05	1.18836e-51	3.65712e-22	0.0131677
Cell_25	5.30905e-46	8.24261e-26	0.00113216	5.84686e-05	0.00405837	0.96369	0.00230229	0.0286478	1.5333e-44	2.94253e-16	0.000111166
Cell_26	1.22731e-45	1.44793e-32	0.00268112	6.98924e-05	0.0128402	0.964524	0.00523448	0.0144733	1.49808e-44	1.40973e-15	0.000177538
Cell_27	1.29037e-40	2.65411e-32	2.52585e-07	6.58261e-09	4.36723e-06	2.0409e-06	0.999993	3.06163e-08	3.53761e-41	6.4661e-20	6.03676e-08
Cell_28	5.83502e-51	8.44175e-52	0.00177137	0.0115536	0.0125701	0.195013	0.00343933	0.732167	2.17961e-50	3.09022e-15	0.0434862
Cell_29	1.01094e-77	4.96332e-60	0.0281337	0.00125662	0.84587	0.0486131	0.0548369	0.00124988	5.927e-79	1.11375e-41	0.0200395
Cell_30	8.90763e-49	3.37553e-37	0.00416976	0.000108715	0.0232661	0.949781	0.00809869	0.0142541	6.88426e-48	8.83945e-09	0.000321742
Cell_31	1.94818e-38	1.32847e-27	0.0304585	0.000860152	0.828112	0.0676373	0.0594283	0.00109949	1.46788e-39	3.77441e-10	0.012404
Cell_32	3.0399e-38	3.48787e-34	0.0332473	0.000866864	0.770872	0.117908	0.0646763	0.00176961	3.65787e-39	5.52013e-13	0.0106606
Cell_33	7.1491e-29	1.74786e-28	0.0253885	0.000667424	0.881638	0.0299132	0.049647	0.000452655	2.85799e-30	1.84053e-12	0.0122931
Cell_34	2.02206e-69	6.81591e-56	0.0130856	0.000349959	0.117685	0.826515	0.027971	0.0127237	4.33345e-69	1.29815e-48	0.00166937
Cell_35	3.66684e-58	1.10596e-40	0.00636549	0.000170792	0.0437012	0.922466	0.0124277	0.0142471	1.80299e-57	1.07678e-23	0.000621924
Cell_36	0.864716	0.114249	1.37673e-13	3.59274e-15	9.95392e-12	2.24157e-14	0.014783	3.36721e-16	0.00477707	0.00147474	1.37778e-13
Cell_37	1.84213e-46	1.09986e-40	0.00477514	0.000124628	0.922084	2.87889e-05	0.0602227	4.32506e-07	3.76826e-50	2.69869e-18	0.0127646
Cell_38	7.16175e-47	5.19393e-44	1.02484e-11	0.000210321	9.18493e-08	1.37269e-18	1.99089e-11	1.62158e-11	3.25476e-55	1.58023e-17	0.99979
Cell_39	1.79098e-61	1.75674e-48	2.91379e-17	0.00470265	1.39872e-16	1.05846e-14	5.65876e-17	0.983324	2.20744e-60	8.70022e-19	0.0119736
Cell_40	1.79247e-58	6.39712e-59	0.0216929	0.000565663	0.231307	0.690749	0.0421185	0.0103681	1.93659e-58	7.99091e-21	0.00319915
Cell_41	1.79208e-43	3.13368e-39	0.00266431	6.98109e-05	0.0133908	0.963976	0.0051741	0.0145393	2.2e-42	4.78504e-09	0.000186103
Cell_42	4.81751e-69	1.49452e-61	0.00814827	0.00021249	0.0587414	0.902707	0.015828	0.0135506	1.81087e-68	1.69729e-34	0.000812502
Cell_43	5.66117e-52	6.05137e-36	0.0320086	0.00127867	0.674577	0.194823	0.0785395	0.00447994	1.16913e-52	2.67274e-31	0.0142933
Cell_44	3.29932e-65	1.89415e-52	2.12006e-06	0.0552494	2.90577e-05	3.61998e-05	4.11611e-06	0.54303	1.91146e-65	8.91375e-09	0.401649
Cell_45	6.26501e-54	1.11032e-51	0.0327197	0.000855381	0.632749	0.257473	0.0635542	0.00387456	1.67274e-54	4.53868e-24	0.00877384
Cell_46	1.17087e-22	5.67388e-09	9.57879e-09	2.53428e-10	3.4739e-08	8.5917e-06	0.998979	1.30847e-07	3.56337e-21	0.00101228	4.87492e-10
Cell_47	0.955682	0.0435664	2.51424e-14	6.72403e-16	7.95376e-12	7.05755e-17	7.63413e-05	1.08647e-18	9.10215e-05	0.000584134	1.12824e-13
Cell_48	2.20018e-87	3.18028e-61	1.05892e-08	0.00205071	3.6478e-08	8.91848e-06	2.05615e-08	0.994193	6.28736e-86	1.68123e-27	0.00374695
Cell_49	9.66348e-89	7.4419e-72	0.0353123	0.0015939	0.622534	0.250586	0.0685588	0.00651073	2.32674e-89	3.33694e-27	0.014904
Cell_50	1.79888e-55	1.51826e-48	2.11643e-14	0.0285732	1.35129e-12	4.87852e-15	4.11241e-14	0.00379125	1.40692e-57	1.44149e-23	0.967636
Cell_51	3.02344e-51	3.54865e-50	0.00258295	7.08192e-05	0.0125257	0.964401	0.00501672	0.0152206	3.83024e-50	9.29281e-22	0.000182156
Cell_52	2.64221e-31	1.01507e-13	3.50872e-11	8.06133e-06	1.93492e-10	8.58827e-09	0.91746	0.0011358	2.19435e-30	0.081373	2.35791e-05
Cell_53	1.22482e-87	5.85871e-60	0.00661508	0.000172562	0.966855	0.000134935	0.0128432	2.02616e-06	8.47708e-91	4.72667e-17	0.0133776
Cell_54	6.12067e-79	1.49166e-72	0.000791864	0.000409984	0.00274081	0.765485	0.00168356	0.228136	2.00756e-77	3.33367e-59	0.000752665
Cell_55	3.70008e-67	1.27196e-57	0.0292388	0.00076279	0.852493	0.0482164	0.056769	0.000724068	2.07028e-68	1.01373e-18	0.0117962
Cell_56	0.757609	0.0345369	8.43254e-30	2.19859e-31	1.52492e-28	6.79483e-29	0.000300165	1.01978e-30	0.207133	0.000421098	2.10883e-30
Cell_57	0.0564005	0.00267591	3.814e-33	9.94536e-35	1.70618e-32	1.87504e-30	9.43882e-05	2.81442e-32	0.940797	3.26083e-05	2.35977e-34
Cell_58	3.02116e-22	1.93031e-16	0.0262941	0.000685445	0.871606	0.0357028	0.0519552	0.000535743	1.39188e-23	0.00116878	0.0120515
Cell_59	1.21011e-41	2.89121e-30	0.0326359	0.000861161	0.757402	0.132954	0.0635273	0.00201943	1.67268e-42	3.09385e-10	0.0106004
Cell_60	1.50865e-50	1.81901e-33	0.0175252	0.000457935	0.928634	0.0063364	0.0340811	9.53069e-05	1.85077e-52	1.59248e-11	0.0128704
Cell_61	8.91738e-74	7.56866e-68	4.06745e-19	0.00472314	1.61594e-16	6.40828e-22	7.90889e-19	4.28341e-06	4.76694e-78	1.52201e-45	0.995273
Cell_62	1.02737e-29	4.46748e-30	0.0310361	0.000814954	0.789672	0.105198	0.060691	0.00159005	1.18154e-30	4.70432e-14	0.0109981
Cell_63	1.04388e-09	0.82343	6.07573e-36	1.58483e-37	1.8312e-34	9.76788e-36	0.166534	1.46664e-37	5.69424e-11	0.0100357	2.53354e-36
Cell_64	6.60115e-67	2.08674e-52	0.00420935	0.000111987	0.0238906	0.948728	0.0081937	0.014529	5.04812e-66	2.23299e-32	0.000337123
Cell_65	3.89833e-29	3.29194e-30	0.00088781	2.31719e-05	0.00289693	0.979679	0.00175425	0.0147185	1.45957e-27	1.99323e-17	4.01038e-05
Cell_66	8.18887e-32	4.19704e-23	0.0243716	0.000648393	0.293467	0.619566	0.0483177	0.00948814	7.06334e-32	6.37443e-11	0.00414114
Cell_67	3.01977e-21	1.0924e-16	0.00766782	0.000226663	0.299085	0.00859666	0.679588	0.000146278	1.14872e-22	1.42267e-13	0.00468933
Cell_68	1.42913e-31	8.7283e-23	0.0335746	0.000875351	0.653924	0.232254	0.0668431	0.00348558	3.35435e-32	3.16959e-11	0.00904287
Cell_69	1.13953e-53	2.3461e-48	0.016101	0.000423971	0.93389	0.00519079	0.0312728	7.86786e-05	1.24649e-55	3.33524e-20	0.0130432
Cell_70	1.14885e-75	1.64708e-63	0.0298357	0.00078937	0.465592	0.432722	0.0579366	0.00659011	5.6535e-76	1.0593e-31	0.00653366
Cell_71	7.7741e-57	1.56975e-29	0.00568917	0.00015215	0.964011	6.07862e-05	0.0164116	9.35767e-07	2.81832e-60	6.25603e-17	0.0136745
Cell_72	4.18573e-26	1.92071e-27	0.0118929	0.000310125	0.0968662	0.853523	0.0232564	0.0128117	1.01926e-25	2.02253e-11	0.00133977
Cell_73	5.80778e-34	2.63968e-18	9.33074e-43	2.45009e-44	1.26992e-40	1.9329e-44	1	2.92155e-46	4.08212e-37	3.21475e-20	1.76868e-42
Cell_74	2.12759e-41	5.65755e-32	0.0120711	0.000332505	0.948662	0.00148122	0.0234475	2.3486e-05	8.85813e-44	0.000122438	0.0138602
Cell_75	1.0149e-33	3.21204e-33	0.001066	2.78419e-05	0.00384166	0.978232	0.00207252	0.0147069	3.16002e-32	1.46164e-10	5.32189e-05
Cell_76	1.20951e-53	5.25953e-54	0.00212992	5.55047e-05	0.980131	8.47526e-07	0.00413523	1.27133e-08	1.63298e-58	3.42533e-08	0.0135474
Cell_77	8.43325e-42	5.59289e-39	0.00626274	0.000163334	0.0421583	0.924768	0.0121809	0.013883	4.22519e-41	2.09876e-17	0.000583179
Cell_78	5.76749e-46	2.11726e-40	0.023981	0.00062496	0.898955	0.0170473	0.0465625	0.000255729	1.3911e-47	0.000147736	0.012426
Cell_79	5.97579e-52	2.79402e-49	0.0245684	0.000647569	0.891282	0.0229873	0.0477061	0.000348767	1.89709e-53	3.55488e-16	0.0124604
Cell_80	2.73428e-25	1.49736e-12	1.4934e-22	3.90209e-24	1.31531e-20	1.54285e-23	1	2.32053e-25	9.58465e-28	1.82876e-14	1.82287e-22
Cell_81	0.933826	0.0418834	1.48197e-23	3.86857e-25	5.87543e-22	1.08075e-23	0.000671254	1.62396e-25	0.0231066	0.000512595	8.13502e-24
Cell_82	2.62883e-66	1.86844e-55	8.14037e-14	0.00260764	5.87024e-11	1.86973e-17	1.59184e-13	3.44764e-07	2.04871e-71	1.9675e-39	0.997392
Cell_83	2.44808e-65	1.45427e-56	1.4401e-31	0.00390229	6.93057e-29	8.4334e-35	2.79903e-31	1.31543e-06	4.86426e-70	7.04793e-33	0.996096
Cell_84	6.71996e-90	3.68547e-66	3.0224e-05	0.0696548	0.000565202	0.000179874	5.86856e-05	0.23862	1.35696e-90	3.90555e-11	0.690891
Cell_85	4.18188e-60	1.00072e-44	0.0309932	0.000808988	0.471159	0.423964	0.060182	0.00637006	1.94096e-60	7.84314e-12	0.00652303
Cell_86	1.33058e-34	1.37617e-32	0.00308792	8.0542e-05	0.015981	0.959419	0.00680621	0.0144047	1.40271e-33	3.86103e-26	0.000221089
Cell_87	1.02145e-18	1.10607e-15	0.00108883	2.92144e-05	0.00368071	0.977829	0.00221417	0.0151022	3.11245e-17	3.94857e-06	5.23812e-05
Cell_88	7.73281e-11	9.31032e-12	6.17986e-26	1.76131e-27	6.47636e-25	2.25557e-24	1	3.70043e-26	9.57631e-11	1.13529e-13	9.79027e-27
Cell_89	2.8855e-59	5.94078e-54	0.00302905	7.89914e-05	0.015195	0.961171	0.00588788	0.0144282	3.10669e-58	4.1496e-19	0.000210174
Cell_90	1.31427e-18	0.965087	3.64139e-28	9.50039e-30	1.03207e-26	6.72866e-28	0.0230948	1.01051e-29	8.24001e-20	0.0118184	1.4282e-28
Cell_91	1.08097e-58	2.40178e-54	0.0283497	0.000749133	0.846073	0.0569442	0.0551592	0.000866164	7.3671e-60	1.57641e-33	0.0118584
Cell_92	1.24659e-36	1.40066e-36	0.0250993	0.000654396	0.300239	0.610853	0.0487373	0.00916758	1.0294e-36	0.00109777	0.00415196
Cell_93	0.0971908	0.00453487	6.42015e-24	1.74605e-25	3.54543e-23	1.74815e-21	0.0002908	2.73672e-23	0.897928	5.55005e-05	5.11433e-25
Cell_94	3.93463e-37	1.6854e-19	0.00235596	6.16328e-05	0.0107829	0.967411	0.00467079	0.0145678	5.48188e-36	2.55977e-07	0.000149619
Cell_95	4.64648e-67	7.21393e-47	0.018073	0.000471783	0.17462	0.757939	0.0350898	0.011389	6.61168e-67	8.25816e-08	0.00241776
Cell_96	1.56618e-51	7.51884e-40	0.0114342	0.00029927	0.951876	0.000957925	0.0222025	1.44321e-05	4.45197e-54	9.56636e-07	0.0132143
Cell_97	2.65629e-06	1.19298e-07	1.49339e-22	4.20019e-24	1.66114e-20	5.23212e-24	0.999997	8.47057e-26	3.15764e-09	1.45701e-09	2.47804e-22
Cell_98	1.90926e-72	1.24048e-56	0.00203161	5.29485e-05	0.980417	8.4546e-07	0.00394476	1.26837e-08	2.69588e-77	4.10643e-22	0.0135529
Cell_99	1.36262e-49	5.38792e-29	0.0290654	0.000757788	0.402387	0.496902	0.0578658	0.00745731	7.9041e-50	1.95657e-17	0.00556446
Cell_100	4.60413e-86	5.59246e-68	0.00136354	0.0125443	0.00994291	0.146924	0.00264737	0.77806	1.68328e-85	7.49579e-28	0.0485177
Cell_101	9.57454e-65	6.7157e-60	0.0144669	0.000388134	0.941024	0.00260244	0.0280872	4.01909e-05	5.84397e-67	2.03264e-13	0.0133911
Cell_102	4.86131e-11	0.584477	1.14155e-21	2.97994e-23	3.72337e-21	1.341e-18	0.408377	2.01503e-20	1.93763e-09	0.00714597	5.15531e-23
Cell_103	0.0955663	0.0042869	8.78964e-49	2.29072e-50	4.57486e-48	2.43963e-46	9.68011e-05	3.65986e-48	0.899998	5.22075e-05	6.3239e-50
Cell_104	5.80585e-61	6.44609e-46	0.0104777	0.00027434	0.954906	0.00059991	0.0204714	9.04165e-06	1.12789e-63	2.09355e-29	0.0132614
Cell_105	2.44286e-45	3.18543e-45	7.55913e-05	0.0306078	0.00072542	0.00347168	0.000152343	0.809171	3.80672e-45	5.63503e-35	0.155796
Cell_106	4.79984e-14	2.44606e-15	0.00109399	2.88351e-05	0.00381902	0.977114	0.002178	0.014825	1.4546e-12	0.000888261	5.3391e-05
Cell_107	2.89809e-38	1.26023e-38	0.00462223	0.000501125	0.932225	3.93417e-05	0.0090026	2.45521e-06	8.36945e-42	2.03649e-19	0.0536072
Cell_108	1.51443e-36	2.91983e-27	1.47698e-15	3.84982e-17	1.99297e-14	2.27124e-14	1	3.40775e-16	7.90167e-37	3.48933e-20	2.75533e-16
Cell_109	2.389e-42	3.29597e-30	2.36654e-08	0.0140851	1.61557e-07	2.72888e-06	4.60451e-08	0.934911	9.34692e-42	2.16331e-09	0.0510009
Cell_110	5.31556e-18	1.198e-16	0.00873373	0.000228939	0.0671589	0.890834	0.0186687	0.0134418	1.83962e-17	2.2817e-09	0.000933751
Cell_111	1.78731e-27	0.00245033	2.05658e-29	5.36129e-31	2.07366e-27	9.15111e-31	0.99752	1.37321e-32	2.69843e-30	2.98582e-05	2.86727e-29
Cell_112	0.000220802	3.19444e-05	0.00829509	0.000218065	0.0606576	0.882749	0.0318831	0.013358	0.000797265	0.000943446	0.000845779
Cell_113	1.42597e-40	1.40822e-26	0.0267611	0.000698899	0.338479	0.568507	0.0520352	0.00854645	1.02784e-40	0.000283183	0.00468866
Cell_114	4.23271e-24	1.12553e-14	0.0229319	0.0118729	0.679027	0.0408504	0.0466328	0.0121745	2.55833e-25	4.01805e-05	0.186471
Cell_115	2.75067e-35	1.4326e-34	0.0314944	0.000822295	0.570127	0.323413	0.0613875	0.00486061	9.58396e-36	3.2147e-16	0.00789537
Cell_116	1.1504e-63	3.30686e-59	0.0346167	0.000902476	0.623462	0.261268	0.0672084	0.0039208	2.94599e-64	4.86806e-15	0.00862118
Cell_117	9.45271e-44	3.82492e-44	0.0261117	0.000680512	0.870517	0.0393605	0.0507065	0.000590475	4.83466e-45	5.13488e-13	0.0120333
Cell_118	1.74324e-31	6.97376e-26	0.0263326	0.000690581	0.355767	0.551899	0.0520312	0.00833144	1.23967e-31	4.22254e-13	0.00494873
Cell_119	9.5731e-73	7.86476e-63	0.0352332	0.00164059	0.623674	0.248968	0.0684073	0.00667317	2.29524e-73	9.00319e-24	0.0154033
Cell_120	5.68669e-47	1.37959e-32	0.0250883	0.000654079	0.304516	0.595042	0.0615592	0.00892988	4.57634e-47	6.09329e-28	0.0042109
Cell_121	6.79851e-47	3.90496e-42	0.0251273	0.000656898	0.881312	0.0299498	0.0487865	0.000450697	2.74944e-48	0.00149586	0.0122205
Cell_122	1.02973e-35	4.87945e-25	0.00106342	2.85327e-05	0.00369523	0.977671	0.00206907	0.0150997	3.21212e-34	0.000320263	5.25878e-05
Cell_123	0.408679	0.0185138	1.35595e-27	3.54146e-29	1.35181e-26	5.59713e-26	0.000189436	8.41482e-28	0.572385	0.000233319	1.87268e-28
Cell_124	1.26648e-60	5.50727e-61	3.11227e-11	0.00734723	1.80123e-10	7.13889e-09	6.05546e-11	0.970099	9.85679e-60	3.6147e-40	0.0225539
Cell_125	1.14539e-54	2.91823e-49	0.0302834	0.000789708	0.825005	0.0726235	0.0587969	0.00109013	9.31985e-56	9.73986e-10	0.011411
Cell_126	1.05896e-46	1.53276e-40	0.0126427	0.000329747	0.947547	0.00175244	0.0245939	2.63102e-05	4.98042e-49	2.42584e-19	0.0131084
Cell_127	1.09323e-61	1.16758e-56	0.0353215	0.000920468	0.689045	0.193707	0.0685765	0.00290573	2.03423e-62	1.18706e-11	0.0095241
Cell_128	3.11732e-25	2.63242e-26	0.000525222	1.49692e-05	0.983528	9.65449e-09	0.00102172	1.58389e-10	1.94425e-31	4.16624e-05	0.0148679
Cell_129	1.57e-34	9.01338e-22	0.0323973	0.000911179	0.766626	0.122152	0.0644993	0.00197758	2.00851e-35	3.27311e-10	0.0114363
Cell_130	3.56425e-35	5.15655e-36	2.23572e-09	7.28416e-11	1.62979e-08	2.48835e-07	1	4.66672e-09	1.346e-34	7.1293e-38	2.81643e-10
Cell_131	1.61891e-31	3.40292e-27	2.7342e-05	7.13433e-07	0.000436991	0.000297983	0.999226	4.47562e-06	5.98643e-32	2.6327e-15	6.04786e-06
Cell_132	2.66107e-14	0.601094	5.32637e-07	1.39219e-08	4.24359e-06	3.79709e-05	0.388699	5.71294e-07	6.43664e-14	0.0101635	5.88314e-08
Cell_133	1.80188e-65	1.32413e-56	1.76327e-08	0.0209684	1.55091e-06	1.17684e-09	3.42438e-08	0.000805571	4.08046e-68	6.55776e-27	0.978224
Cell_134	2.7348e-62	2.97678e-50	0.00492557	0.000128889	0.0299056	0.94065	0.00980624	0.0141686	1.77207e-61	1.08099e-38	0.000415067
Cell_135	1.04973e-22	3.59904e-15	0.0187176	0.000494516	0.341049	0.151269	0.468383	0.00230049	2.87846e-23	0.0130069	0.00477918
Cell_136	1.42094e-61	1.29291e-59	0.0158332	0.000412857	0.151071	0.788023	0.030742	0.0118279	2.39954e-61	7.09931e-23	0.00208939
Cell_137	9.35216e-05	0.865102	9.214e-18	3.00199e-19	1.36724e-16	1.36745e-16	0.124088	2.56455e-18	4.70931e-05	0.0106702	2.36272e-18
Cell_138	1.84397e-78	4.69069e-69	0.0102202	0.000266336	0.955944	0.000506646	0.0198421	7.60005e-06	3.10159e-81	4.89857e-17	0.0132133
Cell_139	0.220686	0.00989814	2.61933e-50	6.83958e-52	1.91201e-49	2.69106e-48	3.94981e-06	4.04484e-50	0.769291	0.000120543	2.64811e-51
Cell_140	5.24855e-20	1.19989e-15	0.00489905	0.000129002	0.0297276	0.940332	0.0102444	0.0142529	3.41816e-19	1.41591e-07	0.000415194
Cell_141	1.04205e-69	7.69245e-56	0.0146203	0.000381302	0.939438	0.0040934	0.0284103	6.1452e-05	9.89917e-72	3.53418e-31	0.0129953
Cell_142	7.2801e-36	3.9276e-24	0.0151849	0.00039598	0.13606	0.804667	0.0295661	0.0120786	1.30896e-35	0.000164968	0.00188191
Cell_143	0.0342466	0.00425131	3.26334e-20	8.51799e-22	1.21649e-19	2.70006e-17	3.15008e-05	4.05684e-19	0.961418	5.26915e-05	1.68419e-21
Cell_144	7.13645e-39	2.65291e-34	0.00443898	0.000797845	0.900258	2.93787e-05	0.00864876	3.03953e-06	1.60256e-42	1.61516e-15	0.085824
Cell_145	4.39034e-68	1.92515e-42	8.94842e-10	0.0604923	1.36361e-08	1.1579e-08	1.73857e-09	0.450573	1.92756e-68	7.54888e-17	0.488934
Cell_146	5.50653e-75	2.31933e-68	0.032507	0.000848869	0.480117	0.41059	0.0631155	0.00617179	2.35989e-75	6.23266e-31	0.00664994
Cell_147	4.76268e-25	7.25767e-18	2.64219e-06	6.90004e-08	2.27734e-05	0.000176485	0.999793	2.65299e-06	1.07939e-24	2.538e-06	3.15445e-07
Cell_148	3.15492e-56	1.60084e-55	0.00153534	4.00196e-05	0.981867	3.09023e-07	0.00298223	4.63659e-09	2.15456e-61	7.94821e-21	0.0135746
Cell_149	5.67488e-38	8.8181e-32	0.00569074	0.000148479	0.969617	4.95436e-05	0.0110746	7.44088e-07	1.67633e-41	2.35848e-11	0.0134185
Cell_150	9.78288e-27	4.07758e-21	0.0080658	0.000239871	0.331668	0.00725035	0.64742	0.000124116	2.98374e-28	9.26166e-13	0.00523168
Cell_151	3.63e-26	3.20404e-23	0.00183875	4.79413e-05	0.00767757	0.971898	0.00384501	0.0145864	6.51009e-25	3.78087e-15	0.000106174
Cell_152	8.77865e-18	6.82037e-13	0.0136996	0.000358584	0.185346	0.275389	0.514421	0.00414926	5.98757e-18	0.00406409	0.0025732
Cell_153	2.89521e-46	8.8829e-44	0.0188694	0.000492075	0.195284	0.734969	0.0366517	0.0110327	3.82626e-46	3.63109e-16	0.00270114
Cell_154	1.76088e-45	4.31795e-38	0.00011308	3.19339e-06	0.984906	3.69203e-11	0.00022513	6.00165e-13	1.95071e-53	1.56802e-26	0.0147526
Cell_155	3.9289e-55	3.79107e-26	7.16488e-25	2.33437e-26	4.09876e-24	1.62763e-22	1	3.0525e-24	3.02831e-54	4.62445e-28	7.08306e-26
Cell_156	3.49932e-30	1.34229e-26	3.34636e-06	0.00229705	1.30271e-05	0.00250662	6.53811e-06	0.99043	8.89369e-29	4.35947e-10	0.00474298
Cell_157	4.04519e-82	1.52198e-66	6.3488e-08	0.054767	1.97738e-06	8.15442e-08	1.31903e-07	0.0404911	1.76289e-83	4.98021e-48	0.90474
Cell_158	3.36526e-50	1.20179e-44	0.000212026	0.0644614	0.00496876	0.000731248	0.000411685	0.127972	3.938e-51	1.50505e-09	0.801243
Cell_159	5.25489e-25	7.30696e-15	0.0330474	0.000879207	0.671176	0.214906	0.0672028	0.00329111	1.15947e-25	2.60852e-05	0.00947103
Cell_160	0.756595	0.0346664	2.45443e-30	6.83567e-32	4.60438e-29	1.98782e-29	0.00040633	3.18675e-31	0.207909	0.000422607	6.80156e-31
Cell_161	7.57883e-76	1.95852e-57	2.1949e-18	0.00152143	7.02317e-18	2.49596e-15	4.26489e-18	0.995896	2.92421e-74	1.8595e-32	0.00258212
Cell_162	3.61554e-40	2.11149e-37	5.21654e-16	0.0594087	8.44624e-15	6.56537e-15	1.10907e-15	0.430394	1.54395e-40	4.71892e-24	0.510197
Cell_163	0.952713	0.0432738	1.56017e-16	4.0937e-18	1.96824e-14	6.85117e-18	0.00205047	1.03478e-19	0.00141951	0.000543299	2.73922e-16
Cell_164	2.13513e-58	6.50871e-54	0.0212601	0.000555204	0.910938	0.0131069	0.0413254	0.000197028	4.46625e-60	1.45326e-30	0.0126178
Cell_165	2.72452e-23	2.96559e-11	1.37844e-25	4.72863e-27	2.00128e-24	2.07569e-24	1	4.09874e-26	1.39203e-23	3.6166e-13	3.64136e-26
Cell_166	9.33508e-37	4.3166e-16	0.00494674	0.00012968	0.0288071	0.941053	0.00980711	0.0142006	6.02554e-36	0.000655601	0.000400552
Cell_167	1.05251e-32	7.55235e-24	0.00493123	0.000128616	0.970616	2.74514e-05	0.0108691	4.12141e-07	1.98801e-36	2.11891e-17	0.0134275
Cell_168	8.2827e-19	3.74264e-11	0.00586471	0.000302873	0.954526	0.000125214	0.0129267	3.72226e-06	6.00015e-22	0.000105004	0.0261462
Cell_169	4.83789e-83	1.00564e-77	0.00861254	0.000224501	0.0604034	0.899694	0.016731	0.0134996	1.71476e-82	3.0596e-51	0.000835131
Cell_170	1.96904e-36	9.57768e-30	0.000216842	0.0513237	0.00707833	0.000381345	0.000429897	0.0519557	1.17493e-37	1.45465e-17	0.888614
Cell_171	4.88303e-43	5.60261e-39	6.37053e-10	0.0211537	5.55133e-08	5.90221e-11	1.23761e-09	0.00112814	1.53501e-45	8.69712e-13	0.977718
Cell_172	6.26117e-58	2.8101e-59	4.69426e-27	0.0190785	3.73041e-26	3.8492e-25	9.13542e-27	0.900506	1.74197e-57	7.51585e-39	0.0804155
Cell_173	3.31536e-53	2.72572e-51	0.00728383	0.000190291	0.96476	0.000182557	0.0142116	2.74534e-06	2.81937e-56	7.74423e-34	0.0133686
Cell_174	3.14946e-34	1.36953e-34	0.00823677	0.000217103	0.961701	0.000272963	0.0161236	4.14146e-06	3.54133e-37	4.53711e-19	0.0134449
Cell_175	1.28449e-91	2.32887e-85	0.000797133	2.07778e-05	0.00251579	0.980374	0.00154768	0.0147095	5.36015e-90	5.45545e-46	3.47815e-05
Cell_176	1.9917e-50	9.3215e-46	0.0305786	0.000797128	0.435213	0.459487	0.0593689	0.00689482	1.01546e-50	0.00164285	0.00601754
Cell_177	9.83836e-42	1.99363e-35	0.028115	0.000741682	0.849092	0.0515312	0.0578568	0.000782507	6.11839e-43	1.34279e-26	0.0118807
Cell_178	9.23983e-56	1.65397e-52	0.0339701	0.000887748	0.682751	0.203831	0.06603	0.00306622	1.88114e-56	3.62169e-22	0.00946371
Cell_179	2.70188e-52	2.11645e-44	0.00235013	6.13888e-05	0.0110817	0.967179	0.00463123	0.0145426	3.7728e-51	4.88666e-31	0.000153535
Cell_180	1.58973e-73	5.46303e-58	0.02988	0.000779184	0.396272	0.50204	0.0580117	0.00753593	9.06282e-74	4.61204e-12	0.005481
Cell_181	5.41151e-68	5.73181e-62	3.72125e-24	0.047696	1.3603e-22	3.73147e-24	7.24555e-24	0.0275304	1.84116e-69	2.40749e-42	0.924774
Cell_182	2.48327e-61	8.62047e-47	0.0227197	0.000592439	0.897509	0.0223012	0.0441293	0.000334739	8.27049e-63	6.59896e-19	0.0124133
Cell_183	3.40609e-58	8.91169e-49	0.0096953	0.000252787	0.0739506	0.883001	0.0188258	0.0132524	1.05254e-57	2.94444e-15	0.00102268
Cell_184	3.19429e-56	2.69268e-34	0.025334	0.000768011	0.877042	0.0324671	0.0497195	0.000566562	1.38899e-57	5.81637e-09	0.0141024
Cell_185	7.14486e-30	2.57429e-17	0.00557011	0.00014601	0.967087	8.2522e-05	0.0136674	1.24517e-06	3.59156e-33	1.137e-12	0.013446
Cell_186	1.04475e-48	1.86461e-31	0.0012558	3.2728e-05	0.00461818	0.976933	0.00244082	0.0146556	2.75766e-47	9.03661e-08	6.38376e-05
Cell_187	1.33355e-42	1.4806e-27	0.0321888	0.000887514	0.684881	0.206137	0.0625889	0.00327164	2.89763e-43	2.9774e-05	0.010016
Cell_188	0.221659	0.0105166	8.62574e-32	2.25802e-33	6.42326e-31	8.78027e-30	0.00213468	1.32306e-31	0.765562	0.000128154	8.91854e-33
Cell_189	1.33155e-52	1.41545e-44	0.029484	0.000772116	0.393861	0.505511	0.0572813	0.0076202	7.74617e-53	1.11e-18	0.00547074
Cell_190	2.2086e-38	1.76451e-31	1.71366e-06	2.19563e-05	3.00637e-05	1.16644e-05	0.999644	8.60275e-05	5.1008e-39	6.0619e-15	0.000204308
Cell_191	2.99914e-17	4.24311e-12	7.99871e-29	2.08499e-30	3.22963e-28	5.0612e-26	1	7.59409e-28	6.43891e-16	5.17082e-14	4.46522e-30
Cell_192	1.07222e-70	7.62082e-60	0.00963855	0.000251179	0.0720916	0.885031	0.018715	0.0132761	3.34053e-70	1.29903e-17	0.000996468
Cell_193	1.46206e-49	2.40966e-43	0.0357716	0.000933792	0.575881	0.305266	0.0695867	0.00458701	4.23338e-50	3.81369e-22	0.00797356
Cell_194	1.91615e-06	0.892401	7.92389e-32	2.08161e-33	3.64816e-31	2.80773e-29	0.096702	4.24578e-31	2.30372e-05	0.0108726	5.08326e-33
Cell_195	3.48384e-29	3.9756e-27	0.00952663	0.000248686	0.0749505	0.882416	0.0185613	0.0132594	1.0949e-28	2.42045e-08	0.00103775
Cell_196	3.02521e-42	3.60001e-35	0.00300925	7.85957e-05	0.977397	8.75274e-06	0.00596597	1.3159e-07	2.98554e-46	5.46767e-23	0.01354
Cell_197	4.85588e-26	3.33219e-23	0.00120134	3.13629e-05	0.982397	2.05707e-07	0.00276626	3.09129e-09	2.82121e-31	1.24303e-17	0.0136033
Cell_198	1.07274e-41	2.49575e-38	0.0207154	0.000627997	0.911528	0.0119923	0.0402706	0.000209269	2.1071e-43	2.53321e-15	0.0146569
Cell_199	0.168786	0.00757046	1.20718e-42	3.15036e-44	7.98238e-42	1.7359e-40	3.22495e-05	2.60767e-42	0.823519	9.22327e-05	1.10491e-43
Cell_200	6.10314e-11	2.73836e-12	3.53052e-35	9.35581e-37	1.28559e-34	2.69339e-32	1	4.10848e-34	1.57978e-09	3.33539e-14	1.80697e-36
Cell_201	4.5585e-56	2.92871e-37	0.0256225	0.000680238	0.873284	0.0376366	0.0499043	0.000575161	2.27193e-57	4.73271e-18	0.0122971
Cell_202	1.26682e-59	1.55552e-39	0.0170368	0.000444017	0.93103	0.00475781	0.0330794	7.13772e-05	1.20037e-61	0.000710585	0.0128701
Cell_203	2.40377e-23	3.47762e-24	0.00644122	0.000177598	0.964904	0.000165575	0.0141974	2.62788e-06	2.09654e-26	9.7569e-18	0.0141111
Cell_204	7.73606e-36	4.35505e-27	5.10339e-05	1.90639e-06	0.0019059	4.36642e-05	0.997959	9.38897e-07	2.24579e-37	5.52247e-13	3.77624e-05
Cell_205	1.33625e-62	4.96843e-52	1.96557e-08	5.12224e-10	5.16067e-07	4.31225e-08	0.999999	6.46869e-10	9.9469e-64	4.26659e-37	7.13323e-09
Cell_206	7.35442e-16	0.791938	2.26662e-40	5.90812e-42	1.70854e-38	2.17254e-41	0.198417	3.2597e-43	2.39178e-18	0.00964499	2.36212e-40
Cell_207	5.45444e-55	8.85827e-50	0.00311187	8.14529e-05	0.0164344	0.959643	0.00604209	0.0144589	5.70717e-54	2.15424e-13	0.000228164
Cell_208	1.65445e-40	5.82592e-24	0.0122808	0.000320452	0.948743	0.00124077	0.024266	1.86366e-05	5.67155e-43	3.52753e-11	0.0131308
Cell_209	5.47643e-52	2.45955e-53	2.68715e-14	0.0624621	6.43594e-13	1.07655e-13	5.21869e-14	0.144044	7.44425e-53	6.86569e-24	0.793494
Cell_210	5.99889e-26	9.31362e-06	0.00130248	4.07595e-05	0.00515905	0.970637	0.00500623	0.0174845	1.51684e-24	0.000275069	8.56314e-05
Cell_211	7.76005e-60	5.79303e-40	0.0165148	0.000437638	0.152652	0.784002	0.0322887	0.0119591	1.24995e-59	2.61371e-17	0.00214562
Cell_212	5.51236e-62	3.24175e-37	0.000896483	2.34042e-05	0.00297314	0.979601	0.00174364	0.0147211	2.04375e-60	1.21649e-15	4.11693e-05
Cell_213	1.27275e-61	1.15784e-46	3.76931e-08	9.85401e-10	0.986323	1.16713e-24	7.88199e-08	1.75634e-26	1.33715e-79	1.36629e-38	0.0136766
Cell_214	9.8833e-35	3.50812e-32	0.0315714	0.000823317	0.773097	0.12065	0.0613538	0.00181109	1.2815e-35	7.70888e-08	0.0106934
Cell_215	3.41206e-76	1.42217e-70	8.67683e-22	0.0370265	9.42992e-21	3.05142e-20	1.69125e-21	0.749538	4.07138e-76	3.1913e-52	0.213436
Cell_216	2.00246e-29	9.01105e-26	0.00554367	0.000173482	0.967198	7.59243e-05	0.0109539	1.36766e-06	9.30529e-33	5.4561e-13	0.0160538
Cell_217	1.43978e-45	2.18871e-43	0.00173576	4.82904e-05	0.980342	7.56995e-07	0.00340698	1.21228e-08	2.13051e-50	6.50821e-29	0.0144663
Cell_218	2.53322e-38	1.89448e-27	0.00136644	3.57561e-05	0.704593	5.55584e-07	0.284225	8.36851e-09	3.49473e-43	1.88306e-12	0.00977922
Cell_219	4.03108e-10	2.22292e-11	1.18655e-36	5.29984e-38	5.3275e-34	1.11516e-39	1	2.86717e-41	1.28545e-14	2.70746e-13	1.26214e-35
Cell_220	3.20445e-70	4.91416e-68	0.0216095	0.000563321	0.243957	0.678359	0.0419589	0.0101791	3.41311e-70	2.54539e-33	0.00337311
Cell_221	5.48284e-82	8.55191e-72	5.89469e-33	0.00409371	2.68004e-32	2.46658e-30	1.1445e-32	0.986034	7.78437e-81	7.30914e-34	0.00987199
Cell_222	6.42915e-89	6.91604e-80	0.0317668	0.000828512	0.812951	0.0803105	0.0616912	0.0012057	5.51488e-90	1.05606e-49	0.011246
Cell_223	1.17536e-27	1.31627e-27	0.0169488	0.000484988	0.16605	0.767769	0.0329423	0.0126462	1.80652e-27	0.000637912	0.00252021
Cell_224	0.953013	0.0439868	1.24176e-28	3.27301e-30	2.1131e-26	1.74694e-30	0.00200937	2.65049e-32	0.000454906	0.00053637	2.95417e-28
Cell_225	0.955574	0.0428594	8.25946e-50	2.15251e-51	5.07931e-47	2.03439e-53	0.00103712	3.05188e-55	7.98602e-06	0.000521984	7.0211e-49
Cell_226	1.07519e-15	2.86233e-13	5.03062e-15	1.31098e-16	6.57082e-13	8.83621e-17	0.99998	1.3255e-18	6.40788e-19	1.95501e-05	9.08242e-15
Cell_227	5.27711e-35	1.38178e-32	0.00448348	0.00011692	0.973182	3.30528e-05	0.00872338	4.96159e-07	1.32e-38	9.06931e-12	0.0134609
Cell_228	7.86869e-39	2.30349e-38	1.53218e-05	0.0141837	0.00200304	5.02041e-07	2.98483e-05	0.000267521	8.74812e-42	1.02033e-12	0.9835
Cell_229	6.41582e-90	4.58863e-64	0.0338573	0.000882799	0.766651	0.120454	0.0657438	0.00180789	7.74471e-91	2.20423e-31	0.0106026
Cell_230	3.83549e-37	5.43467e-33	0.0290544	0.000760496	0.842216	0.0581242	0.0564274	0.000875752	2.60345e-38	0.000849011	0.0116927
Cell_231	2.99904e-39	3.56888e-32	0.00462968	0.00143	0.846259	3.62209e-05	0.00899492	6.44e-06	7.96113e-43	1.39943e-06	0.138643
Cell_232	1.0069e-17	8.16612e-18	0.00606388	0.000158129	0.0381863	0.929086	0.0119818	0.0139462	5.23449e-17	4.9445e-05	0.000528173
Cell_233	2.27043e-49	3.7976e-37	0.0131567	0.000343226	0.946376	0.00139157	0.0256171	2.08967e-05	8.14795e-52	1.59508e-17	0.0130949
Cell_234	5.63293e-50	2.36114e-41	0.00772315	0.000201262	0.963463	0.000155683	0.0151372	2.33533e-06	3.85269e-53	1.68821e-15	0.0133171
Cell_235	4.86456e-17	2.99763e-18	0.0195803	0.000510972	0.744836	0.0197228	0.204744	0.000296269	1.66255e-18	1.96615e-19	0.0103097
Cell_236	1.57417e-40	1.05881e-26	0.0326689	0.000851455	0.614142	0.271152	0.0634963	0.00406799	4.43316e-41	0.00513139	0.0084899
Cell_237	2.06963e-53	9.81355e-45	0.0309687	0.000808654	0.821542	0.0740557	0.0601336	0.00111311	1.67923e-54	2.01695e-11	0.0113783
Cell_238	1.6651e-17	1.07983e-10	7.7721e-38	2.03826e-39	2.49131e-35	1.1927e-40	1	1.80049e-42	8.66994e-22	1.31516e-12	3.46543e-37
Cell_239	9.74475e-69	1.48688e-54	0.0326893	0.000880669	0.485411	0.404342	0.063471	0.00627041	4.08976e-69	6.79229e-19	0.00693624
Cell_240	1.02015e-40	2.77949e-35	0.0101926	0.000265811	0.955794	0.000600791	0.0199174	9.01879e-06	2.04025e-43	2.62071e-12	0.0132208
Cell_241	1.64534e-23	2.00501e-20	0.00195814	0.00254454	0.587026	4.95102e-06	0.00385876	3.70339e-06	1.41153e-27	4.62936e-07	0.404603
Cell_242	5.83483e-08	0.970939	2.00483e-09	5.23766e-11	4.48273e-08	8.36097e-09	0.0141167	1.25735e-10	8.25639e-09	0.0149438	6.21168e-10
Cell_243	0.851862	0.0382302	5.27055e-54	1.37597e-55	1.21284e-52	1.98882e-53	0.000376264	2.98873e-55	0.109066	0.000465573	1.67943e-54
Cell_244	3.07814e-55	1.59196e-49	0.00142747	3.72444e-05	0.0054119	0.975624	0.00277219	0.0146527	7.13817e-54	1.38909e-19	7.48947e-05
Cell_245	8.82666e-89	1.16231e-73	0.00565129	0.000335059	0.953027	4.27168e-05	0.0109723	1.45784e-06	2.26376e-92	9.88966e-14	0.0299699
Cell_246	6.05323e-18	5.62713e-19	0.00509808	0.000145299	0.96988	6.3962e-05	0.0101497	1.04934e-06	2.57683e-21	2.04343e-07	0.0146616
Cell_247	2.64774e-28	1.19132e-29	0.0080934	0.000713813	0.931441	0.000323193	0.0157262	1.6408e-05	3.58748e-31	0.000113108	0.0435728
Cell_248	0.904882	0.0412506	1.14255e-07	2.98412e-09	4.01825e-06	1.69968e-07	0.00738613	2.55533e-09	0.0456737	0.00080322	5.56653e-08
Cell_249	1.66796e-77	4.19116e-61	0.00164026	4.27694e-05	0.981554	5.91951e-07	0.00318717	8.88477e-09	2.04241e-82	3.97926e-36	0.0135751
Cell_250	8.0894e-36	3.76273e-28	0.0182216	0.000475037	0.922203	0.00871971	0.0374976	0.000130852	1.31345e-37	2.53435e-19	0.0127519
Cell_251	0.93343	0.0430829	3.68085e-29	9.62274e-31	1.61378e-27	2.59938e-29	0.000595619	3.91165e-31	0.0223659	0.000525348	2.23771e-29
Cell_252	4.7945e-05	0.000435696	7.24061e-23	1.98154e-24	7.02578e-22	3.48953e-21	0.999432	5.49711e-23	7.84005e-05	5.55161e-06	1.01983e-23
Cell_253	5.23082e-58	9.22396e-29	0.00518615	0.000135406	0.971056	4.92241e-05	0.0101252	7.39795e-07	1.68456e-61	8.98059e-12	0.0134476
Cell_254	2.35385e-60	3.40241e-34	7.72711e-09	0.00227898	2.75078e-08	5.8515e-06	1.50972e-08	0.993412	6.04801e-59	1.10503e-17	0.00430313
Cell_255	2.52391e-54	1.13266e-55	0.0330777	0.00086221	0.759415	0.129975	0.0642202	0.00195019	3.36497e-55	8.77917e-11	0.0104994
Cell_256	3.25778e-93	2.58454e-86	2.52585e-24	0.00118943	3.99895e-21	4.87653e-29	4.90428e-24	1.32185e-08	2.13407e-99	1.80342e-50	0.998811
Cell_257	3.37375e-23	1.46707e-23	0.0310768	0.000811477	0.824055	0.070938	0.0606347	0.00106625	2.61299e-24	4.16818e-06	0.0114131
Cell_258	1.66083e-18	2.94342e-16	0.0178071	0.000472753	0.179828	0.751975	0.0358877	0.0114917	2.37968e-18	5.20693e-06	0.00253224
Cell_259	7.08818e-44	8.3532e-34	0.0214831	0.000561521	0.244833	0.677783	0.0417254	0.0101976	7.58772e-44	2.18744e-05	0.00339427
Cell_260	3.59544e-25	2.76744e-23	0.031525	0.000821944	0.789585	0.103993	0.0615935	0.00156074	4.02425e-26	8.98805e-07	0.0109192
Cell_261	4.65506e-52	4.4852e-46	0.00101541	2.68649e-05	0.00342824	0.978603	0.00197528	0.0149036	1.52221e-50	7.09857e-25	4.81085e-05
Cell_262	8.95135e-45	3.23246e-27	0.00475252	0.000125143	0.972234	3.86727e-05	0.00924218	5.86175e-07	2.47145e-48	2.82991e-05	0.0135788
Cell_263	7.86457e-57	1.48905e-49	0.000524142	1.37606e-05	0.98473	4.83606e-09	0.00101962	7.30837e-11	2.46208e-63	2.35667e-28	0.0137124
Cell_264	1.29786e-56	3.31924e-48	0.000312117	8.1363e-06	0.985448	7.04183e-10	0.000606268	1.05666e-11	9.93524e-64	7.18335e-21	0.0136254
Cell_265	2.06698e-73	2.04582e-35	0.00434065	0.00011548	0.0253369	0.946913	0.00843477	0.0145012	1.52994e-72	9.39922e-11	0.000357531
Cell_266	1.71073e-17	5.19978e-06	1.6439e-14	4.28748e-16	1.72235e-13	6.39068e-13	0.785367	9.59428e-15	2.25651e-17	0.214628	2.38262e-15
Cell_267	4.74364e-31	1.81571e-26	0.0339655	0.000890346	0.573419	0.309014	0.0660223	0.00466271	1.46432e-31	0.00405411	0.00797258
Cell_268	2.04362e-55	5.75711e-48	3.84355e-07	0.0588402	1.06438e-05	8.72469e-07	7.4648e-07	0.0768832	1.57399e-56	4.99667e-19	0.864264
Cell_269	5.51326e-15	1.21586e-11	0.032868	0.000867285	0.711863	0.171348	0.0702565	0.0026026	9.7521e-16	0.000231571	0.00996304
Cell_270	2.15204e-41	9.3581e-42	0.00139973	3.64806e-05	0.982265	2.45582e-07	0.00272035	3.68428e-09	1.28111e-46	9.71769e-18	0.0135785
Cell_271	4.76639e-26	3.74908e-18	2.79533e-21	1.4436e-22	8.67963e-19	5.82635e-24	1	1.73201e-25	3.37082e-30	4.58373e-20	2.37751e-20
Cell_272	2.89413e-48	1.60183e-26	0.0105697	0.000277652	0.954479	0.000670021	0.0205549	1.01313e-05	6.22481e-51	0.000140235	0.0132987
Cell_273	2.55244e-100	8.16234e-71	0.0158402	0.000413954	0.935549	0.00440168	0.0307613	6.62141e-05	2.40656e-102	2.16673e-40	0.0129678
Cell_274	1.79503e-48	8.74714e-50	0.0130451	0.000340483	0.945433	0.00265987	0.0253929	3.99623e-05	1.24185e-50	9.36022e-30	0.0130884
Cell_275	2.86743e-26	1.39406e-11	2.85168e-06	0.0408693	3.14266e-05	8.72897e-05	7.68697e-06	0.72011	2.9781e-26	6.38135e-08	0.238892
Cell_276	1.81416e-14	8.28909e-16	2.12201e-11	5.53913e-13	1.16986e-10	5.78954e-09	1	8.69917e-11	1.6794e-13	4.55042e-07	1.6197e-12
Cell_277	9.59382e-55	3.67387e-30	2.26576e-13	0.00211918	8.62541e-13	1.84552e-10	9.4144e-12	0.993602	2.65142e-53	2.39382e-29	0.004279
Cell_278	3.02041e-42	4.71469e-35	4.21785e-05	1.31638e-05	0.857855	4.81252e-13	8.23473e-05	8.64571e-14	1.16931e-51	4.59029e-18	0.142007
Cell_279	1.55123e-101	7.87651e-95	0.027388	0.000714677	0.354215	0.551323	0.0531753	0.00828123	1.05951e-101	3.14406e-43	0.00490257
Cell_280	1.11448e-45	1.87109e-22	0.00128204	3.34153e-05	0.982518	1.45691e-07	0.00258377	2.18583e-09	4.2972e-51	3.30997e-12	0.0135828
Cell_281	4.85486e-28	1.00672e-17	1.20628e-12	3.15467e-14	6.61733e-12	3.16686e-10	1	4.76732e-12	4.32455e-27	3.80488e-10	9.17898e-14
Cell_282	7.1462e-22	4.34573e-18	4.42327e-07	1.15303e-08	9.73824e-06	1.86417e-06	0.999988	2.79719e-08	1.02188e-22	1.39006e-15	1.34643e-07
Cell_283	1.54307e-40	1.97188e-41	0.00834212	0.000217605	0.96169	0.000241266	0.0161997	3.62265e-06	1.51422e-43	2.64722e-10	0.0133056
Cell_284	4.0065e-81	1.79776e-82	2.32359e-34	0.00140266	7.21948e-34	2.86716e-31	4.51308e-34	0.996286	1.67742e-79	2.55571e-54	0.00231156
Cell_285	1.95788e-16	3.46986e-14	0.000302449	7.89047e-06	0.985358	1.16413e-09	0.000696434	1.74821e-11	2.55694e-23	1.29439e-08	0.0136349
Cell_286	6.21782e-91	3.23631e-84	0.0353426	0.000921673	0.610301	0.272288	0.0686169	0.00408739	1.62537e-91	6.90881e-28	0.00844168
Cell_287	5.79433e-51	5.1073e-43	0.00478444	0.000124719	0.972152	2.66085e-05	0.0094702	3.99265e-07	1.09339e-54	2.83543e-24	0.0134413
Cell_288	1.12014e-66	7.72828e-65	0.0323272	0.00084245	0.481159	0.409786	0.063087	0.00614713	4.81775e-67	6.21197e-41	0.00665077
Cell_289	5.0524e-34	9.11657e-25	0.00566466	0.000151495	0.0353046	0.932949	0.0110676	0.0143622	2.82335e-33	2.96086e-08	0.000500797
Cell_290	4.67215e-44	1.30645e-37	0.01767	0.000460599	0.797812	0.0100196	0.162857	0.00015034	8.98901e-46	3.34076e-18	0.0110305
Cell_291	2.17337e-66	1.62576e-53	0.0253384	0.000689063	0.311292	0.599598	0.0492067	0.00938598	1.74501e-66	4.31566e-23	0.00449008
Cell_292	2.08132e-28	9.80249e-18	0.00549244	0.00014859	0.0326729	0.935169	0.0114852	0.0145631	1.20239e-27	1.15672e-09	0.000468835
Cell_293	5.10776e-16	2.36706e-07	0.0270115	0.000759703	0.400009	0.40913	0.0621981	0.00662363	2.62498e-16	0.0883004	0.00596722
Cell_294	2.23478e-40	1.83375e-34	0.0227157	0.000593973	0.895253	0.0204275	0.0441114	0.000307465	6.81878e-42	0.00417428	0.0124163
Cell_295	4.06117e-60	8.25286e-54	0.0130999	0.000341406	0.946395	0.00161533	0.025442	2.42329e-05	1.69914e-62	7.16275e-25	0.0130823
Cell_296	2.04742e-18	9.75743e-13	3.54584e-13	9.29479e-15	4.74577e-11	1.20591e-14	1	1.8196e-16	2.36258e-21	1.23349e-14	6.59833e-13
Cell_297	8.98753e-92	8.20557e-67	7.19718e-14	0.0529541	2.31603e-12	1.02025e-13	1.39736e-13	0.0432101	4.32284e-93	4.24567e-26	0.903836
Cell_298	0.0555641	0.00249255	6.124e-30	1.59654e-31	2.55377e-29	3.05931e-27	9.90961e-05	4.59099e-29	0.941814	3.03939e-05	3.53128e-31
Cell_299	1.87629e-28	4.28945e-24	0.014574	0.000381473	0.129011	0.813162	0.0283691	0.0122518	3.55206e-28	0.000459009	0.0017911
Cell_300	2.72622e-29	9.86209e-25	0.00879842	0.000233157	0.959387	0.000325623	0.0171188	4.96704e-06	3.42337e-32	0.000647299	0.0134848
Cell_301	1.08943e-23	1.24088e-21	0.00404994	0.00150791	0.337871	0.000396554	0.589366	8.499e-05	3.61938e-26	2.50326e-19	0.0667242
Cell_302	7.51972e-64	5.89039e-56	0.000783316	2.05778e-05	0.98396	3.17782e-08	0.00152619	4.80541e-10	1.03509e-69	3.58622e-37	0.0137103
Cell_303	8.24106e-28	3.67144e-19	0.00482061	0.000153955	0.969008	3.11265e-05	0.00946198	5.72218e-07	1.80549e-31	0.000109172	0.0164144
Cell_304	3.16269e-49	6.66945e-43	0.00791356	0.000206309	0.0539727	0.908163	0.0153694	0.0136285	1.23149e-48	5.7885e-14	0.000746323
Cell_305	2.74535e-37	7.30025e-28	0.000120545	3.26119e-06	0.985492	3.8002e-11	0.000242942	5.91795e-13	2.93654e-45	1.29142e-17	0.0141412
