cell	Node 0	Node 1	Node 2	Node 3	Node 4	Node 5
Cell_0	2.22834e-41	0.0140068	2.82836e-22	0.982233	1.41257e-16	0.00376004
Cell_1	5.13173e-77	0.0139333	5.66881e-62	0.982735	1.31223e-50	0.00333186
Cell_2	2.01478e-50	0.0139554	8.66063e-52	0.982713	2.38395e-51	0.00333175
Cell_3	5.71266e-69	0.0139361	2.64258e-68	0.982732	1.67008e-45	0.00333231
Cell_4	3.96863e-46	0.386429	9.32424e-48	0.611402	1.62088e-20	0.00216854
Cell_5	1.02748e-29	0.0139444	3.55849e-12	0.98029	4.84842e-11	0.00576575
Cell_6	2.425e-36	0.013938	1.45991e-25	0.982531	2.55845e-19	0.00353127
Cell_7	9.34855e-13	5.68633e-23	2.45611e-09	3.94445e-21	0.953045	0.0469553
Cell_8	3.12572e-42	0.0211355	4.52068e-33	0.975526	8.23374e-27	0.00333848
Cell_9	2.65481e-40	0.0141866	9.27352e-38	0.982283	2.55781e-19	0.00353038
Cell_10	0.973157	7.14698e-35	0.0222179	4.89646e-33	0.00441146	0.000213398
Cell_11	3.16594e-36	0.0139196	8.20046e-34	0.968485	3.26733e-06	0.0175926
Cell_12	6.76033e-54	0.0139636	1.89767e-55	0.982676	3.77004e-27	0.00336059
Cell_13	4.86216e-40	0.0139317	9.7894e-35	0.982562	8.0411e-20	0.0035062
Cell_14	3.43986e-15	0.0120723	1.48618e-09	0.851243	0.0598052	0.0768798
Cell_15	2.43948e-13	8.29389e-21	1.0698e-14	5.8393e-19	0.952381	0.0476195
Cell_16	7.7832e-40	0.998383	5.0592e-39	0.00161168	7.7627e-39	5.47112e-06
Cell_17	3.34316e-57	0.0139321	4.53691e-53	0.982736	1.40737e-46	0.00333219
Cell_18	7.51127e-50	1.87643e-38	2.44035e-21	1.32049e-36	0.953934	0.0460661
Cell_19	2.28308e-36	0.0139358	5.22903e-38	0.982715	2.1458e-29	0.00334927
Cell_20	3.40035e-46	0.0139398	4.82061e-46	0.982728	2.58108e-46	0.00333219
Cell_21	1.19889e-40	0.999999	1.3087e-31	9.9976e-07	1.30606e-30	3.44277e-09
Cell_22	3.42224e-32	1.25429e-08	8.83904e-28	8.8427e-07	1.12292e-16	0.999999
Cell_23	7.56637e-45	0.0139363	8.80519e-41	0.982717	7.40829e-42	0.00334649
Cell_24	8.49625e-49	0.0139429	1.10599e-46	0.982704	1.83169e-28	0.00335325
Cell_25	1.3647e-44	0.0272059	1.07853e-24	0.968378	2.43092e-13	0.00441582
Cell_26	1.41138e-44	0.0139346	8.47595e-32	0.982598	8.6832e-21	0.00346709
Cell_27	3.20905e-40	2.81799e-07	3.35995e-32	1.98768e-05	1.42346e-14	0.99998
Cell_28	2.23525e-50	0.779552	1.64613e-51	0.219702	5.1354e-41	0.000745249
Cell_29	1.05014e-77	0.0236416	2.62449e-60	0.972965	3.72445e-22	0.00339355
Cell_30	6.2025e-48	0.0139383	1.19645e-36	0.98272	3.21205e-32	0.00334127
Cell_31	1.91254e-38	0.0150782	6.63871e-28	0.981474	2.9703e-21	0.00344777
Cell_32	2.81976e-38	0.0139383	1.64688e-34	0.982682	5.32286e-25	0.00337941
Cell_33	9.03643e-29	0.01405	1.12461e-28	0.982444	8.04014e-20	0.00350578
Cell_34	4.65058e-69	0.0142575	7.97969e-56	0.979979	4.84688e-11	0.00576392
Cell_35	1.79359e-57	0.0143364	2.75373e-40	0.982198	8.67966e-21	0.00346568
Cell_36	0.920626	6.32188e-14	0.0619173	4.45312e-12	0.0163249	0.00113142
Cell_37	1.01722e-45	0.0123122	3.09157e-40	0.867168	1.96424e-25	0.12052
Cell_38	1.9532e-44	1	7.21063e-42	8.95717e-08	2.52041e-37	3.04993e-10
Cell_39	2.21316e-60	1	1.10504e-47	1.13897e-14	1.96827e-47	3.8699e-17
Cell_40	2.54795e-58	0.0139404	4.62885e-59	0.982727	6.73145e-42	0.003333
Cell_41	2.03031e-42	0.0140069	1.80721e-38	0.982655	5.50749e-34	0.00333808
Cell_42	1.77137e-68	0.0139413	2.79728e-61	0.982714	7.4074e-31	0.00334448
Cell_43	5.322e-52	0.0210655	2.89583e-36	0.969339	2.37316e-08	0.00959573
Cell_44	3.49528e-65	0.999929	1.02146e-52	7.05322e-05	1.28236e-51	2.39148e-07
Cell_45	5.80939e-54	0.0139755	5.24091e-52	0.982682	2.05778e-31	0.00334293
Cell_46	2.87274e-22	1.08604e-08	7.08626e-09	7.54567e-07	1.94381e-07	0.999999
Cell_47	0.977228	1.27251e-14	0.0226769	8.74651e-13	8.7289e-05	7.30761e-06
Cell_48	6.10764e-86	0.99999	4.49397e-60	9.49188e-06	1.53643e-42	3.22109e-08
Cell_49	7.90414e-89	0.0238873	3.09852e-72	0.972814	1.85625e-48	0.00329837
Cell_50	3.43552e-55	1	1.476e-48	1.36157e-12	1.228e-40	4.64403e-15
Cell_51	3.45864e-50	0.0146472	2.06641e-49	0.982014	3.20974e-32	0.00333886
Cell_52	6.99495e-31	0.000376014	1.36792e-13	3.00845e-09	4.32442e-14	0.999624
Cell_53	5.95134e-87	0.0139458	1.44908e-59	0.982722	1.0422e-46	0.00333212
Cell_54	1.86848e-77	0.218781	2.31797e-71	0.776764	3.25646e-17	0.00445549
Cell_55	3.87925e-67	0.0139469	6.78827e-58	0.98272	1.05503e-42	0.00333278
Cell_56	0.976853	5.03799e-30	0.0226682	3.55195e-28	0.000456985	2.22445e-05
Cell_57	0.974522	2.9358e-32	0.0235359	2.06958e-30	0.00185224	8.97954e-05
Cell_58	3.4513e-22	0.0139305	1.1225e-16	0.982309	1.41268e-16	0.00376033
Cell_59	1.15199e-41	0.0141035	1.40106e-30	0.982502	7.87611e-24	0.00339428
Cell_60	2.52875e-50	0.0139685	1.55204e-33	0.98266	9.61941e-26	0.00337166
Cell_61	1.08449e-72	1	4.68552e-67	1.58303e-16	6.74553e-42	5.4264e-19
Cell_62	1.03459e-29	0.0140341	2.2901e-30	0.98246	8.04027e-20	0.00350584
Cell_63	1.65518e-09	4.57961e-36	0.664618	3.22731e-34	0.319859	0.0155232
Cell_64	4.79742e-66	0.0142181	7.71978e-52	0.982388	7.87519e-24	0.00339389
Cell_65	1.40331e-27	0.0139471	6.03222e-29	0.982293	1.41266e-16	0.00376027
Cell_66	1.03192e-31	0.0142117	2.69225e-23	0.981947	5.64865e-16	0.00384148
Cell_67	5.77865e-21	0.00758159	1.06411e-16	0.471463	1.41395e-05	0.520941
Cell_68	1.22023e-31	0.0139297	3.79358e-23	0.982124	2.37286e-15	0.00394631
Cell_69	2.16643e-53	0.0140753	2.27047e-48	0.982583	5.91611e-32	0.00334135
Cell_70	1.17975e-75	0.0141413	8.60978e-64	0.982523	1.30734e-35	0.00333575
Cell_71	4.16392e-56	0.0141261	4.27989e-29	0.970944	3.09714e-16	0.0149296
Cell_72	1.02042e-25	0.0139383	2.38351e-27	0.982555	8.04105e-20	0.00350618
Cell_73	4.85799e-34	3.51378e-43	1.12395e-18	2.45984e-41	0.953954	0.0460461
Cell_74	5.34951e-41	0.0147143	7.24109e-32	0.981945	3.88401e-31	0.00334111
Cell_75	2.84572e-32	0.0139621	4.58457e-32	0.982672	1.85021e-26	0.00336556
Cell_76	1.74232e-52	0.0139318	3.85668e-53	0.982736	1.29107e-49	0.00333192
Cell_77	4.10449e-41	0.0139421	1.38564e-38	0.982683	2.24458e-25	0.00337536
Cell_78	7.49039e-46	0.0139324	1.39972e-40	0.982734	1.20511e-39	0.0033338
Cell_79	7.73686e-52	0.014089	1.8414e-49	0.982576	6.60846e-37	0.00333482
Cell_80	2.25168e-25	5.60676e-23	6.27683e-13	3.94445e-21	0.953045	0.0469553
Cell_81	0.976811	7.35862e-24	0.0223016	5.1818e-22	0.000845143	4.22576e-05
Cell_82	5.69119e-65	1	2.05906e-54	5.73844e-11	4.69623e-30	2.04772e-13
Cell_83	3.75221e-64	1	1.13463e-55	6.78377e-29	1.19895e-55	2.31846e-31
Cell_84	5.5542e-90	0.9992	1.55059e-66	0.000796985	6.43537e-62	2.70415e-06
Cell_85	4.25908e-60	0.0139542	5.18806e-45	0.98271	1.07295e-36	0.00333544
Cell_86	1.33065e-33	0.0138986	7.00558e-32	0.979511	3.3912e-10	0.00659026
Cell_87	2.83309e-17	0.0143219	1.56162e-14	0.981204	2.46312e-13	0.00447431
Cell_88	6.37097e-11	2.52809e-26	3.90465e-12	1.63054e-24	0.953552	0.0464483
Cell_89	2.96442e-58	0.0139411	3.10678e-53	0.982698	1.20515e-38	0.00336067
Cell_90	2.53651e-18	3.07115e-28	0.948133	2.16384e-26	0.0493868	0.00247982
Cell_91	1.11135e-58	0.0141235	1.25697e-54	0.982493	1.2835e-24	0.00338331
Cell_92	1.5653e-36	0.0139385	8.95273e-37	0.982726	1.07297e-36	0.00333549
Cell_93	0.973151	3.22681e-23	0.0231137	2.18101e-21	0.0035572	0.000177862
Cell_94	5.30021e-36	0.0139778	1.15569e-18	0.98218	5.64999e-16	0.00384239
Cell_95	7.85417e-67	0.0139554	6.20723e-47	0.982712	7.34512e-43	0.00333271
Cell_96	4.5817e-51	0.0139917	1.11966e-39	0.982673	6.60911e-37	0.00333515
Cell_97	2.24295e-06	6.03509e-23	5.12775e-08	3.94444e-21	0.953043	0.0469551
Cell_98	2.8522e-71	0.0139332	9.43314e-56	0.982732	2.54024e-38	0.00333444
Cell_99	1.47724e-49	0.0139297	2.97336e-29	0.982124	2.37286e-15	0.00394631
Cell_100	1.80353e-85	0.832995	1.11514e-67	0.166441	1.06249e-44	0.00056442
Cell_101	2.03725e-64	0.0143373	7.2739e-60	0.982332	2.77688e-50	0.00333051
Cell_102	6.17471e-11	6.52718e-22	0.377903	4.59632e-20	0.592674	0.029423
Cell_103	0.976496	4.09482e-48	0.0222976	2.88823e-46	0.00115102	5.55528e-05
Cell_104	1.70802e-60	0.0139948	9.65321e-46	0.98252	2.60475e-20	0.00348483
Cell_105	4.27847e-45	0.995461	2.83992e-45	0.00451918	2.2689e-16	1.9564e-05
Cell_106	1.34383e-12	0.0140803	3.48606e-14	0.981974	2.3725e-15	0.00394571
Cell_107	1.80393e-37	0.0555125	3.99307e-38	0.941222	4.9993e-23	0.00326517
Cell_108	3.74543e-36	1.64812e-15	3.67587e-27	1.1623e-13	2.90197e-09	1
Cell_109	9.37631e-42	0.999997	6.58491e-30	3.08851e-06	4.03474e-30	1.06356e-08
Cell_110	1.83351e-17	0.0139786	2.1035e-16	0.980256	4.84825e-11	0.00576555
Cell_111	1.42148e-27	7.70322e-30	0.000992009	5.43181e-28	0.952829	0.0461795
Cell_112	0.000759155	0.0137147	5.59075e-05	0.959	5.50007e-05	0.0264147
Cell_113	1.60483e-40	0.0139612	8.06747e-27	0.98267	4.18732e-26	0.00336846
Cell_114	4.41321e-24	0.218981	5.97371e-15	0.777474	1.9517e-13	0.00354529
Cell_115	2.66714e-35	0.0139566	7.07104e-35	0.982616	3.7614e-22	0.00342721
Cell_116	1.03455e-63	0.0139376	1.5138e-59	0.98273	5.71169e-48	0.00333203
Cell_117	1.17094e-43	0.0139328	2.41185e-44	0.98273	6.26453e-35	0.00333716
Cell_118	2.01843e-31	0.0140132	4.11029e-26	0.982227	1.41257e-16	0.00376002
Cell_119	8.38526e-73	0.0246238	3.5067e-63	0.97208	7.26565e-43	0.00329666
Cell_120	6.77639e-47	0.0138493	8.36829e-33	0.976484	2.39065e-08	0.00966647
Cell_121	8.22056e-47	0.0139756	2.40355e-42	0.982692	2.19497e-42	0.00333276
Cell_122	2.96182e-34	0.0143376	7.14425e-24	0.98228	1.28322e-24	0.00338258
Cell_123	0.976924	1.50307e-27	0.0225281	1.05788e-25	0.000516815	3.1263e-05
Cell_124	9.95487e-60	1	2.20354e-60	7.78666e-09	1.01723e-32	2.68141e-11
Cell_125	1.19394e-54	0.0139411	1.54845e-49	0.982726	2.51931e-43	0.00333266
Cell_126	2.6004e-46	0.013943	1.91595e-40	0.982678	5.32284e-25	0.00337939
Cell_127	9.33891e-62	0.0139319	5.07717e-57	0.982736	8.27029e-49	0.00333198
Cell_128	1.76297e-23	0.0152163	7.57822e-25	0.981409	5.31596e-25	0.00337503
Cell_129	1.47542e-34	0.0150103	4.31176e-22	0.981048	2.37026e-15	0.00394199
Cell_130	3.0772e-35	1.13454e-09	2.26619e-36	6.40112e-08	0.912604	0.0873958
Cell_131	3.95779e-31	3.05007e-05	4.23477e-27	0.00214874	4.47301e-14	0.997821
Cell_132	3.74392e-14	3.59376e-07	0.43049	2.52742e-05	0.480718	0.0887662
Cell_133	4.89647e-65	0.999998	1.83163e-56	1.54579e-06	2.6713e-39	5.25216e-09
Cell_134	1.6908e-61	0.01398	9.36835e-50	0.982074	2.37274e-15	0.00394611
Cell_135	1.31483e-22	0.0109624	2.29472e-15	0.762732	2.32739e-15	0.226306
Cell_136	2.79268e-61	0.0139401	1.2935e-59	0.982726	1.53137e-40	0.00333343
Cell_137	0.000158943	8.79681e-18	0.748424	4.96318e-16	0.23882	0.012598
Cell_138	5.55585e-78	0.013932	7.19419e-69	0.982736	8.05134e-56	0.00333167
Cell_139	0.977658	5.30886e-50	0.022321	3.73731e-48	2.03933e-05	9.84256e-07
Cell_140	3.25812e-19	0.0140491	3.79156e-15	0.980761	7.65908e-12	0.00518975
Cell_141	2.18073e-69	0.0139424	8.19461e-56	0.982704	1.83169e-28	0.00335325
Cell_142	1.46625e-35	0.0139401	4.02668e-24	0.982658	2.00746e-23	0.00340141
Cell_143	0.939604	4.01005e-19	0.0593743	2.82404e-17	0.000969269	5.28125e-05
Cell_144	4.52891e-38	0.0887872	8.57006e-34	0.908055	1.28062e-22	0.00315804
Cell_145	4.26939e-68	1	9.52974e-43	2.71921e-08	5.93752e-37	9.26755e-11
Cell_146	5.30253e-75	0.0139602	1.13689e-68	0.982707	3.129e-41	0.00333313
Cell_147	1.16167e-24	2.95392e-06	9.01111e-18	0.000207926	9.91499e-14	0.999789
Cell_148	6.44015e-55	0.0139348	1.66344e-54	0.982722	1.69426e-38	0.00334309
Cell_149	3.04642e-37	0.0139478	2.40967e-31	0.982663	3.15096e-24	0.00338903
Cell_150	1.96657e-26	0.00802941	4.17248e-21	0.496306	7.72921e-11	0.495664
Cell_151	6.00163e-25	0.0139128	2.69656e-22	0.980897	7.66014e-12	0.00519047
Cell_152	1.37288e-17	0.00968577	5.42953e-13	0.680215	1.88902e-12	0.310099
Cell_153	4.77187e-46	0.0139413	7.45268e-44	0.982716	2.05785e-31	0.00334304
Cell_154	4.64284e-43	0.0150707	5.79536e-36	0.980988	2.37012e-15	0.00394175
Cell_155	3.27146e-55	3.35144e-25	1.60687e-26	1.89089e-23	0.953436	0.0465637
Cell_156	8.40818e-29	0.99732	1.64178e-25	0.00267076	7.08043e-23	9.47271e-06
Cell_157	4.27422e-82	0.999998	8.1861e-67	2.13093e-06	5.96248e-28	1.09107e-08
Cell_158	3.01725e-50	0.99397	5.48494e-45	0.00600981	4.10626e-41	2.03896e-05
Cell_159	4.79206e-25	0.0142026	3.39192e-15	0.981323	2.46342e-13	0.00447485
Cell_160	0.976584	1.54188e-30	0.0227774	1.01769e-28	0.000609045	2.96103e-05
Cell_161	2.91018e-74	1	3.8282e-56	2.65192e-15	2.39176e-43	9.04512e-18
Cell_162	3.66935e-40	1	1.09082e-37	1.6141e-14	6.76684e-31	9.2584e-17
Cell_163	0.974789	7.80692e-17	0.0225384	5.46932e-15	0.0025231	0.000149168
Cell_164	2.98705e-58	0.0139606	4.63514e-54	0.982679	3.77005e-27	0.0033606
Cell_165	2.13231e-23	6.7877e-26	1.18147e-11	3.63723e-24	0.953517	0.0464827
Cell_166	5.80831e-36	0.0140067	1.36717e-15	0.982151	5.64982e-16	0.00384228
Cell_167	6.30437e-32	0.0138981	2.30275e-23	0.979512	3.3912e-10	0.00659026
Cell_168	4.06735e-18	0.0271489	9.35549e-11	0.966349	3.34563e-10	0.00650171
Cell_169	1.66108e-82	0.0139354	1.75762e-77	0.982718	2.76522e-30	0.00334617
Cell_170	2.18166e-36	0.992264	5.40185e-30	0.00770634	4.43308e-18	3.0148e-05
Cell_171	1.30555e-42	1	7.62507e-39	5.53588e-08	3.05311e-37	1.88551e-10
Cell_172	1.89889e-57	1	4.33826e-59	4.52293e-25	1.4503e-48	1.55988e-27
Cell_173	1.32915e-52	0.0139647	5.56256e-51	0.982584	2.97365e-21	0.00345167
Cell_174	1.14142e-33	0.0140862	2.52657e-34	0.982383	2.55807e-19	0.00353074
Cell_175	4.94812e-90	0.013935	4.56669e-84	0.982732	3.58948e-43	0.00333271
Cell_176	2.03002e-50	0.0139363	4.83628e-46	0.982731	4.77085e-46	0.00333223
Cell_177	1.06195e-41	0.0140804	1.0954e-35	0.981142	1.32104e-12	0.0047774
Cell_178	8.31332e-56	0.0139702	7.57507e-53	0.98267	3.84414e-34	0.00336012
Cell_179	3.46786e-51	0.0139593	1.38278e-43	0.982346	3.69485e-17	0.00369428
Cell_180	1.66503e-73	0.013941	2.91261e-58	0.982727	9.95959e-50	0.00333188
Cell_181	6.23173e-68	1	3.35994e-62	1.43418e-22	2.92986e-45	4.96431e-25
Cell_182	3.4106e-61	0.0139403	6.02681e-47	0.982717	1.09886e-31	0.00334241
Cell_183	1.11635e-57	0.0139389	1.4868e-48	0.982726	2.54515e-37	0.00333504
Cell_184	3.79189e-56	0.016166	1.62711e-34	0.980248	3.92486e-29	0.00358595
Cell_185	3.82836e-29	0.0139237	7.02143e-17	0.97641	2.39047e-08	0.00966574
Cell_186	2.60787e-47	0.0139324	2.36925e-30	0.982709	1.73682e-27	0.00335857
Cell_187	1.34718e-42	0.014728	7.61388e-28	0.981906	4.18406e-26	0.00336584
Cell_188	0.964832	1.80089e-31	0.0233018	1.2646e-29	0.0113179	0.000548687
Cell_189	1.43506e-52	0.0139991	7.76527e-45	0.982653	1.07283e-29	0.00334793
Cell_190	5.47354e-38	0.000939282	2.226e-31	0.000134759	1.00839e-18	0.998926
Cell_191	2.58346e-17	2.99145e-29	1.86054e-12	2.10958e-27	0.953749	0.0462514
Cell_192	3.44836e-70	0.0139319	1.24761e-59	0.982734	4.93319e-46	0.00333424
Cell_193	1.24133e-49	0.0139547	1.04143e-43	0.982666	5.32277e-25	0.00337935
Cell_194	3.33981e-06	6.42987e-32	0.791775	4.49922e-30	0.198607	0.00961481
Cell_195	1.11868e-28	0.0139542	6.49827e-27	0.982628	1.38579e-22	0.00341739
Cell_196	2.84564e-41	0.0139555	1.72377e-34	0.982202	5.65012e-16	0.00384248
Cell_197	1.16575e-24	0.013894	4.07208e-22	0.978299	2.66122e-09	0.00780671
Cell_198	1.56968e-41	0.0161698	1.85895e-38	0.980475	8.27551e-27	0.00335542
Cell_199	0.977451	3.25291e-42	0.0223167	2.29129e-40	0.000221412	1.07172e-05
Cell_200	5.18793e-11	1.34189e-35	1.18489e-12	9.30829e-34	0.953909	0.0460913
Cell_201	5.48461e-56	0.0141884	1.7937e-37	0.982404	5.21803e-23	0.00340803
Cell_202	2.24356e-59	0.0139332	1.40232e-39	0.982733	1.84076e-39	0.00333388
Cell_203	1.14291e-22	0.0146804	8.4169e-24	0.978735	3.38851e-10	0.00658503
Cell_204	1.91252e-35	8.14525e-05	5.48061e-27	0.00400818	2.72392e-16	0.99591
Cell_205	3.19654e-62	2.19284e-08	6.05006e-52	1.54679e-06	4.03845e-17	0.999998
Cell_206	1.14183e-15	1.59764e-40	0.625886	1.12669e-38	0.356883	0.0172305
Cell_207	5.42594e-54	0.0139926	4.48563e-49	0.982674	3.4575e-40	0.00333338
Cell_208	4.13071e-40	0.0139438	7.40429e-24	0.982296	1.41266e-16	0.00376028
Cell_209	5.02374e-52	1	1.14851e-53	7.9081e-13	2.42463e-45	2.68727e-15
Cell_210	1.29413e-24	0.016295	0.000102276	0.957183	5.48964e-05	0.0263647
Cell_211	1.42788e-59	0.0141614	5.42602e-40	0.982338	1.87595e-26	0.00350098
Cell_212	1.91955e-60	0.013956	5.74635e-36	0.982669	2.24455e-25	0.00337531
Cell_213	1.01747e-55	0.0139496	4.7117e-41	0.98086	7.65985e-12	0.00519028
Cell_214	9.33115e-35	0.0139412	1.686e-32	0.982704	3.82989e-28	0.00335485
Cell_215	5.16894e-76	1	1.0967e-70	4.30769e-20	1.64896e-41	1.50246e-22
Cell_216	1.0785e-28	0.0166762	2.47049e-25	0.979574	1.40875e-16	0.00374986
Cell_217	2.57571e-44	0.0148555	1.99314e-42	0.981551	2.8553e-18	0.00359391
Cell_218	1.53295e-37	0.00391491	5.83571e-27	0.275017	2.53624e-17	0.721068
Cell_219	3.24488e-10	7.60123e-37	9.10858e-12	3.12827e-35	0.953924	0.0460764
Cell_220	4.54677e-70	0.0139363	3.54934e-68	0.982729	1.62346e-38	0.00333433
Cell_221	7.5132e-81	1	5.9653e-71	2.64692e-30	2.64988e-71	8.97737e-33
Cell_222	6.21628e-89	0.0139431	3.40395e-80	0.982719	5.50784e-34	0.0033383
Cell_223	2.09868e-27	0.0152766	1.19639e-27	0.981369	1.73445e-27	0.00335399
Cell_224	0.974517	6.04904e-29	0.0228961	4.21865e-27	0.00246709	0.000120174
Cell_225	0.976383	3.94351e-50	0.0222921	2.78155e-48	0.00126382	6.10193e-05
Cell_226	2.66211e-15	5.61245e-15	3.60751e-13	3.9589e-13	5.07748e-10	1
Cell_227	3.64649e-34	0.0139408	4.86035e-32	0.982675	1.28374e-24	0.00338394
Cell_228	3.24548e-38	0.998011	4.83628e-38	0.00198177	3.84099e-32	6.88539e-06
Cell_229	5.84104e-90	0.0139394	2.12653e-64	0.982725	1.75063e-36	0.00333566
Cell_230	4.01444e-37	0.0139925	2.89552e-33	0.982668	5.38365e-33	0.00333964
Cell_231	1.76842e-38	0.14344	1.07123e-31	0.853651	1.86398e-29	0.00290939
Cell_232	5.0009e-17	0.0139351	2.06456e-17	0.982305	1.41268e-16	0.00376031
Cell_233	5.54652e-49	0.0139456	4.72251e-37	0.982653	2.00744e-23	0.00340139
Cell_234	2.19247e-49	0.0139286	4.67812e-41	0.982509	1.1869e-29	0.00356196
Cell_235	6.44618e-17	0.0120845	2.02202e-18	0.851232	0.0598044	0.0768788
Cell_236	1.4239e-40	0.0139333	4.87523e-27	0.982708	1.73682e-27	0.00335856
Cell_237	1.96684e-53	0.0139594	4.74737e-45	0.982706	4.09149e-37	0.00333511
Cell_238	1.34776e-17	2.92329e-38	4.44916e-11	2.04903e-36	0.953933	0.0460674
Cell_239	9.12505e-69	0.014396	7.08744e-55	0.982272	1.8399e-39	0.00333231
Cell_240	3.06387e-40	0.0139397	4.24933e-35	0.982572	8.97405e-27	0.00348874
Cell_241	1.50067e-22	0.413238	9.30882e-20	0.584564	2.19869e-17	0.00219835
Cell_242	1.14608e-07	1.8042e-09	0.970799	1.26947e-07	0.0255942	0.00360627
Cell_243	0.977158	2.72429e-54	0.022323	1.91822e-52	0.00049555	2.39137e-05
Cell_244	6.60791e-54	0.0139484	1.73964e-48	0.982713	9.63867e-34	0.00333862
Cell_245	4.77177e-88	0.0311434	3.19857e-73	0.965582	9.70987e-64	0.00327456
Cell_246	3.61189e-17	0.0152077	1.70917e-18	0.980851	2.36979e-15	0.0039412
Cell_247	9.69756e-28	0.0456344	2.22108e-29	0.951121	8.57816e-29	0.00324407
Cell_248	0.970068	5.72292e-08	0.0225108	4.02786e-06	0.00589311	0.00152369
Cell_249	3.07191e-76	0.0139395	3.92922e-60	0.982709	8.86304e-29	0.0033518
Cell_250	1.34677e-35	0.0139171	3.18882e-28	0.981305	1.32126e-12	0.00477819
Cell_251	0.97628	1.81473e-29	0.0229376	1.27602e-27	0.000746226	3.63493e-05
Cell_252	4.18028e-05	2.92888e-23	0.000193373	1.9673e-21	0.939175	0.0605898
Cell_253	3.05599e-57	0.0139561	2.74315e-28	0.982577	8.68301e-21	0.00346702
Cell_254	5.96115e-59	0.999994	4.38618e-33	6.23263e-06	1.65233e-25	2.2106e-08
Cell_255	2.54133e-54	0.0139353	5.80543e-56	0.982733	1.0848e-48	0.00333198
Cell_256	1.58669e-91	1	6.40772e-85	3.90361e-21	4.78691e-60	1.32425e-23
Cell_257	3.2812e-23	0.0139577	7.26305e-24	0.982591	2.97368e-21	0.00345169
Cell_258	2.7874e-18	0.0141764	2.51464e-16	0.981574	4.9281e-14	0.00424934
Cell_259	1.01024e-43	0.0139729	6.06028e-34	0.982686	3.21194e-32	0.00334115
Cell_260	3.51242e-25	0.0139366	1.3762e-23	0.982578	2.60491e-20	0.00348503
Cell_261	1.40635e-50	0.0141407	6.89763e-45	0.982481	5.32177e-25	0.00337872
Cell_262	5.7823e-44	0.0140748	1.06291e-26	0.982554	9.61837e-26	0.0033713
Cell_263	4.46648e-55	0.0140334	4.30476e-48	0.982588	5.32235e-25	0.00337909
Cell_264	1.27311e-54	0.0139362	1.6574e-46	0.98272	3.88708e-31	0.00334375
Cell_265	1.55346e-72	0.0142187	7.82677e-35	0.982429	1.83117e-28	0.00335231
Cell_266	5.24515e-17	2.33708e-14	8.11541e-06	1.64719e-12	8.4018e-07	0.999991
Cell_267	4.15097e-31	0.0140124	8.08786e-27	0.982627	3.76985e-27	0.00336042
Cell_268	2.04024e-55	0.999988	2.92574e-48	1.20074e-05	1.18411e-37	4.08133e-08
Cell_269	4.95173e-15	0.0140699	5.5588e-12	0.980165	4.8478e-11	0.00576501
Cell_270	4.64447e-40	0.013933	1.02807e-40	0.98271	8.10517e-28	0.00335663
Cell_271	4.02195e-26	2.07572e-21	1.61035e-18	7.38843e-20	0.952703	0.0472966
Cell_272	8.50676e-48	0.0140414	2.3967e-26	0.982587	9.6187e-26	0.00337141
Cell_273	4.89831e-100	0.0139705	7.97362e-71	0.982692	3.16814e-34	0.00333788
Cell_274	4.03685e-48	0.0139525	1.00135e-49	0.982653	7.87731e-24	0.0033948
Cell_275	3.86106e-26	0.99987	9.5553e-12	0.000128246	3.32813e-11	1.66374e-06
Cell_276	4.61165e-14	2.37132e-11	1.0726e-15	1.66991e-09	6.31731e-11	1
Cell_277	2.65321e-53	1	5.17194e-29	1.96536e-10	5.52315e-13	9.94215e-11
Cell_278	2.01241e-39	0.144704	1.59902e-32	0.852289	7.53166e-21	0.0030073
Cell_279	1.7824e-101	0.0139502	4.60694e-95	0.982717	2.10646e-55	0.00333266
Cell_280	2.55411e-44	0.0139214	2.18279e-21	0.981828	4.92937e-14	0.00425044
Cell_281	1.22111e-27	1.35052e-12	1.28895e-17	9.49277e-11	9.17585e-10	1
Cell_282	1.81843e-21	4.93566e-07	5.62904e-18	3.48052e-05	0.000108408	0.999856
Cell_283	5.75257e-40	0.0139452	3.74202e-41	0.982718	6.26445e-35	0.00333712
Cell_284	1.65271e-79	1	3.77496e-81	3.04512e-31	1.83346e-62	1.03552e-33
Cell_285	1.88884e-14	0.0138845	1.70401e-12	0.978309	2.66124e-09	0.00780678
Cell_286	5.45713e-91	0.0139416	1.44586e-84	0.982727	3.93863e-60	0.00333174
Cell_287	3.59887e-50	0.0139295	1.61474e-42	0.982267	1.54335e-22	0.00380324
Cell_288	1.07157e-66	0.0139303	3.76339e-65	0.982613	1.05133e-27	0.00345667
Cell_289	2.68936e-33	0.0142902	2.4702e-24	0.982226	2.60397e-20	0.00348378
Cell_290	7.11766e-44	0.012775	1.01313e-37	0.900886	1.43094e-22	0.086339
Cell_291	2.69197e-66	0.0145296	1.02505e-53	0.982134	3.16634e-34	0.00333599
Cell_292	1.11845e-27	0.0144286	2.68142e-17	0.980384	7.65613e-12	0.00518776
Cell_293	5.81149e-16	0.0149522	1.37093e-07	0.977249	2.65836e-09	0.00779833
Cell_294	3.1194e-40	0.0139784	1.30295e-34	0.982685	3.6943e-35	0.00333676
Cell_295	9.42039e-60	0.0139329	9.74477e-54	0.982727	9.69116e-33	0.00334029
Cell_296	1.69175e-18	1.36628e-13	4.10408e-13	9.58114e-12	0.941958	0.0580423
Cell_297	9.95148e-92	1	4.62493e-67	2.49838e-12	4.13142e-56	8.47205e-15
Cell_298	0.97569	4.69494e-29	0.0222798	3.31042e-27	0.00193595	9.43019e-05
Cell_299	3.79234e-28	0.0139917	4.41325e-24	0.982614	7.877e-24	0.00339467
Cell_300	9.20793e-29	0.0141631	1.69559e-24	0.982454	1.28345e-24	0.00338318
Cell_301	2.74176e-23	0.0668318	1.58969e-21	0.329954	0.000104893	0.603109
Cell_302	2.92716e-62	0.0140416	1.16718e-54	0.982541	1.38567e-22	0.00341709
Cell_303	5.144e-27	0.0170159	1.16655e-18	0.979398	2.84904e-18	0.00358603
Cell_304	1.24723e-48	0.0139373	1.33884e-42	0.982722	9.69112e-33	0.00334028
Cell_305	6.88455e-35	0.0144422	9.31891e-26	0.98131	4.92677e-14	0.00424819
Cell_306	1.12564e-05	4.74779e-33	0.00101549	3.33615e-31	0.95289	0.0460835
Cell_307	5.76298e-08	8.88964e-20	1.27566e-08	6.26913e-18	0.00228602	0.997714
Cell_308	2.02017e-28	0.014019	4.47173e-29	0.982634	5.41936e-30	0.00334684
Cell_309	5.17642e-40	0.0166827	6.01335e-27	0.979958	4.17576e-26	0.00335916
Cell_310	7.08202e-65	0.0140017	6.84461e-58	0.982667	8.01009e-51	0.00333162
Cell_311	0.922294	4.98792e-22	0.0396453	3.10175e-20	0.0300356	0.0080254
Cell_312	2.48481e-33	1	5.49136e-24	4.2225e-08	2.42899e-23	1.65189e-10
Cell_313	5.20598e-42	0.999957	1.19235e-43	4.33175e-05	5.65888e-29	1.49168e-07
Cell_314	5.90565e-50	0.0139342	1.34852e-51	0.982733	3.58948e-43	0.00333272
Cell_315	0.977241	4.38929e-53	0.0223189	3.09235e-51	0.000419409	2.02398e-05
Cell_316	3.52318e-20	1	8.08703e-22	3.2394e-08	1.62637e-21	1.40237e-10
Cell_317	4.87902e-55	0.00264165	1.98544e-43	0.186335	7.17319e-30	0.811023
Cell_318	1.97387e-49	0.01405	3.65906e-35	0.982444	8.04014e-20	0.00350578
Cell_319	2.29825e-37	0.0139677	6.28251e-39	0.982653	5.3227e-25	0.00337931
Cell_320	4.37452e-64	0.0139463	2.00031e-57	0.982712	5.91689e-32	0.00334179
Cell_321	1.35916e-30	0.0147836	2.77523e-28	0.981459	1.41146e-16	0.00375708
Cell_322	3.22333e-39	0.0139784	7.36301e-41	0.98268	5.91669e-32	0.00334168
Cell_323	3.80487e-66	0.0139478	1.09772e-63	0.98272	5.79164e-52	0.00333174
Cell_324	4.85542e-58	0.147091	8.37034e-44	0.850025	9.01223e-39	0.00288398
Cell_325	0.977109	2.74654e-31	0.0223532	1.9365e-29	0.000512814	2.49068e-05
Cell_326	3.89478e-39	0.0139725	1.9716e-31	0.982656	9.61937e-26	0.00337165
Cell_327	2.51184e-61	0.0139453	4.8166e-55	0.982485	4.06331e-25	0.00357014
Cell_328	4.16579e-71	0.0150195	7.50716e-52	0.981651	5.01509e-49	0.00332943
Cell_329	1.01083e-07	2.75513e-17	0.929901	1.93686e-15	0.0664771	0.00362214
Cell_330	0.951672	2.19764e-19	0.02181	1.48539e-17	0.0252041	0.00131353
Cell_331	1.8234e-40	0.0139446	4.16648e-42	0.982638	1.38581e-22	0.00341743
Cell_332	4.87639e-38	0.989231	2.78349e-11	0.0106973	3.70354e-12	7.19724e-05
Cell_333	2.03552e-40	0.0139998	1.44078e-30	0.980235	4.84815e-11	0.00576542
Cell_334	1.85631e-80	0.0139338	2.98479e-65	0.982734	6.27337e-44	0.00333257
Cell_335	1.25577e-20	0.12526	3.52502e-22	0.871664	7.70288e-21	0.00307566
Cell_336	1.37312e-52	0.0139343	3.03946e-53	0.982711	3.82992e-28	0.00335488
Cell_337	1.45569e-13	0.0139822	3.22222e-14	0.976941	2.75373e-14	0.00907714
Cell_338	6.39433e-45	0.0143042	1.46537e-46	0.982354	2.0571e-31	0.00334181
Cell_339	1.85525e-31	0.0139612	6.33407e-33	0.982344	3.69484e-17	0.00369427
Cell_340	2.08669e-33	0.0140257	1.39594e-26	0.982603	9.61885e-26	0.00337147
Cell_341	1.2399e-46	0.0139484	1.64791e-33	0.982454	2.85793e-18	0.00359722
Cell_342	2.53824e-40	0.0139417	5.96355e-42	0.982657	2.00745e-23	0.0034014
Cell_343	1.61017e-44	0.0142176	1.03928e-41	0.982356	3.7604e-22	0.00342631
Cell_344	7.10135e-71	0.999999	1.48743e-64	8.18016e-07	2.99592e-47	2.7788e-09
Cell_345	1.07073e-32	0.942725	2.3701e-33	0.0570602	2.14618e-18	0.000214584
Cell_346	1.15628e-56	0.0139383	2.42605e-54	0.982712	2.1458e-29	0.00334926
Cell_347	1.97628e-58	5.33113e-09	8.65423e-25	3.76047e-07	1.51475e-14	1
Cell_348	5.24767e-66	0.0139344	9.09609e-59	0.982734	5.95193e-50	0.00333189
Cell_349	4.0317e-32	0.000496213	1.94118e-23	0.011278	6.02566e-10	0.988226
Cell_350	3.19332e-20	1.49821e-12	3.03725e-19	1.05675e-10	2.01269e-10	1
Cell_351	1.78054e-19	3.46909e-21	9.38075e-12	2.44638e-19	2.97921e-06	0.999997
Cell_352	4.78582e-78	0.0139382	1.09394e-79	0.982722	9.69111e-33	0.00334027
Cell_353	2.32596e-39	0.013947	7.94115e-41	0.982713	5.3839e-33	0.0033398
Cell_354	1.03166e-37	0.0140628	5.57408e-35	0.982575	8.29324e-27	0.00336261
Cell_355	0.000620813	1.22034e-22	0.705444	8.00217e-21	0.280072	0.013864
Cell_356	2.99581e-42	0.0139335	5.3987e-37	0.982698	4.18743e-26	0.00336855
Cell_357	3.91718e-25	0.015019	8.67081e-26	0.981616	4.18283e-26	0.00336485
Cell_358	7.42499e-50	1	1.17253e-42	1.91567e-25	4.62835e-40	7.69742e-28
Cell_359	1.24003e-37	0.0142882	3.83134e-31	0.982329	1.28329e-24	0.00338275
Cell_360	2.45047e-49	0.0139495	9.40524e-40	0.982534	3.97082e-26	0.00351617
Cell_361	8.61433e-63	0.0140017	5.06801e-48	0.982666	4.45908e-44	0.00333231
Cell_362	0.976598	1.13669e-37	0.0222981	8.01786e-36	0.00105272	5.08787e-05
Cell_363	1.17175e-29	0.0149977	4.54161e-13	0.980229	1.31982e-12	0.00477295
Cell_364	3.14027e-44	0.0139338	7.32423e-46	0.982639	3.76148e-22	0.00342729
Cell_365	2.49111e-21	0.0141002	4.04257e-18	0.978095	2.66066e-09	0.00780508
Cell_366	1.47156e-31	0.01412	2.28629e-23	0.982429	2.97319e-21	0.00345112
Cell_367	1.78947e-80	0.0139461	6.72885e-69	0.98236	3.6949e-17	0.00369433
Cell_368	1.12992e-30	0.0131488	1.84562e-24	0.0466836	6.48718e-21	0.940168
Cell_369	1.36798e-54	0.0139963	5.61546e-29	0.982624	5.32255e-25	0.00337921
Cell_370	9.17364e-56	0.0139644	3.03737e-50	0.982703	8.84679e-44	0.00333249
Cell_371	6.08957e-09	0.0468514	1.40599e-10	0.946779	3.27787e-10	0.00637003
Cell_372	1.20792e-19	1.53938e-07	4.25779e-14	1.07784e-05	2.96703e-11	0.999989
Cell_373	3.92169e-39	0.999982	1.21921e-30	1.83162e-05	5.54315e-26	6.43421e-08
Cell_374	2.26051e-79	0.0139328	4.48384e-71	0.982735	4.50366e-54	0.00333172
Cell_375	5.28646e-78	0.0139363	3.13481e-79	0.982732	3.64714e-52	0.00333177
Cell_376	1.63717e-48	0.0139285	4.86976e-27	0.982431	1.00777e-17	0.00364098
Cell_377	1.17231e-25	3.86811e-22	1.64936e-14	2.72242e-20	0.952833	0.0471669
Cell_378	1.26905e-35	0.0139633	1.47683e-31	0.982342	3.69484e-17	0.00369427
Cell_379	8.81696e-36	0.0139309	2.05948e-33	0.982652	1.38583e-22	0.00341748
Cell_380	1.38236e-56	0.0146192	2.74438e-53	0.981956	3.75887e-22	0.00342491
Cell_381	6.77263e-86	0.0139328	1.63567e-87	0.982735	1.77286e-43	0.00333266
Cell_382	5.57936e-62	1	8.501e-44	1.75628e-15	4.01158e-40	6.03254e-18
Cell_383	5.11878e-62	0.013937	1.17306e-41	0.982725	2.51262e-41	0.00333812
Cell_384	8.93264e-42	0.0139314	3.64614e-34	0.982226	5.65026e-16	0.00384257
Cell_385	6.4096e-19	8.00846e-36	2.08465e-13	5.64603e-34	0.953911	0.0460888
Cell_386	1.22879e-62	0.933871	5.77203e-49	0.0659047	2.90873e-30	0.000224697
Cell_387	0.277862	0.0080421	0.0558614	0.567164	0.0398469	0.0512233
Cell_388	4.59522e-18	0.014016	1.31518e-18	0.982423	8.40542e-19	0.00356094
Cell_389	4.65556e-55	0.0145307	2.27015e-47	0.982134	1.83315e-34	0.00333569
Cell_390	4.07647e-56	1	1.67328e-53	5.66813e-12	1.62794e-50	1.92294e-14
Cell_391	2.62447e-44	1	1.18464e-44	6.1881e-10	1.3512e-38	2.10901e-12
Cell_392	0.969327	1.90941e-21	0.0221441	1.34576e-19	0.00811679	0.000412265
Cell_393	2.30371e-09	0.0127593	5.56374e-11	0.850651	0.0597636	0.0768263
Cell_394	3.75915e-91	1	4.37564e-76	1.33452e-32	5.10847e-54	4.65461e-35
Cell_395	1.36202e-28	0.0138868	4.18211e-19	0.976447	2.39056e-08	0.0096661
Cell_396	0.975623	7.4249e-27	0.0223085	5.21855e-25	0.00197176	9.66452e-05
Cell_397	7.96637e-61	0.0139303	2.181e-56	0.982379	3.62447e-39	0.00369099
Cell_398	1.39727e-42	0.0140254	1.14534e-38	0.98258	7.87673e-24	0.00339455
Cell_399	0.97708	3.39696e-26	0.0223146	2.38632e-24	0.000576575	2.84071e-05
Cell_400	2.45766e-48	0.0139336	1.23015e-49	0.982727	3.01305e-33	0.00333943
Cell_401	4.27522e-09	1.23759e-10	0.0647864	8.64709e-09	0.862968	0.0722455
Cell_402	1.27769e-21	0.0142026	1.72948e-12	0.981323	2.46342e-13	0.00447485
Cell_403	3.54027e-58	0.013973	8.26909e-47	0.982689	3.16813e-34	0.00333788
Cell_404	1.37589e-42	0.0139439	1.97304e-35	0.98271	2.76519e-30	0.00334614
Cell_405	2.70837e-21	0.0142157	3.21137e-19	0.982224	8.40371e-19	0.00356022
Cell_406	1.04947e-36	0.999857	6.98343e-30	0.000142367	2.68054e-30	4.87593e-07
Cell_407	1.11892e-16	6.15828e-29	1.29741e-08	4.21909e-27	0.953734	0.0462662
Cell_408	1.1504e-21	0.0137392	5.64166e-22	0.968662	3.26793e-06	0.0175958
Cell_409	4.2273e-70	0.195293	9.35729e-71	0.693372	0.0487137	0.0626217
Cell_410	2.19709e-40	0.0139683	4.86334e-41	0.982696	7.8454e-36	0.00333612
Cell_411	3.89055e-48	0.0139449	2.0853e-30	0.981579	2.46406e-13	0.00447602
Cell_412	2.48499e-54	0.999981	3.43208e-45	1.84792e-05	1.92635e-45	6.26807e-08
Cell_413	2.76057e-28	0.0146172	1.18665e-29	0.981824	8.40029e-19	0.00355877
Cell_414	1.11828e-25	2.23785e-19	6.71575e-13	1.57786e-17	0.951663	0.0483365
Cell_415	6.54951e-65	1	4.05214e-54	1.06066e-16	5.63367e-39	3.67949e-19
Cell_416	2.07626e-55	1	1.01514e-39	6.99432e-18	1.75579e-30	3.18942e-20
Cell_417	2.92614e-16	1.78927e-13	6.59575e-17	2.0467e-12	0.944179	0.0558207
Cell_418	2.33874e-67	1	7.79086e-47	2.79958e-16	1.23561e-44	9.54494e-19
Cell_419	1.06743e-12	1.34979e-16	2.17957e-10	7.23296e-15	0.949192	0.0508082
Cell_420	2.30185e-84	0.0139319	6.04521e-66	0.982736	8.12095e-58	0.00333164
Cell_421	3.77953e-106	0.41326	6.86244e-89	0.584758	4.53244e-72	0.00198237
Cell_422	1.31894e-31	0.0141192	3.73728e-32	0.982375	8.03957e-20	0.00350554
Cell_423	2.38714e-47	0.999967	5.53943e-49	3.2571e-05	2.78671e-23	1.18059e-07
Cell_424	2.94367e-56	0.0139456	1.12335e-46	0.982708	2.76519e-30	0.00334614
Cell_425	2.70586e-37	0.013939	1.24548e-30	0.982672	3.15099e-24	0.00338906
Cell_426	2.28526e-31	0.0139402	1.19198e-21	0.982608	2.97373e-21	0.00345175
Cell_427	1.66605e-27	0.0139398	5.47558e-29	0.982705	3.82989e-28	0.00335486
Cell_428	0.976532	3.75947e-53	0.022441	2.65141e-51	0.000980109	4.72976e-05
Cell_429	1.14688e-78	0.999998	1.95473e-66	1.8285e-06	2.95975e-43	6.20504e-09
Cell_430	1.28947e-18	1.84481e-36	2.597e-19	1.29979e-34	0.953918	0.0460821
Cell_431	1.50115e-86	0.0139366	2.23591e-69	0.982729	9.98828e-38	0.00333478
Cell_432	2.34266e-32	0.0139327	5.18557e-33	0.982662	1.94851e-34	0.00340517
Cell_433	1.24939e-36	0.840374	1.45395e-32	0.15907	1.69141e-22	0.000556652
Cell_434	9.06224e-35	0.014063	2.07262e-36	0.982587	4.33669e-29	0.00335005
Cell_435	6.34909e-35	0.0139398	3.36036e-31	0.982681	5.32285e-25	0.00337941
Cell_436	1.74699e-66	0.0141412	5.69284e-46	0.982516	2.05744e-31	0.00334236
Cell_437	5.63169e-19	0.412221	2.22151e-09	0.583126	1.58625e-09	0.00465327
Cell_438	1.51726e-11	0.0120761	1.06646e-10	0.851239	0.0598049	0.0768795
Cell_439	1.3941e-21	0.0141207	1.83232e-22	0.982479	2.00709e-23	0.00340079
Cell_440	1.19942e-48	0.0140262	2.7458e-50	0.982642	1.62493e-44	0.00333215
Cell_441	0.977156	5.86968e-22	0.0225932	4.13817e-20	0.000238736	1.23168e-05
Cell_442	2.73522e-71	3.87551e-09	4.40022e-67	2.73338e-07	1.21498e-12	1
Cell_443	0.976801	2.0821e-21	0.0223109	1.46348e-19	0.0008443	4.3559e-05
Cell_444	6.21242e-46	1	1.37514e-46	5.24428e-20	2.7855e-42	1.81928e-22
Cell_445	8.11146e-65	0.0139729	3.68569e-61	0.982685	1.09882e-31	0.00334229
Cell_446	8.00023e-58	0.0139723	2.27833e-39	0.981252	1.27468e-18	0.00477542
Cell_447	7.57708e-38	0.0139552	8.87791e-31	0.9827	7.4073e-31	0.00334443
Cell_448	8.71025e-44	0.0139355	5.62724e-29	0.982304	1.41268e-16	0.00376031
Cell_449	4.78177e-46	0.0139399	3.5733e-23	0.982643	1.38581e-22	0.00341744
Cell_450	1.72377e-70	1	1.11083e-63	6.1316e-23	1.14446e-56	2.08252e-25
Cell_451	1.72138e-37	0.0194867	1.51189e-30	0.977148	1.27652e-24	0.00336491
Cell_452	2.33588e-54	0.0211989	2.74319e-29	0.975479	5.3799e-30	0.00332246
Cell_453	1.16314e-15	0.0691188	2.76261e-17	0.927394	3.48816e-17	0.00348762
Cell_454	2.69964e-94	1	1.18182e-86	1.3935e-09	5.98182e-76	4.72429e-12
Cell_455	0.966037	5.68669e-17	0.0221032	4.00816e-15	0.0107346	0.001125
Cell_456	3.02465e-55	1	5.09635e-48	4.83682e-08	1.13058e-47	1.64069e-10
Cell_457	2.078e-23	0.0140122	2.42942e-11	0.978182	2.6609e-09	0.00780577
Cell_458	0.96782	4.15001e-23	0.0271673	2.92696e-21	0.00477383	0.000238694
Cell_459	2.58967e-66	0.0140211	1.11318e-67	0.981729	4.92887e-14	0.00425001
Cell_460	7.4178e-47	0.0139477	8.63228e-43	0.982711	5.91688e-32	0.00334179
Cell_461	3.9155e-42	2.17025e-10	8.62077e-27	5.09096e-12	2.07632e-10	1
Cell_462	1.14653e-93	0.0142188	2.10755e-76	0.982443	3.01218e-33	0.00333846
Cell_463	3.71717e-60	1	1.16785e-55	5.08591e-18	5.55265e-47	1.73279e-20
Cell_464	2.25614e-99	0.0139367	1.02655e-94	0.982732	2.259e-66	0.00333155
Cell_465	3.04205e-80	0.0147284	1.3908e-59	0.981935	3.01062e-33	0.00333673
Cell_466	4.81884e-66	1	5.48688e-58	2.38735e-12	6.17099e-50	8.10034e-15
Cell_467	4.15412e-53	1	3.4915e-40	6.10948e-12	5.51013e-40	2.08381e-14
Cell_468	4.0498e-86	0.0142566	1.38659e-72	0.982409	4.09026e-37	0.00333411
Cell_469	1.01345e-45	0.0139446	1.86256e-37	0.982676	5.32283e-25	0.00337939
Cell_470	1.10976e-51	1.24565e-05	2.83467e-39	0.000878628	1.7502e-14	0.999109
Cell_471	1.82749e-50	0.0140654	7.25712e-28	0.979853	7.9526e-24	0.00608176
Cell_472	1.78245e-32	1.3596e-13	2.33698e-22	9.58114e-12	0.941958	0.0580423
Cell_473	4.8158e-76	1	8.25085e-55	3.01573e-08	3.78465e-52	1.025e-10
Cell_474	3.52073e-33	0.0139244	2.37199e-32	0.981825	4.92936e-14	0.00425042
Cell_475	1.41763e-86	1	2.6059e-69	9.20979e-15	4.98864e-39	3.16722e-17
Cell_476	7.88723e-27	0.999999	6.03585e-22	7.51539e-07	2.60193e-16	5.05643e-09
Cell_477	0.974665	5.38841e-46	0.0222547	3.79968e-44	0.00293801	0.000141811
Cell_478	8.33396e-32	0.0139533	1.84475e-32	0.982652	7.87731e-24	0.0033948
Cell_479	2.8083e-29	0.0139728	6.21627e-30	0.982676	8.86274e-29	0.00335169
Cell_480	2.65375e-60	0.0139422	7.88769e-50	0.982719	1.69825e-33	0.00333901
Cell_481	0.939761	0.000467987	0.0214596	0.033011	0.00231923	0.00298138
Cell_482	4.24281e-16	2.33731e-18	6.02514e-15	1.64833e-16	0.950939	0.0490607
Cell_483	0.967817	6.00525e-31	0.0221476	4.23423e-29	0.00957156	0.000464322
Cell_484	2.93992e-82	0.0140017	1.04342e-73	0.982664	1.97696e-50	0.00333418
Cell_485	1.6929e-35	1.69092e-06	1.04103e-25	0.000119234	3.34943e-18	0.999879
Cell_486	2.42649e-47	0.0139596	1.14938e-46	0.982695	1.42447e-30	0.00334522
Cell_487	2.24877e-05	0.0141621	5.57813e-07	0.976152	2.38984e-08	0.00966318
Cell_488	1.37722e-59	0.0139401	3.27109e-61	0.982725	6.60946e-37	0.00333533
Cell_489	3.05322e-53	0.0138818	5.23502e-33	0.976278	4.64387e-21	0.00984061
Cell_490	1.05599e-29	0.0139547	3.15222e-31	0.982661	1.28372e-24	0.00338389
Cell_491	5.80575e-39	0.999992	2.08207e-34	8.21135e-06	1.1809e-21	3.14335e-08
Cell_492	0.975295	6.45495e-17	0.0224905	4.5332e-15	0.00209125	0.000123636
Cell_493	1.65418e-20	0.0141834	3.78864e-22	0.982057	1.41232e-16	0.00375937
Cell_494	4.52213e-67	0.923683	6.48199e-52	0.0760586	7.61437e-43	0.000257963
Cell_495	7.80528e-72	0.999312	1.68202e-70	0.00068604	2.21175e-37	2.33026e-06
Cell_496	1.07662e-36	0.0145299	4.12901e-36	0.982077	7.8727e-24	0.00339281
Cell_497	4.192e-54	0.0140313	1.97676e-49	0.982629	5.38344e-33	0.00333951
Cell_498	2.39629e-43	0.014403	5.48833e-45	0.982245	1.83083e-28	0.00335168
Cell_499	1.76662e-08	0.0139894	6.73652e-10	0.978205	2.66096e-09	0.00780595
Cell_500	1.02168e-70	0.0139705	8.53614e-46	0.982518	1.1805e-30	0.00351125
Cell_501	1.46847e-11	0.000513109	3.25051e-12	0.035464	0.00249157	0.961531
Cell_502	2.07079e-38	1	3.81668e-36	1.03265e-18	3.88404e-35	3.88344e-21
Cell_503	1.49585e-26	0.0139434	1.93437e-25	0.982459	2.85795e-18	0.00359724
Cell_504	0.959732	0.000219821	0.0220549	0.0155042	0.00108926	0.00140025
Cell_505	8.24915e-70	0.013944	3.86381e-60	0.982712	7.40738e-31	0.00334447
Cell_506	2.2703e-40	1	6.20585e-37	1.14308e-16	1.64389e-32	4.37576e-19
Cell_507	2.01384e-43	0.0139308	4.42232e-29	0.982472	2.85798e-18	0.00359728
Cell_508	2.14952e-56	0.0139625	4.29488e-35	0.982699	5.50773e-34	0.00333823
Cell_509	1.65206e-30	0.0144544	7.79039e-26	0.982138	5.21662e-23	0.00340711
Cell_510	1.18983e-60	1	2.99688e-54	1.4555e-19	2.51527e-52	4.94539e-22
Cell_511	3.93273e-43	0.000290446	4.20495e-34	0.0204694	1.17033e-13	0.97924
Cell_512	3.43582e-39	0.153793	1.01643e-21	0.84256	4.23016e-14	0.00364753
Cell_513	0.976291	5.45078e-16	0.0229378	3.6842e-14	0.000724415	4.70185e-05
Cell_514	4.53855e-54	0.999994	5.15565e-51	5.92433e-06	5.00032e-32	2.02745e-08
Cell_515	0.976704	1.34472e-16	0.0223082	9.46432e-15	0.000930473	5.73345e-05
Cell_516	1.01646e-76	0.0139341	8.18468e-56	0.982733	1.62508e-44	0.00333246
Cell_517	1.21845e-21	0.0166804	9.5116e-20	0.979823	8.01869e-20	0.00349643
Cell_518	5.24999e-61	1	3.22554e-50	1.80888e-21	3.69532e-44	6.26131e-24
Cell_519	3.26412e-33	0.023518	2.0484e-17	0.97175	1.3084e-12	0.00473166
Cell_520	1.4688e-23	0.0139318	2.57696e-14	0.981818	4.92932e-14	0.00425039
Cell_521	4.64342e-34	0.0144552	1.31118e-34	0.982189	1.40604e-34	0.00335589
Cell_522	0.949955	1.03358e-13	0.0235638	6.75534e-12	0.0247647	0.00171635
Cell_523	1.7234e-32	0.0139607	2.2441e-28	0.98269	2.14575e-29	0.00334918
Cell_524	1.14633e-24	1.39194e-25	2.40666e-16	9.81672e-24	0.285484	0.714516
Cell_525	0.975553	1.54403e-21	0.0222804	1.08754e-19	0.0020615	0.000105459
Cell_526	1.35494e-20	3.46796e-10	5.88048e-09	2.43295e-08	1.47071e-07	1
Cell_527	1.54562e-28	5.26611e-08	3.57772e-30	3.71448e-06	3.69618e-19	0.999996
Cell_528	0.97627	7.37595e-37	0.0222902	5.194e-35	0.00137356	6.64012e-05
Cell_529	3.01505e-30	0.0139361	1.74636e-14	0.981588	2.46408e-13	0.00447606
Cell_530	3.64727e-46	0.0140411	9.45647e-34	0.982508	2.97342e-21	0.0034514
Cell_531	7.56499e-62	1	1.97987e-40	2.63482e-10	6.01829e-35	9.05019e-13
Cell_532	4.64335e-69	0.0139344	1.07361e-70	0.982733	1.40737e-46	0.00333218
Cell_533	5.5118e-48	0.014336	6.18754e-45	0.982294	9.61582e-26	0.00337041
Cell_534	5.84101e-42	0.08475	7.90639e-33	0.911821	3.42959e-17	0.00342906
Cell_535	1.93732e-28	0.0140487	7.33283e-23	0.982354	2.85764e-18	0.00359685
Cell_536	6.28252e-45	5.10752e-28	1.44038e-07	3.60131e-26	0.953681	0.0463192
Cell_537	6.40073e-35	0.99949	3.94675e-31	0.000508141	9.47137e-32	1.73391e-06
Cell_538	7.4938e-57	0.0139344	1.99825e-28	0.9827	1.85027e-26	0.00336565
Cell_539	4.25959e-55	0.013946	9.42875e-56	0.982682	9.61963e-26	0.00337174
