cell	Node 0	Node 1	Node 2	Node 3	Node 4	Node 5
Cell_0	2.08088e-41	0.0140066	2.61806e-22	1.41807e-16	0.00376194	0.982231
Cell_1	5.15203e-77	0.0139331	5.64138e-62	1.31733e-50	0.00333354	0.982733
Cell_2	1.96909e-50	0.0139552	8.3901e-52	2.39322e-51	0.00333343	0.982711
Cell_3	5.39319e-69	0.0139358	2.47295e-68	1.67657e-45	0.00333399	0.98273
Cell_4	3.71181e-46	0.386425	8.64444e-48	1.6272e-20	0.00216965	0.611405
Cell_5	9.86891e-30	0.0139441	3.38799e-12	4.86727e-11	0.00576866	0.980287
Cell_6	2.4766e-36	0.0139378	1.47791e-25	2.5684e-19	0.00353306	0.982529
Cell_7	8.09779e-13	5.66511e-23	2.10887e-09	0.953196	0.0468044	3.92978e-21
Cell_8	2.6792e-42	0.0211352	3.84095e-33	8.26576e-27	0.00334017	0.975525
Cell_9	2.60129e-40	0.0141864	9.00697e-38	2.56775e-19	0.00353216	0.982281
Cell_10	0.973047	7.59418e-35	0.0220208	0.00470579	0.000226869	5.20291e-33
Cell_11	3.08614e-36	0.0139193	7.92373e-34	3.28001e-06	0.0176014	0.968476
Cell_12	5.96138e-54	0.0139634	1.65874e-55	3.7847e-27	0.00336229	0.982674
Cell_13	4.23621e-40	0.0139315	8.45441e-35	8.07237e-20	0.00350798	0.982561
Cell_14	2.85226e-15	0.0120689	1.22152e-09	0.0600215	0.0768979	0.851012
Cell_15	2.30813e-13	8.26296e-21	1.00333e-14	0.952533	0.0474666	5.81761e-19
Cell_16	6.37028e-40	0.998383	4.1045e-39	7.79301e-39	5.47397e-06	0.0016117
Cell_17	3.15779e-57	0.0139318	4.24781e-53	1.41284e-46	0.00333387	0.982734
Cell_18	7.75068e-50	1.86943e-38	2.49607e-21	0.954082	0.045918	1.31557e-36
Cell_19	2.17433e-36	0.0139356	4.93635e-38	2.15415e-29	0.00335096	0.982713
Cell_20	3.3024e-46	0.0139396	4.64073e-46	2.59111e-46	0.00333388	0.982727
Cell_21	1.08734e-40	0.999999	1.17653e-31	1.31116e-30	3.44457e-09	9.99774e-07
Cell_22	3.44986e-32	1.25363e-08	8.8323e-28	1.12671e-16	0.999999	8.83822e-07
Cell_23	7.7332e-45	0.0139361	8.92049e-41	7.4371e-42	0.00334818	0.982716
Cell_24	7.81176e-49	0.0139426	1.00798e-46	1.83881e-28	0.00335495	0.982702
Cell_25	1.30908e-44	0.0272054	1.02551e-24	2.44038e-13	0.00441805	0.968377
Cell_26	1.31701e-44	0.0139344	7.83988e-32	8.71697e-21	0.00346885	0.982597
Cell_27	3.08317e-40	2.81653e-07	3.19986e-32	1.42827e-14	0.99998	1.98667e-05
Cell_28	2.24294e-50	0.77955	1.63733e-51	5.15544e-41	0.000745635	0.219705
Cell_29	9.42665e-78	0.0236412	2.33525e-60	3.73894e-22	0.00339527	0.972964
Cell_30	5.67556e-48	0.0139381	1.08521e-36	3.22454e-32	0.00334296	0.982719
Cell_31	1.83854e-38	0.0150779	6.32594e-28	2.98185e-21	0.00344951	0.981473
Cell_32	2.63649e-38	0.0139381	1.52636e-34	5.34356e-25	0.00338112	0.982681
Cell_33	7.46355e-29	0.0140498	9.20725e-29	8.0714e-20	0.00350756	0.982443
Cell_34	4.37483e-69	0.0142573	7.44079e-56	4.86572e-11	0.00576683	0.979976
Cell_35	1.62088e-57	0.0143362	2.46677e-40	8.71342e-21	0.00346743	0.982196
Cell_36	0.917573	7.66968e-14	0.0611713	0.0198826	0.00137335	5.40259e-12
Cell_37	8.85192e-46	0.0123113	2.66675e-40	1.97176e-25	0.120574	0.867115
Cell_38	1.65078e-44	1	6.0408e-42	2.53025e-37	3.05152e-10	8.9573e-08
Cell_39	2.27646e-60	1	1.12669e-47	1.97596e-47	3.87192e-17	1.13899e-14
Cell_40	2.4875e-58	0.0139402	4.47943e-59	6.75763e-42	0.00333469	0.982725
Cell_41	1.80885e-42	0.0140067	1.59598e-38	5.5289e-34	0.00333977	0.982654
Cell_42	1.69027e-68	0.0139411	2.64584e-61	7.43621e-31	0.00334617	0.982713
Cell_43	4.94045e-52	0.0210651	2.66466e-36	2.38238e-08	0.00960056	0.969334
Cell_44	3.18769e-65	0.999929	9.23404e-53	1.28737e-51	2.39273e-07	7.05332e-05
Cell_45	5.855e-54	0.0139753	5.23578e-52	2.06579e-31	0.00334462	0.98268
Cell_46	2.63288e-22	1.08547e-08	6.43769e-09	1.95039e-07	0.999999	7.54185e-07
Cell_47	0.97742	1.31121e-14	0.0224826	9.0295e-05	7.53379e-06	9.01265e-13
Cell_48	5.53235e-86	0.99999	4.03501e-60	1.54243e-42	3.22277e-08	9.49201e-06
Cell_49	7.48864e-89	0.0238869	2.90992e-72	1.86347e-48	0.00330004	0.972813
Cell_50	3.39162e-55	1	1.44437e-48	1.2328e-40	4.64645e-15	1.36159e-12
Cell_51	3.21169e-50	0.014647	1.90206e-49	3.22222e-32	0.00334055	0.982012
Cell_52	6.56025e-31	0.000375818	1.27168e-13	4.33905e-14	0.999624	3.00692e-09
Cell_53	5.75193e-87	0.0139456	1.38826e-59	1.04625e-46	0.00333381	0.982721
Cell_54	1.70474e-77	0.218778	2.0963e-71	3.26913e-17	0.00445776	0.776764
Cell_55	3.86329e-67	0.0139467	6.70111e-58	1.05914e-42	0.00333446	0.982719
Cell_56	0.97698	5.73253e-30	0.0224725	0.000522016	2.53243e-05	4.04169e-28
Cell_57	0.974788	2.82582e-32	0.023336	0.00178981	8.64768e-05	1.99208e-30
Cell_58	3.1903e-22	0.0139303	1.02852e-16	1.41818e-16	0.00376223	0.982308
Cell_59	1.08354e-41	0.0141032	1.30626e-30	7.90674e-24	0.003396	0.982501
Cell_60	2.29534e-50	0.0139682	1.39644e-33	9.65682e-26	0.00337337	0.982658
Cell_61	1.12293e-72	1	4.80907e-67	6.77187e-42	5.42923e-19	1.58305e-16
Cell_62	1.01995e-29	0.0140338	2.23791e-30	8.07153e-20	0.00350761	0.982459
Cell_63	1.67373e-09	4.5413e-36	0.666177	0.318422	0.0154014	3.20036e-34
Cell_64	4.49643e-66	0.0142178	7.17206e-52	7.90582e-24	0.0033956	0.982387
Cell_65	1.31865e-27	0.0139469	5.61862e-29	1.41815e-16	0.00376217	0.982291
Cell_66	1.08409e-31	0.0142114	2.80359e-23	5.67062e-16	0.00384342	0.981945
Cell_67	5.26122e-21	0.00757948	9.60336e-17	1.41908e-05	0.521068	0.471338
Cell_68	1.15775e-31	0.0139295	3.5678e-23	2.38209e-15	0.00394831	0.982122
Cell_69	1.94061e-53	0.014075	2.01599e-48	5.93912e-32	0.00334304	0.982582
Cell_70	1.07895e-75	0.0141411	7.80515e-64	1.31242e-35	0.00333743	0.982521
Cell_71	3.97274e-56	0.0141258	4.04761e-29	3.10917e-16	0.014937	0.970937
Cell_72	1.0096e-25	0.0139381	2.33759e-27	8.07232e-20	0.00350795	0.982554
Cell_73	4.78722e-34	3.50066e-43	1.09787e-18	0.954102	0.045898	2.45068e-41
Cell_74	4.51232e-41	0.0147141	6.05436e-32	3.89911e-31	0.0033428	0.981943
Cell_75	2.56718e-32	0.0139619	4.09959e-32	1.85741e-26	0.00336726	0.982671
Cell_76	1.80286e-52	0.0139315	3.95573e-53	1.29609e-49	0.00333361	0.982735
Cell_77	3.73689e-41	0.0139419	1.25049e-38	2.25331e-25	0.00337707	0.982681
Cell_78	6.9139e-46	0.0139321	1.28067e-40	1.20979e-39	0.00333549	0.982732
Cell_79	6.66688e-52	0.0140887	1.57284e-49	6.63416e-37	0.00333651	0.982575
Cell_80	2.18571e-25	5.58583e-23	6.03955e-13	0.953196	0.0468044	3.92978e-21
Cell_81	0.977027	7.12288e-24	0.0221111	0.000821262	4.09251e-05	5.01587e-22
Cell_82	5.22414e-65	1	1.87353e-54	4.71456e-30	2.04879e-13	5.73852e-11
Cell_83	3.40178e-64	1	1.01966e-55	1.20363e-55	2.31967e-31	6.78386e-29
Cell_84	5.33346e-90	0.9992	1.47592e-66	6.4605e-62	2.70556e-06	0.000796996
Cell_85	3.93885e-60	0.013954	4.75594e-45	1.07712e-36	0.00333713	0.982709
Cell_86	1.19936e-33	0.0138983	6.25909e-32	3.40438e-10	0.00659358	0.979508
Cell_87	2.70923e-17	0.0143216	1.48027e-14	2.4727e-13	0.00447657	0.981202
Cell_88	6.0093e-11	2.51865e-26	3.65073e-12	0.953701	0.046299	1.62448e-24
Cell_89	2.63324e-58	0.0139409	2.73553e-53	1.20984e-38	0.00336237	0.982697
Cell_90	2.55652e-18	3.11252e-28	0.947238	0.0502475	0.00251453	2.19302e-26
Cell_91	1.00464e-58	0.0141233	1.12631e-54	1.28849e-24	0.00338503	0.982492
Cell_92	1.39692e-36	0.0139382	7.9197e-37	1.07714e-36	0.00333718	0.982725
Cell_93	0.973136	3.4027e-23	0.0229108	0.00376573	0.000187654	2.29993e-21
Cell_94	4.85604e-36	0.0139775	1.04956e-18	5.67196e-16	0.00384433	0.982178
Cell_95	7.61442e-67	0.0139552	5.96503e-47	7.37368e-43	0.0033344	0.98271
Cell_96	3.88215e-51	0.0139915	9.40391e-40	6.63482e-37	0.00333684	0.982672
Cell_97	1.94472e-06	6.01257e-23	4.40701e-08	0.953194	0.0468043	3.92978e-21
Cell_98	2.78772e-71	0.013933	9.13911e-56	2.55012e-38	0.00333613	0.982731
Cell_99	1.27524e-49	0.0139295	2.5443e-29	2.38209e-15	0.00394831	0.982122
Cell_100	1.65202e-85	0.832993	1.01251e-67	1.06663e-44	0.000564713	0.166443
Cell_101	2.05334e-64	0.0143371	7.26711e-60	2.78768e-50	0.0033322	0.982331
Cell_102	6.09367e-11	6.58884e-22	0.369676	0.600608	0.0297164	4.6398e-20
Cell_103	0.976708	4.00695e-48	0.0221071	0.00113072	5.4389e-05	2.82629e-46
Cell_104	1.55442e-60	0.0139946	8.70817e-46	2.61488e-20	0.00348659	0.982519
Cell_105	3.94668e-45	0.995461	2.59674e-45	2.27776e-16	1.95742e-05	0.00451925
Cell_106	1.33181e-12	0.0140801	3.42462e-14	2.38172e-15	0.00394771	0.981972
Cell_107	1.62849e-37	0.0555117	3.57314e-38	5.01874e-23	0.00326682	0.941222
Cell_108	3.58897e-36	1.64726e-15	3.49146e-27	2.91178e-09	1	1.16171e-13
Cell_109	9.06105e-42	0.999997	6.30776e-30	4.0505e-30	1.06411e-08	3.08855e-06
Cell_110	1.72618e-17	0.0139783	1.96301e-16	4.8671e-11	0.00576846	0.980253
Cell_111	1.25124e-27	7.67543e-30	0.000865554	0.953098	0.0460368	5.41229e-28
Cell_112	0.00070074	0.0137152	5.11536e-05	5.52174e-05	0.0264294	0.959048
Cell_113	1.45719e-40	0.0139609	7.26113e-27	4.2036e-26	0.00337016	0.982669
Cell_114	4.59877e-24	0.218978	6.17035e-15	1.95929e-13	0.0035471	0.777475
Cell_115	2.39718e-35	0.0139564	6.29965e-35	3.77602e-22	0.00342895	0.982615
Cell_116	1.04106e-63	0.0139374	1.50998e-59	5.7339e-48	0.00333371	0.982729
Cell_117	9.42761e-44	0.0139326	1.92484e-44	6.28889e-35	0.00333885	0.982729
Cell_118	1.93452e-31	0.0140129	3.9049e-26	1.41806e-16	0.00376192	0.982225
Cell_119	7.68357e-73	0.0246234	3.18511e-63	7.2939e-43	0.00329832	0.972078
Cell_120	6.1591e-47	0.013849	7.53936e-33	2.39994e-08	0.00967133	0.97648
Cell_121	7.76148e-47	0.0139754	2.24945e-42	2.2035e-42	0.00333444	0.98269
Cell_122	3.10401e-34	0.0143373	7.42163e-24	1.28821e-24	0.00338429	0.982278
Cell_123	0.977109	1.51882e-27	0.0223349	0.000524268	3.1607e-05	1.06898e-25
Cell_124	8.74919e-60	1	1.9197e-60	1.0212e-32	2.68281e-11	7.78676e-09
Cell_125	1.11858e-54	0.0139409	1.438e-49	2.52911e-43	0.00333435	0.982725
Cell_126	2.27284e-46	0.0139428	1.65993e-40	5.34354e-25	0.0033811	0.982676
Cell_127	8.98808e-62	0.0139317	4.84363e-57	8.30246e-49	0.00333366	0.982735
Cell_128	1.80517e-23	0.0152161	7.69166e-25	5.33664e-25	0.00337674	0.981407
Cell_129	1.37299e-34	0.01501	3.97726e-22	2.37948e-15	0.00394398	0.981046
Cell_130	3.00718e-35	1.13046e-09	2.19522e-36	0.912873	0.0871269	6.37819e-08
Cell_131	3.6917e-31	3.04848e-05	3.91545e-27	4.48814e-14	0.997822	0.00214765
Cell_132	3.58125e-14	3.72199e-07	0.408178	0.499814	0.0919813	2.61763e-05
Cell_133	4.73392e-65	0.999998	1.75532e-56	2.68173e-39	5.2549e-09	1.54581e-06
Cell_134	1.67285e-61	0.0139797	9.1877e-50	2.38197e-15	0.00394811	0.982072
Cell_135	1.21944e-22	0.010961	2.10959e-15	2.33617e-15	0.226395	0.762644
Cell_136	2.63214e-61	0.0139399	1.20846e-59	1.53733e-40	0.00333511	0.982725
Cell_137	0.000159518	8.89917e-18	0.744547	0.242542	0.0127512	5.02101e-16
Cell_138	5.41152e-78	0.0139317	6.94591e-69	8.08265e-56	0.00333336	0.982735
Cell_139	0.977849	5.12875e-50	0.0221298	1.97784e-05	9.51359e-07	3.61056e-48
Cell_140	2.84114e-19	0.0140489	3.27735e-15	7.68886e-12	0.00519237	0.980759
Cell_141	2.16743e-69	0.0139422	8.07328e-56	1.83881e-28	0.00335495	0.982703
Cell_142	1.54651e-35	0.0139399	4.20989e-24	2.01526e-23	0.00340313	0.982657
Cell_143	0.940049	4.17799e-19	0.0588821	0.00101381	5.5053e-05	2.94235e-17
Cell_144	3.93883e-38	0.0887859	7.38815e-34	1.28561e-22	0.00315964	0.908054
Cell_145	3.58948e-68	1	7.94192e-43	5.9607e-37	9.27238e-11	2.71925e-08
Cell_146	4.91098e-75	0.01396	1.04372e-68	3.14117e-41	0.00333482	0.982705
Cell_147	1.11013e-24	2.95238e-06	8.53589e-18	9.94851e-14	0.999789	0.00020782
Cell_148	5.83044e-55	0.0139346	1.49276e-54	1.70085e-38	0.00334478	0.982721
Cell_149	2.59218e-37	0.0139476	2.03241e-31	3.16321e-24	0.00339075	0.982662
Cell_150	1.63896e-26	0.00802728	3.44692e-21	7.75733e-11	0.495791	0.496182
Cell_151	5.90794e-25	0.0139125	2.63121e-22	7.68992e-12	0.00519309	0.980894
Cell_152	1.21658e-17	0.00968411	4.76922e-13	1.89607e-12	0.310207	0.680108
Cell_153	4.45331e-46	0.0139411	6.89422e-44	2.06586e-31	0.00334473	0.982714
Cell_154	4.58652e-43	0.0150704	5.67491e-36	2.37933e-15	0.00394374	0.980986
Cell_155	2.94768e-55	3.33893e-25	1.43515e-26	0.953586	0.0464141	1.88386e-23
Cell_156	7.65672e-29	0.99732	1.48195e-25	7.10807e-23	9.47765e-06	0.0026708
Cell_157	4.03703e-82	0.999998	7.66408e-67	5.98576e-28	1.09164e-08	2.13096e-06
Cell_158	3.07861e-50	0.99397	5.54745e-45	4.12229e-41	2.04002e-05	0.00600989
Cell_159	3.99432e-25	0.0142024	2.80249e-15	2.473e-13	0.00447711	0.98132
Cell_160	0.976721	1.67861e-30	0.0225811	0.000665646	3.2253e-05	1.10796e-28
Cell_161	2.64236e-74	1	3.44544e-56	2.4011e-43	9.04984e-18	2.65196e-15
Cell_162	3.43827e-40	1	1.01318e-37	6.79326e-31	9.26323e-17	1.61412e-14
Cell_163	0.974748	8.47521e-17	0.02234	0.00274978	0.000162021	5.93759e-15
Cell_164	2.94566e-58	0.0139603	4.53087e-54	3.78471e-27	0.0033623	0.982677
Cell_165	2.20952e-23	6.76236e-26	1.21352e-11	0.953667	0.0463334	3.62371e-24
Cell_166	6.03482e-36	0.0140065	1.40804e-15	5.6718e-16	0.00384422	0.982149
Cell_167	6.19114e-32	0.0138978	2.24158e-23	3.40438e-10	0.00659359	0.979509
Cell_168	3.7205e-18	0.0271484	8.48273e-11	3.35864e-10	0.00650499	0.966347
Cell_169	1.68085e-82	0.0139352	1.76296e-77	2.77597e-30	0.00334787	0.982717
Cell_170	1.906e-36	0.992263	4.67799e-30	4.45038e-18	3.01637e-05	0.00770645
Cell_171	1.25733e-42	1	7.27912e-39	3.06504e-37	1.88649e-10	5.53596e-08
Cell_172	1.74141e-57	1	3.94361e-59	1.45596e-48	1.56069e-27	4.523e-25
Cell_173	1.26185e-52	0.0139645	5.23463e-51	2.98522e-21	0.00345341	0.982582
Cell_174	1.01371e-33	0.014086	2.22423e-34	2.56801e-19	0.00353252	0.982382
Cell_175	5.08842e-90	0.0139348	4.65503e-84	3.60344e-43	0.0033344	0.982731
Cell_176	1.79579e-50	0.0139361	4.24077e-46	4.7894e-46	0.00333392	0.98273
Cell_177	9.87688e-42	0.0140801	1.00988e-35	1.32618e-12	0.00477981	0.98114
Cell_178	8.49637e-56	0.01397	7.67404e-53	3.85909e-34	0.00336182	0.982668
Cell_179	3.32632e-51	0.0139591	1.31472e-43	3.70922e-17	0.00369615	0.982345
Cell_180	1.68874e-73	0.0139408	2.92822e-58	9.99832e-50	0.00333357	0.982726
Cell_181	5.81779e-68	1	3.10928e-62	2.9413e-45	4.9669e-25	1.4342e-22
Cell_182	3.16833e-61	0.0139401	5.54965e-47	1.10313e-31	0.0033441	0.982716
Cell_183	1.01013e-57	0.0139387	1.33355e-48	2.55505e-37	0.00333673	0.982725
Cell_184	3.5361e-56	0.0161658	1.50405e-34	3.94013e-29	0.00358776	0.980246
Cell_185	3.24886e-29	0.0139235	5.9064e-17	2.39976e-08	0.0096706	0.976406
Cell_186	2.61842e-47	0.0139322	2.35799e-30	1.74357e-27	0.00336027	0.982708
Cell_187	1.18264e-42	0.0147278	6.62536e-28	4.20033e-26	0.00336754	0.981905
Cell_188	0.964516	1.87383e-31	0.0230901	0.0118223	0.000571207	1.31584e-29
Cell_189	1.43e-52	0.0139989	7.67008e-45	1.07701e-29	0.00334963	0.982651
Cell_190	5.2516e-38	0.000938793	2.11703e-31	1.0118e-18	0.998927	0.00013469
Cell_191	2.41509e-17	2.98028e-29	1.72405e-12	0.953897	0.0461027	2.10173e-27
Cell_192	3.15032e-70	0.0139317	1.1298e-59	4.95238e-46	0.00333593	0.982732
Cell_193	1.26605e-49	0.0139545	1.05286e-43	5.34347e-25	0.00338106	0.982664
Cell_194	3.31219e-06	6.81892e-32	0.778348	0.211447	0.0102019	4.77152e-30
Cell_195	1.03068e-28	0.013954	5.93464e-27	1.39118e-22	0.00341912	0.982627
Cell_196	2.74955e-41	0.0139552	1.65097e-34	5.67209e-16	0.00384442	0.9822
Cell_197	1.13808e-24	0.0138937	3.94059e-22	2.67156e-09	0.00781064	0.978296
Cell_198	1.43742e-41	0.0161695	1.6874e-38	8.3077e-27	0.00335712	0.980473
Cell_199	0.977649	3.14093e-42	0.0221257	0.000214625	1.03537e-05	2.21244e-40
Cell_200	4.80632e-11	1.33687e-35	1.08812e-12	0.954057	0.0459431	9.27366e-34
Cell_201	4.6679e-56	0.0141882	1.51323e-37	5.23832e-23	0.00340975	0.982402
Cell_202	2.21902e-59	0.013933	1.37484e-39	1.84792e-39	0.00333557	0.982731
Cell_203	9.57601e-23	0.0146802	6.99042e-24	3.40168e-10	0.00658835	0.978731
Cell_204	1.78114e-35	8.14102e-05	5.05941e-27	2.73313e-16	0.995912	0.00400616
Cell_205	3.02945e-62	2.1917e-08	5.68359e-52	4.0521e-17	0.999998	1.54601e-06
Cell_206	1.12849e-15	1.64585e-40	0.613151	0.36909	0.0177598	1.16071e-38
Cell_207	4.92562e-54	0.0139923	4.03634e-49	3.47094e-40	0.00333507	0.982673
Cell_208	3.85941e-40	0.0139436	6.85738e-24	1.41816e-16	0.00376218	0.982294
Cell_209	4.6886e-52	1	1.0625e-53	2.4341e-45	2.68867e-15	7.90821e-13
Cell_210	1.18959e-24	0.0162947	9.31912e-05	5.51098e-05	0.0263779	0.957179
Cell_211	1.37701e-59	0.0141612	5.18689e-40	1.88324e-26	0.00350275	0.982336
Cell_212	1.8643e-60	0.0139558	5.53206e-36	2.25328e-25	0.00337702	0.982667
Cell_213	8.83796e-56	0.0139494	4.05684e-41	7.68964e-12	0.0051929	0.980858
Cell_214	9.47246e-35	0.0139409	1.69654e-32	3.84478e-28	0.00335655	0.982703
Cell_215	4.97545e-76	1	1.0464e-70	1.6554e-41	1.50324e-22	4.30775e-20
Cell_216	1.15171e-28	0.0166759	2.61507e-25	1.41423e-16	0.00375176	0.979572
Cell_217	2.31531e-44	0.0148553	1.77594e-42	2.86641e-18	0.00359573	0.981549
Cell_218	1.559e-37	0.00391343	5.88291e-27	2.54517e-17	0.72117	0.274917
Cell_219	2.99069e-10	7.57284e-37	8.32151e-12	0.954072	0.0459283	3.11663e-35
Cell_220	4.15954e-70	0.0139361	3.21861e-68	1.62977e-38	0.00333601	0.982728
Cell_221	6.67749e-81	1	5.25532e-71	2.66023e-71	8.98205e-33	2.64695e-30
Cell_222	5.5429e-89	0.0139429	3.00863e-80	5.52926e-34	0.00333999	0.982717
Cell_223	2.06138e-27	0.0152764	1.16483e-27	1.7412e-27	0.00335569	0.981368
Cell_224	0.974558	6.39568e-29	0.0226965	0.00261866	0.000127127	4.46046e-27
Cell_225	0.976591	3.8758e-50	0.0221015	0.00124697	6.00028e-05	2.73382e-48
Cell_226	2.62369e-15	5.60953e-15	3.52431e-13	5.09465e-10	1	3.95689e-13
Cell_227	3.42089e-34	0.0139405	4.5197e-32	1.28873e-24	0.00338565	0.982674
Cell_228	2.89295e-38	0.998011	4.27319e-38	3.85598e-32	6.88898e-06	0.0019818
Cell_229	5.59944e-90	0.0139392	2.02071e-64	1.75743e-36	0.00333734	0.982723
Cell_230	4.11096e-37	0.0139923	2.93916e-33	5.40459e-33	0.00334133	0.982666
Cell_231	1.6223e-38	0.143438	9.74113e-32	1.87124e-29	0.00291087	0.853651
Cell_232	4.4334e-17	0.0139349	1.81424e-17	1.41817e-16	0.00376221	0.982303
Cell_233	4.85467e-49	0.0139453	4.09723e-37	2.01525e-23	0.00340311	0.982652
Cell_234	2.17904e-49	0.0139284	4.60874e-41	1.19152e-29	0.00356376	0.982508
Cell_235	6.28458e-17	0.0120811	1.95406e-18	0.0600208	0.076897	0.851001
Cell_236	1.50315e-40	0.0139331	5.10149e-27	1.74357e-27	0.00336026	0.982707
Cell_237	1.86841e-53	0.0139592	4.47028e-45	4.1074e-37	0.0033368	0.982704
Cell_238	1.28404e-17	2.91237e-38	4.20167e-11	0.954081	0.0459193	2.0414e-36
Cell_239	8.62933e-69	0.0143958	6.6437e-55	1.84706e-39	0.003334	0.98227
Cell_240	2.91067e-40	0.0139395	4.00149e-35	9.00895e-27	0.00349051	0.98257
Cell_241	1.54395e-22	0.413234	9.49337e-20	2.20726e-17	0.00219948	0.584567
Cell_242	1.15559e-07	1.82998e-09	0.970279	0.0260612	0.00365971	1.28762e-07
Cell_243	0.977333	2.80086e-54	0.0221314	0.000511467	2.45986e-05	1.97216e-52
Cell_244	6.33537e-54	0.0139482	1.65327e-48	9.67615e-34	0.00334031	0.982711
Cell_245	4.54055e-88	0.0311429	3.01692e-73	9.74764e-64	0.00327622	0.965581
Cell_246	3.2906e-17	0.0152074	1.54349e-18	2.379e-15	0.00394319	0.980849
Cell_247	9.48835e-28	0.0456338	2.15412e-29	8.61152e-29	0.00324571	0.951121
Cell_248	0.968459	7.12179e-08	0.0222765	0.00736221	0.00189712	5.01247e-06
Cell_249	2.98755e-76	0.0139393	3.78785e-60	8.89751e-29	0.0033535	0.982707
Cell_250	1.40565e-35	0.0139168	3.29906e-28	1.3264e-12	0.0047806	0.981303
Cell_251	0.976399	1.99034e-29	0.0227394	0.000821632	3.98875e-05	1.39952e-27
Cell_252	3.8408e-05	2.91814e-23	0.000176113	0.939386	0.0603992	1.96012e-21
Cell_253	2.68535e-57	0.0139559	2.38933e-28	8.71678e-21	0.00346877	0.982575
Cell_254	5.36306e-59	0.999994	3.91154e-33	1.65878e-25	2.21176e-08	6.23271e-06
Cell_255	2.17589e-54	0.0139351	4.92709e-56	1.08902e-48	0.00333366	0.982731
Cell_256	1.40161e-91	1	5.61071e-85	4.8056e-60	1.32494e-23	3.90366e-21
Cell_257	2.9998e-23	0.0139575	6.58198e-24	2.98524e-21	0.00345344	0.982589
Cell_258	2.62316e-18	0.0141762	2.34574e-16	4.94726e-14	0.00425149	0.981572
Cell_259	1.00442e-43	0.0139727	5.97255e-34	3.22443e-32	0.00334284	0.982684
Cell_260	3.2161e-25	0.0139364	1.24906e-23	2.61504e-20	0.0034868	0.982577
Cell_261	1.26202e-50	0.0141405	6.13552e-45	5.34246e-25	0.00338043	0.982479
Cell_262	5.06015e-44	0.0140746	9.22011e-27	9.65578e-26	0.003373	0.982552
Cell_263	4.12733e-55	0.0140332	3.94304e-48	5.34305e-25	0.00338079	0.982586
Cell_264	1.11131e-54	0.0139359	1.43409e-46	3.90219e-31	0.00334544	0.982719
Cell_265	1.38301e-72	0.0142184	6.90695e-35	1.83829e-28	0.00335401	0.982428
Cell_266	4.983e-17	2.33586e-14	7.64226e-06	8.43021e-07	0.999992	1.64636e-12
Cell_267	4.15963e-31	0.0140122	8.03372e-27	3.78451e-27	0.00336212	0.982626
Cell_268	1.86517e-55	0.999988	2.65124e-48	1.18873e-37	4.08346e-08	1.20076e-05
Cell_269	4.0447e-15	0.0140697	4.50079e-12	4.86665e-11	0.00576792	0.980162
Cell_270	4.37241e-40	0.0139328	9.59369e-41	8.13669e-28	0.00335833	0.982709
Cell_271	3.50857e-26	2.06798e-21	1.39249e-18	0.952855	0.0471447	7.36097e-20
Cell_272	7.79384e-48	0.0140412	2.1766e-26	9.6561e-26	0.00337312	0.982586
Cell_273	4.65727e-100	0.0139703	7.51483e-71	3.18046e-34	0.00333957	0.98269
Cell_274	3.69478e-48	0.0139523	9.08469e-50	7.90795e-24	0.00339652	0.982651
Cell_275	3.74251e-26	0.99987	9.18078e-12	3.34113e-11	1.66461e-06	0.000128248
Cell_276	4.31316e-14	2.37008e-11	9.94385e-16	6.33867e-11	1	1.66906e-09
Cell_277	2.51896e-53	1	4.86724e-29	5.54471e-13	9.94734e-11	1.96538e-10
Cell_278	1.75626e-39	0.144702	1.38326e-32	7.56097e-21	0.00300882	0.85229
Cell_279	1.7885e-101	0.01395	4.58221e-95	2.11466e-55	0.00333434	0.982716
Cell_280	2.30256e-44	0.0139211	1.95058e-21	4.94854e-14	0.00425259	0.981826
Cell_281	1.08975e-27	1.34982e-12	1.14021e-17	9.20688e-10	1	9.48795e-11
Cell_282	1.66182e-21	4.93309e-07	5.09919e-18	0.000108774	0.999856	3.47876e-05
Cell_283	4.79666e-40	0.0139449	3.09287e-41	6.28881e-35	0.00333881	0.982716
Cell_284	1.47888e-79	1	3.34833e-81	1.84062e-62	1.03606e-33	3.04516e-31
Cell_285	1.64603e-14	0.0138843	1.47195e-12	2.67159e-09	0.00781072	0.978305
Cell_286	5.09424e-91	0.0139414	1.33789e-84	3.95395e-60	0.00333343	0.982725
Cell_287	3.19888e-50	0.0139293	1.42271e-42	1.54935e-22	0.00380516	0.982266
Cell_288	9.86624e-67	0.0139301	3.43471e-65	1.05542e-27	0.00345842	0.982611
Cell_289	2.57396e-33	0.01429	2.3435e-24	2.6141e-20	0.00348555	0.982224
Cell_290	6.65572e-44	0.0127742	9.39075e-38	1.43644e-22	0.086379	0.900847
Cell_291	2.50993e-66	0.0145294	9.47359e-54	3.17866e-34	0.00333768	0.982133
Cell_292	9.86471e-28	0.0144284	2.34428e-17	7.6859e-12	0.00519038	0.980381
Cell_293	5.68363e-16	0.0149519	1.32903e-07	2.66869e-09	0.00780226	0.977246
Cell_294	3.11599e-40	0.0139782	1.29012e-34	3.70866e-35	0.00333844	0.982683
Cell_295	8.53677e-60	0.0139326	8.75335e-54	9.72885e-33	0.00334198	0.982725
Cell_296	1.44444e-18	1.36124e-13	3.47341e-13	0.942142	0.057858	9.54588e-12
Cell_297	9.87426e-92	1	4.54884e-67	4.14755e-56	8.47647e-15	2.49842e-12
Cell_298	0.975772	4.9348e-29	0.0220864	0.0020428	9.91713e-05	3.47959e-27
Cell_299	4.00885e-28	0.0139915	4.62434e-24	7.90763e-24	0.00339638	0.982612
Cell_300	8.58975e-29	0.0141629	1.5679e-24	1.28844e-24	0.00338489	0.982452
Cell_301	2.52571e-23	0.0668105	1.45159e-21	0.000105269	0.603231	0.329853
Cell_302	2.8222e-62	0.0140414	1.11547e-54	1.39106e-22	0.00341882	0.98254
Cell_303	4.57541e-27	0.0170156	1.02852e-18	2.86012e-18	0.00358784	0.979397
Cell_304	1.15575e-48	0.0139371	1.22977e-42	9.7288e-33	0.00334197	0.982721
Cell_305	5.84609e-35	0.014442	7.84393e-26	4.94593e-14	0.00425034	0.981308
Cell_306	9.72775e-06	4.73076e-33	0.000869896	0.953178	0.0459421	3.32422e-31
Cell_307	5.13637e-08	8.88493e-20	1.12699e-08	0.00229373	0.997706	6.2659e-18
Cell_308	2.00799e-28	0.0140188	4.40583e-29	5.44044e-30	0.00334853	0.982633
Cell_309	4.39864e-40	0.0166825	5.06506e-27	4.192e-26	0.00336086	0.979957
Cell_310	6.88227e-65	0.0140015	6.59328e-58	8.04124e-51	0.0033333	0.982665
Cell_311	0.918581	5.52307e-22	0.0391398	0.0333879	0.00889107	3.43458e-20
Cell_312	2.40069e-33	1	5.259e-24	2.43848e-23	1.65275e-10	4.22256e-08
Cell_313	4.75223e-42	0.999957	1.07889e-43	5.68097e-29	1.49246e-07	4.33181e-05
Cell_314	5.38811e-50	0.0139339	1.21957e-51	3.60344e-43	0.0033344	0.982732
Cell_315	0.977448	4.21849e-53	0.0221281	0.000404662	1.94623e-05	2.97205e-51
Cell_316	3.11515e-20	1	7.08781e-22	1.63272e-21	1.4031e-10	3.23944e-08
Cell_317	4.82904e-55	0.00264053	1.94789e-43	7.19814e-30	0.811101	0.186259
Cell_318	1.91392e-49	0.0140498	3.51684e-35	8.0714e-20	0.00350756	0.982443
Cell_319	2.31027e-37	0.0139675	6.26001e-39	5.3434e-25	0.00338102	0.982651
Cell_320	4.0636e-64	0.0139461	1.84186e-57	5.9399e-32	0.00334348	0.98271
Cell_321	1.25798e-30	0.0147834	2.54614e-28	1.41695e-16	0.00375898	0.981458
Cell_322	3.29719e-39	0.0139781	7.46574e-41	5.9397e-32	0.00334337	0.982678
Cell_323	3.5514e-66	0.0139476	1.01562e-63	5.81417e-52	0.00333343	0.982719
Cell_324	4.48549e-58	0.147089	7.66487e-44	9.04729e-39	0.00288545	0.850025
Cell_325	0.977333	2.56732e-31	0.0221625	0.000481223	2.32937e-05	1.81016e-29
Cell_326	3.70488e-39	0.0139723	1.85904e-31	9.65678e-26	0.00337336	0.982654
Cell_327	2.43415e-61	0.013945	4.62673e-55	4.07911e-25	0.00357194	0.982483
Cell_328	4.08451e-71	0.0150193	7.2962e-52	5.03459e-49	0.00333112	0.98165
Cell_329	1.01543e-07	2.89971e-17	0.925947	0.0702387	0.0038142	2.03853e-15
Cell_330	0.949861	2.35821e-19	0.0215778	0.0271512	0.00141024	1.59394e-17
Cell_331	1.71087e-40	0.0139444	3.8751e-42	1.3912e-22	0.00341916	0.982636
Cell_332	4.59262e-38	0.989231	2.59855e-11	3.718e-12	7.201e-05	0.0106974
Cell_333	1.77963e-40	0.0139996	1.24862e-30	4.867e-11	0.00576833	0.980232
Cell_334	1.67459e-80	0.0139336	2.66901e-65	6.29777e-44	0.00333425	0.982732
Cell_335	1.13512e-20	0.125258	3.15844e-22	7.73285e-21	0.00307722	0.871664
Cell_336	1.30743e-52	0.013934	2.86869e-53	3.84481e-28	0.00335657	0.982709
Cell_337	1.35453e-13	0.0139819	2.97204e-14	2.76443e-14	0.0090817	0.976936
Cell_338	5.9591e-45	0.014304	1.35366e-46	2.0651e-31	0.0033435	0.982353
Cell_339	1.67001e-31	0.013961	5.65172e-33	3.70921e-17	0.00369614	0.982343
Cell_340	1.78897e-33	0.0140255	1.18629e-26	9.65626e-26	0.00337317	0.982601
Cell_341	9.95633e-47	0.0139482	1.31167e-33	2.86905e-18	0.00359904	0.982453
Cell_342	2.37799e-40	0.0139415	5.5381e-42	2.01526e-23	0.00340312	0.982655
Cell_343	1.60232e-44	0.0142174	1.02515e-41	3.77502e-22	0.00342804	0.982355
Cell_344	6.41024e-71	0.999999	1.33091e-64	3.00762e-47	2.78025e-09	8.18027e-07
Cell_345	9.9522e-33	0.942724	2.18366e-33	2.15455e-18	0.000214696	0.0570609
Cell_346	1.03979e-56	0.013938	2.16252e-54	2.15414e-29	0.00335095	0.982711
Cell_347	2.02506e-58	5.32835e-09	8.79013e-25	1.51988e-14	1	3.75856e-07
Cell_348	5.15232e-66	0.0139342	8.85258e-59	5.97507e-50	0.00333358	0.982732
Cell_349	3.69096e-32	0.000495958	1.76155e-23	6.04607e-10	0.988232	0.0112724
Cell_350	3.17474e-20	1.49743e-12	2.99313e-19	2.01949e-10	1	1.05621e-10
Cell_351	1.72095e-19	3.46728e-21	8.98737e-12	2.98928e-06	0.999997	2.44514e-19
Cell_352	4.42045e-78	0.0139379	1.00158e-79	9.72879e-33	0.00334196	0.98272
Cell_353	2.19685e-39	0.0139468	7.43464e-41	5.40484e-33	0.00334149	0.982712
Cell_354	9.21835e-38	0.0140626	4.93706e-35	8.32549e-27	0.00336431	0.982573
Cell_355	0.0006062	1.30949e-22	0.682803	0.301706	0.0148846	8.5869e-21
Cell_356	2.93891e-42	0.0139333	5.24975e-37	4.20372e-26	0.00337026	0.982696
Cell_357	3.78103e-25	0.0150187	8.29613e-26	4.19909e-26	0.00336655	0.981615
Cell_358	6.88482e-50	1	1.0777e-42	4.64642e-40	7.70144e-28	1.91569e-25
Cell_359	1.14958e-37	0.0142879	3.52075e-31	1.28828e-24	0.00338446	0.982328
Cell_360	2.28131e-49	0.0139493	8.67928e-40	3.98626e-26	0.00351795	0.982533
Cell_361	7.70226e-63	0.0140015	4.49173e-48	4.47642e-44	0.003334	0.982664
Cell_362	0.976711	1.21488e-37	0.0221054	0.00112951	5.44065e-05	8.56944e-36
Cell_363	9.42514e-30	0.0149975	3.6211e-13	1.32495e-12	0.00477536	0.980227
Cell_364	2.85676e-44	0.0139336	6.60462e-46	3.77611e-22	0.00342903	0.982637
Cell_365	2.29759e-21	0.0141	3.69586e-18	2.671e-09	0.00780901	0.978091
Cell_366	1.45201e-31	0.0141198	2.23616e-23	2.98475e-21	0.00345287	0.982427
Cell_367	1.78363e-80	0.0139458	6.64813e-69	3.70927e-17	0.0036962	0.982358
Cell_368	1.07513e-30	0.0131423	1.74073e-24	6.50931e-21	0.940196	0.0466614
Cell_369	1.31242e-54	0.0139961	5.34017e-29	5.34325e-25	0.00338092	0.982623
Cell_370	9.1348e-56	0.0139642	2.99801e-50	8.88119e-44	0.00333418	0.982702
Cell_371	5.80591e-09	0.0468507	1.32875e-10	3.29062e-10	0.00637325	0.946776
Cell_372	1.19302e-19	1.53858e-07	4.16841e-14	2.97707e-11	0.999989	1.0773e-05
Cell_373	3.47492e-39	0.999982	1.07085e-30	5.56479e-26	6.43757e-08	1.83165e-05
Cell_374	2.08669e-79	0.0139326	4.1028e-71	4.52117e-54	0.0033334	0.982734
Cell_375	5.5133e-78	0.0139361	3.24069e-79	3.66132e-52	0.00333346	0.98273
Cell_376	1.41267e-48	0.0139282	4.1652e-27	1.01169e-17	0.00364282	0.982429
Cell_377	1.06821e-25	3.85368e-22	1.48973e-14	0.952985	0.0470154	2.71231e-20
Cell_378	1.31124e-35	0.0139631	1.51256e-31	3.7092e-17	0.00369613	0.982341
Cell_379	8.01803e-36	0.0139307	1.85646e-33	1.39122e-22	0.0034192	0.98265
Cell_380	1.20933e-56	0.0146189	2.37983e-53	3.77349e-22	0.00342664	0.981954
Cell_381	5.94434e-86	0.0139326	1.42305e-87	1.77976e-43	0.00333434	0.982733
Cell_382	5.02951e-62	1	7.59609e-44	4.02725e-40	6.03569e-18	1.7563e-15
Cell_383	4.75668e-62	0.0139368	1.08053e-41	2.52239e-41	0.0033398	0.982723
Cell_384	8.34696e-42	0.0139311	3.37723e-34	5.67223e-16	0.00384451	0.982224
Cell_385	5.92646e-19	7.97855e-36	1.91063e-13	0.954059	0.0459406	5.62502e-34
Cell_386	1.22422e-62	0.93387	5.7002e-49	2.92009e-30	0.000224814	0.0659055
Cell_387	0.28207	0.00798481	0.0562106	0.0397175	0.0508849	0.563132
Cell_388	4.11341e-18	0.0140157	1.16697e-18	8.4381e-19	0.00356274	0.982422
Cell_389	3.97733e-55	0.0145305	1.92244e-47	1.84027e-34	0.00333737	0.982132
Cell_390	3.90056e-56	1	1.58705e-53	1.6343e-50	1.92394e-14	5.66821e-12
Cell_391	2.42451e-44	1	1.08479e-44	1.35648e-38	2.11011e-12	6.18819e-10
Cell_392	0.968977	2.02545e-21	0.0219421	0.00864371	0.000437548	1.42757e-19
Cell_393	2.44588e-09	0.0127556	5.85533e-11	0.0599798	0.0768445	0.85042
Cell_394	3.63343e-91	1	4.19225e-76	5.12842e-54	4.65704e-35	1.33454e-32
Cell_395	1.20735e-28	0.0138866	3.67472e-19	2.39985e-08	0.00967096	0.976442
Cell_396	0.975778	7.53121e-27	0.0221165	0.0020078	9.80802e-05	5.29334e-25
Cell_397	7.38127e-61	0.0139301	2.00311e-56	3.63857e-39	0.00369285	0.982377
Cell_398	1.19895e-42	0.0140251	9.74174e-39	7.90736e-24	0.00339627	0.982579
Cell_399	0.977278	3.34776e-26	0.0221236	0.000570442	2.80102e-05	2.35179e-24
Cell_400	2.34769e-48	0.0139334	1.16481e-49	3.02477e-33	0.00334112	0.982726
Cell_401	3.81461e-09	1.24297e-10	0.0572999	0.870103	0.0725973	8.6848e-09
Cell_402	1.12259e-21	0.0142024	1.50622e-12	2.473e-13	0.00447711	0.98132
Cell_403	3.31186e-58	0.0139727	7.66783e-47	3.18045e-34	0.00333956	0.982688
Cell_404	1.30227e-42	0.0139437	1.85112e-35	2.77595e-30	0.00334784	0.982708
Cell_405	2.37011e-21	0.0142155	2.78567e-19	8.4364e-19	0.00356202	0.982223
Cell_406	1.02413e-36	0.999857	6.75509e-30	2.69101e-30	4.87847e-07	0.000142369
Cell_407	1.01021e-16	6.13528e-29	1.1611e-08	0.953883	0.0461175	4.2034e-27
Cell_408	1.08357e-21	0.0137389	5.26737e-22	3.28061e-06	0.0176046	0.968653
Cell_409	3.55239e-70	0.195247	7.79445e-71	0.0488926	0.0626398	0.69322
Cell_410	2.16993e-40	0.0139681	4.76114e-41	7.87591e-36	0.00333781	0.982694
Cell_411	3.60562e-48	0.0139447	1.91565e-30	2.47364e-13	0.00447828	0.981577
Cell_412	2.40816e-54	0.999981	3.29684e-45	1.93388e-45	6.27134e-08	1.84795e-05
Cell_413	2.4788e-28	0.014617	1.05619e-29	8.43296e-19	0.00356057	0.981822
Cell_414	9.53788e-26	2.22951e-19	5.67772e-13	0.951819	0.0481815	1.572e-17
Cell_415	5.71852e-65	1	3.50702e-54	5.65566e-39	3.68141e-19	1.06067e-16
Cell_416	1.93723e-55	1	9.38866e-40	1.76264e-30	3.19108e-20	6.99442e-18
Cell_417	2.53593e-16	1.78264e-13	5.66612e-17	0.944357	0.055643	2.03915e-12
Cell_418	2.35028e-67	1	7.76072e-47	1.24043e-44	9.54991e-19	2.79962e-16
Cell_419	9.21796e-13	1.34477e-16	1.8657e-10	0.949354	0.0506457	7.20616e-15
Cell_420	2.19402e-84	0.0139317	5.71154e-66	8.15253e-58	0.00333332	0.982735
Cell_421	3.63457e-106	0.413256	6.54142e-89	4.55009e-72	0.00198339	0.584761
Cell_422	1.21805e-31	0.014119	3.42117e-32	8.07084e-20	0.00350731	0.982374
Cell_423	2.12256e-47	0.999967	4.88233e-49	2.79759e-23	1.1812e-07	3.25715e-05
Cell_424	2.81689e-56	0.0139454	1.06555e-46	2.77594e-30	0.00334783	0.982707
Cell_425	2.47708e-37	0.0139388	1.13018e-30	3.16324e-24	0.00339078	0.98267
Cell_426	2.12005e-31	0.01394	1.09612e-21	2.98529e-21	0.0034535	0.982607
Cell_427	1.51488e-27	0.0139396	4.93511e-29	3.84479e-28	0.00335655	0.982704
Cell_428	0.976755	3.62905e-53	0.0222495	0.000949803	4.56807e-05	2.55947e-51
Cell_429	1.1019e-78	0.999998	1.86162e-66	2.97131e-43	6.20827e-09	1.82852e-06
Cell_430	1.19228e-18	1.83792e-36	2.38023e-19	0.954066	0.045934	1.29496e-34
Cell_431	1.33728e-86	0.0139364	1.97439e-69	1.00271e-37	0.00333647	0.982727
Cell_432	2.39395e-32	0.0139325	5.25266e-33	1.95608e-34	0.0034069	0.982661
Cell_433	1.06237e-36	0.840372	1.22547e-32	1.69801e-22	0.000556941	0.159071
Cell_434	8.95362e-35	0.0140628	2.02983e-36	4.35356e-29	0.00335175	0.982585
Cell_435	6.00056e-35	0.0139396	3.14808e-31	5.34355e-25	0.00338112	0.982679
Cell_436	1.5944e-66	0.014141	5.15008e-46	2.06544e-31	0.00334405	0.982515
Cell_437	4.91332e-19	0.412217	1.92116e-09	1.59242e-09	0.00465565	0.583128
Cell_438	1.38828e-11	0.0120727	9.67249e-11	0.0600213	0.0768976	0.851008
Cell_439	1.41927e-21	0.0141205	1.84907e-22	2.01489e-23	0.00340251	0.982477
Cell_440	1.20454e-48	0.014026	2.73338e-50	1.63125e-44	0.00333384	0.98264
Cell_441	0.977357	5.67542e-22	0.0223998	0.000231737	1.19154e-05	4.00128e-20
Cell_442	2.31245e-71	3.87349e-09	3.68752e-67	1.21909e-12	1	2.732e-07
Cell_443	0.976861	2.38859e-21	0.0221168	0.000972367	4.99972e-05	1.67894e-19
Cell_444	6.00037e-46	1	1.31657e-46	2.79637e-42	1.82023e-22	5.24435e-20
Cell_445	7.48115e-65	0.0139727	3.36951e-61	1.10309e-31	0.00334399	0.982683
Cell_446	7.53792e-58	0.0139721	2.12786e-39	1.27964e-18	0.00477784	0.98125
Cell_447	6.76791e-38	0.013955	7.86035e-31	7.43611e-31	0.00334612	0.982699
Cell_448	7.78924e-44	0.0139353	4.98813e-29	1.41817e-16	0.00376221	0.982303
Cell_449	4.64267e-46	0.0139397	3.43896e-23	1.3912e-22	0.00341917	0.982641
Cell_450	1.48311e-70	1	9.47374e-64	1.14893e-56	2.0836e-25	6.13168e-23
Cell_451	1.66074e-37	0.0194864	1.44586e-30	1.28148e-24	0.00336661	0.977147
Cell_452	2.33901e-54	0.0211986	2.7228e-29	5.40082e-30	0.00332415	0.975477
Cell_453	9.96727e-16	0.0691178	2.34663e-17	3.50173e-17	0.00348939	0.927393
Cell_454	2.67971e-94	1	1.16282e-86	6.00518e-76	4.72675e-12	1.39352e-09
Cell_455	0.965358	6.09053e-17	0.0218942	0.0115418	0.00120552	4.29285e-15
Cell_456	2.94609e-55	1	4.92049e-48	1.13499e-47	1.64155e-10	4.83689e-08
Cell_457	1.8366e-23	0.014012	2.12838e-11	2.67124e-09	0.0078097	0.978178
Cell_458	0.967369	4.71351e-23	0.0269168	0.00544321	0.000271246	3.32444e-21
Cell_459	2.46728e-66	0.0140209	1.05128e-67	4.94804e-14	0.00425215	0.981727
Cell_460	6.68073e-47	0.0139475	7.70643e-43	5.93989e-32	0.00334348	0.982709
Cell_461	3.55126e-42	2.16912e-10	7.75031e-27	2.08334e-10	1	5.08838e-12
Cell_462	1.05846e-93	0.0142186	1.92863e-76	3.02389e-33	0.00334015	0.982441
Cell_463	3.5944e-60	1	1.11938e-55	5.57433e-47	1.73369e-20	5.08598e-18
Cell_464	2.19878e-99	0.0139365	9.91688e-95	2.26778e-66	0.00333323	0.98273
Cell_465	2.84747e-80	0.0147282	1.29044e-59	3.02233e-33	0.00333842	0.981933
Cell_466	4.27183e-66	1	4.82143e-58	6.19509e-50	8.10457e-15	2.38738e-12
Cell_467	3.80368e-53	1	3.16895e-40	5.53165e-40	2.0849e-14	6.10956e-12
Cell_468	3.81654e-86	0.0142563	1.29528e-72	4.10616e-37	0.00333579	0.982408
Cell_469	1.0051e-45	0.0139444	1.83102e-37	5.34353e-25	0.0033811	0.982675
Cell_470	1.02941e-51	1.245e-05	2.6064e-39	1.75612e-14	0.999109	0.000878183
Cell_471	1.66316e-50	0.0140652	6.54667e-28	7.98352e-24	0.00608483	0.97985
Cell_472	1.75927e-32	1.35458e-13	2.28638e-22	0.942142	0.057858	9.54588e-12
Cell_473	4.49879e-76	1	7.6402e-55	3.79942e-52	1.02554e-10	3.01578e-08
Cell_474	3.60945e-33	0.0139242	2.41046e-32	4.94852e-14	0.00425257	0.981823
Cell_475	1.28091e-86	1	2.33394e-69	5.00811e-39	3.16887e-17	9.20992e-15
Cell_476	7.38367e-27	0.999999	5.60099e-22	2.61209e-16	5.05907e-09	7.51549e-07
Cell_477	0.974921	5.25329e-46	0.0220656	0.00287552	0.000138327	3.70445e-44
Cell_478	7.82106e-32	0.0139531	1.71605e-32	7.90794e-24	0.00339651	0.98265
Cell_479	2.22777e-29	0.0139725	4.88804e-30	8.89721e-29	0.00335339	0.982674
Cell_480	2.51196e-60	0.013942	7.40084e-50	1.70486e-33	0.0033407	0.982717
Cell_481	0.940052	0.000466528	0.0212782	0.00232103	0.00297364	0.0329085
Cell_482	4.04852e-16	2.32861e-18	5.69886e-15	0.951097	0.0489035	1.64221e-16
Cell_483	0.967343	6.38741e-31	0.0219428	0.0102204	0.000494128	4.50375e-29
Cell_484	2.96597e-82	0.0140015	1.04345e-73	1.98465e-50	0.00333587	0.982663
Cell_485	1.6157e-35	1.69004e-06	9.84853e-26	3.36076e-18	0.999879	0.000119174
Cell_486	2.09478e-47	0.0139594	9.83565e-47	1.43001e-30	0.00334691	0.982694
Cell_487	2.11053e-05	0.0141618	5.18934e-07	2.39913e-08	0.00966805	0.976148
Cell_488	1.23471e-59	0.0139399	2.90691e-61	6.63516e-37	0.00333701	0.982723
Cell_489	3.05356e-53	0.0138815	5.18972e-33	4.66192e-21	0.00984556	0.976273
Cell_490	9.95623e-30	0.0139544	2.94599e-31	1.28871e-24	0.0033856	0.98266
Cell_491	5.26806e-39	0.999992	1.87269e-34	1.18551e-21	3.14499e-08	8.21147e-06
Cell_492	0.975533	6.29587e-17	0.0222989	0.00204768	0.000120652	4.42155e-15
Cell_493	1.50447e-20	0.0141832	3.41556e-22	1.41781e-16	0.00376127	0.982056
Cell_494	3.89914e-67	0.923682	5.54005e-52	7.64409e-43	0.000258097	0.0760595
Cell_495	8.18779e-72	0.999312	1.749e-70	2.22039e-37	2.33147e-06	0.00068605
Cell_496	1.0178e-36	0.0145296	3.86922e-36	7.90332e-24	0.00339453	0.982076
Cell_497	3.75386e-54	0.0140311	1.75465e-49	5.40438e-33	0.0033412	0.982628
Cell_498	2.38201e-43	0.0144028	5.40783e-45	1.83795e-28	0.00335338	0.982244
Cell_499	1.65819e-08	0.0139891	6.26767e-10	2.6713e-09	0.00780989	0.978201
Cell_500	9.35712e-71	0.0139703	7.7494e-46	1.18509e-30	0.00351303	0.982517
Cell_501	1.21362e-11	0.000512847	2.66286e-12	0.00250002	0.961541	0.0354463
Cell_502	1.81654e-38	1	3.31873e-36	3.8992e-35	3.88546e-21	1.03266e-18
Cell_503	1.35213e-26	0.0139432	1.73321e-25	2.86906e-18	0.00359906	0.982458
Cell_504	0.959001	0.00023111	0.0218451	0.00114968	0.00147293	0.0163006
Cell_505	8.62772e-70	0.0139438	4.00572e-60	7.43619e-31	0.00334616	0.98271
Cell_506	2.18879e-40	1	5.93063e-37	1.65031e-32	4.37804e-19	1.14309e-16
Cell_507	1.82446e-43	0.0139306	3.97134e-29	2.8691e-18	0.0035991	0.98247
Cell_508	1.88778e-56	0.0139623	3.73885e-35	5.52915e-34	0.00333992	0.982698
Cell_509	1.50983e-30	0.0144542	7.05735e-26	5.23691e-23	0.00340883	0.982137
Cell_510	1.16509e-60	1	2.90885e-54	2.52509e-52	4.94796e-22	1.45552e-19
Cell_511	3.84977e-43	0.000290298	4.08018e-34	1.1743e-13	0.97925	0.0204592
Cell_512	3.33119e-39	0.15379	9.76846e-22	4.24662e-14	0.00364938	0.84256
Cell_513	0.976485	5.44519e-16	0.0227414	0.000726498	4.69948e-05	3.68047e-14
Cell_514	4.38532e-54	0.999994	4.93794e-51	5.01984e-32	2.02851e-08	5.92442e-06
Cell_515	0.976878	1.36379e-16	0.0221167	0.00094735	5.81778e-05	9.59864e-15
Cell_516	9.94002e-77	0.0139339	7.93372e-56	1.6314e-44	0.00333415	0.982732
Cell_517	1.14899e-21	0.0166802	8.89078e-20	8.04987e-20	0.0034982	0.979822
Cell_518	4.85583e-61	1	2.95723e-50	3.70975e-44	6.26457e-24	1.8089e-21
Cell_519	3.26948e-33	0.0235176	2.03379e-17	1.31349e-12	0.00473406	0.971748
Cell_520	1.39169e-23	0.0139316	2.42029e-14	4.94849e-14	0.00425254	0.981816
Cell_521	4.47773e-34	0.014455	1.25331e-34	1.4115e-34	0.00335759	0.982187
Cell_522	0.947832	1.12242e-13	0.0233052	0.0269983	0.00186485	7.33609e-12
Cell_523	1.64023e-32	0.0139605	2.11709e-28	2.15409e-29	0.00335087	0.982689
Cell_524	1.1118e-24	1.38987e-25	2.31371e-16	0.286173	0.713827	9.80228e-24
Cell_525	0.975582	1.65542e-21	0.0220859	0.00221886	0.000113126	1.16601e-19
Cell_526	1.33202e-20	3.46615e-10	5.73037e-09	1.47568e-07	1	2.43171e-08
Cell_527	1.49499e-28	5.26336e-08	3.4302e-30	3.70868e-19	0.999996	3.71259e-06
Cell_528	0.97653	6.98912e-37	0.0221008	0.0013066	6.29516e-05	4.92167e-35
Cell_529	2.7534e-30	0.0139359	1.58083e-14	2.47366e-13	0.00447832	0.981586
Cell_530	3.0561e-46	0.0140409	7.85431e-34	2.98499e-21	0.00345315	0.982506
Cell_531	6.7645e-62	1	1.75486e-40	6.04178e-35	9.05491e-13	2.63486e-10
Cell_532	4.16649e-69	0.0139341	9.54908e-71	1.41284e-46	0.00333386	0.982732
Cell_533	4.80413e-48	0.0143357	5.34587e-45	9.65322e-26	0.00337211	0.982292
Cell_534	4.53122e-42	0.0847488	6.07972e-33	3.44293e-17	0.00343079	0.91182
Cell_535	1.98528e-28	0.0140485	7.44855e-23	2.86875e-18	0.00359867	0.982353
Cell_536	6.46826e-45	5.08845e-28	1.46997e-07	0.95383	0.0461703	3.58792e-26
Cell_537	6.14151e-35	0.99949	3.75373e-31	9.50835e-32	1.73482e-06	0.000508148
Cell_538	6.66781e-57	0.0139342	1.76242e-28	1.85746e-26	0.00336736	0.982698
Cell_539	3.92211e-55	0.0139458	8.60568e-56	9.65704e-26	0.00337345	0.982681
